ID,debt_perc,mainincome_perc,owner_perc,tax_perc,flag
5986771,0.7987907926841057,0.4666666666666666,0.07234432234432231,0.17333333333333334,0.0
2595752,0.7931818181818181,0.5666666666666667,0.2068181818181818,0.0,1.0
2157913,0.8084249084249083,0.7333333333333334,0.1915750915750916,0.0,1.0
5999367,1.342063492063492,0.5333333333333333,-0.342063492063492,0.9666666666666668,0.0
1677460,1.1148919753086421,0.6333333333333333,-0.11489197530864195,0.0,1.0
5993385,1.3133928571428573,0.6333333333333334,-0.31339285714285714,0.17333333333333334,0.0
1593111,1.000925925925926,0.6333333333333333,-0.000925925925925932,0.0,1.0
5994825,0.7777777777777777,0.6333333333333333,0.2222222222222222,0.7400000000000001,0.0
5992174,1.1478075396825398,0.6333333333333333,-0.1478075396825397,0.8466666666666666,0.0
5983075,1.602628968253968,0.5333333333333333,-0.4881612856024411,1.6,0.0
5994195,0.9595833333333332,0.6333333333333333,0.040416666666666684,0.68,0.0
5983029,1.2589285714285714,0.6000000000000001,-0.25892857142857145,0.9133333333333334,0.0
5980899,1.6227941176470588,0.7333333333333334,-0.6227941176470588,0.7733333333333333,0.0
5991570,0.8621031746031745,0.7333333333333334,0.13789682539682546,1.0533333333333337,0.0
5979734,1.4201465201465202,0.6,-0.42014652014652015,0.6933333333333334,0.0
1710373,0.9740842864923748,0.5333333333333333,0.02591571350762526,0.0,1.0
5979605,1.3040849673202617,0.6,-0.3040849673202614,0.7200000000000001,0.0
5985069,1.0861772486772487,0.6333333333333334,-0.08617724867724867,0.4000000000000001,0.0
5988650,1.3953703703703706,0.6,-0.3953703703703704,1.7266666666666666,0.0
1633267,0.9423611111111112,0.6999999999999998,0.0576388888888889,0.0,1.0
5988885,0.625,0.6333333333333333,0.375,0.3333333333333333,0.0
5992621,1.6202380952380953,5.33710169675286,-0.6202380952380953,0.5266666666666667,0.0
5994902,0.9675264550264552,0.6333333333333333,0.03247354497354497,0.58,0.0
5984516,0.9625,0.55,0.037500000000000006,1.05,0.0
5997023,2.3594951122725507,0.5333333333333333,0.05362103174603172,1.4733333333333334,0.0
5981959,1.3243055555555554,0.6,-0.3243055555555556,0.4266666666666666,0.0
3328761,1.0836385836385836,0.7666666666666666,-0.08363858363858362,0.0,1.0
5994177,0.9083333333333334,0.55,0.09166666666666667,0.93,0.0
5984710,1.1316498316498316,0.5333333333333333,-0.13164983164983166,0.8666666666666667,0.0
5982862,0.9405555555555556,0.5333333333333333,0.05944444444444445,0.10666666666666667,0.0
3289525,0.9747189153439152,0.6000000000000001,0.025281084656084658,0.0,1.0
5985413,1.2853535353535352,0.6,-0.28535353535353536,0.34,0.0
5981607,1.5152777777777775,0.5666666666666667,-0.5152777777777778,0.5599999999999999,0.0
5987379,1.6110119047619047,0.6,-0.6110119047619048,0.2933333333333333,0.0
5988842,1.9328843995510665,0.6666666666666666,-0.9328843995510662,1.0133333333333334,0.0
5978613,0.6427423747276689,0.6666666666666666,0.3572576252723311,1.7,0.0
2164833,1.2944444444444445,0.6333333333333334,-0.29444444444444445,0.0,1.0
5993506,0.6308361391694725,0.7000000000000001,0.3691638608305275,1.5933333333333335,0.0
3364036,0.875,0.6,0.125,0.0,1.0
3359235,0.9669907407407408,0.6333333333333334,0.03300925925925924,0.0,1.0
1862324,1.6060846560846562,1.038167954405213,-0.6060846560846561,0.0,1.0
3096298,1.5175925925925924,0.6,-0.5175925925925925,0.0,1.0
5980487,1.2829966329966331,0.6333333333333333,-0.28299663299663297,0.66,0.0
2415872,1.4666666666666668,0.7666666666666666,-0.4666666666666666,0.0,1.0
2974918,1.3029040404040404,0.5,-0.30290404040404045,0.0,1.0
5987620,0.974621212121212,0.6,0.025378787878787883,0.3866666666666667,0.0
3054054,1.0494444444444444,0.4666666666666666,-0.04944444444444444,0.0,1.0
5992244,1.288047138047138,0.5333333333333333,-0.28804713804713805,1.24,0.0
2233087,1.4368386243386244,0.6,-0.4368386243386244,0.0,1.0
3423737,0.6194444444444444,0.6333333333333333,0.3805555555555555,0.0,1.0
5985608,1.102777777777778,0.7333333333333334,-0.1027777777777778,1.1333333333333333,0.0
5982906,1.2111111111111108,0.6,-0.21111111111111114,0.9333333333333332,0.0
5991458,1.1145117845117845,0.5333333333333333,-0.1145117845117845,0.6999999999999998,0.0
5984877,1.3777777777777775,0.6666666666666666,-0.1717126046463021,1.24,0.0
5983294,1.5907536907536908,0.7333333333333334,-0.5907536907536908,1.2466666666666666,0.0
1987988,0.9524636243386244,0.5,0.04753637566137566,0.0,1.0
5982100,1.6302827380952385,0.5,-0.6302827380952382,0.928544597876892,0.0
5991079,1.2922619047619046,0.5333333333333333,-0.2922619047619048,1.8533333333333333,0.0
5992499,1.147753357753358,0.5666666666666668,-0.14775335775335774,1.0200000000000002,0.0
2949703,0.8115536492374728,0.5666666666666667,0.1884463507625272,0.0,1.0
5978244,1.5978114478114478,0.5666666666666667,-0.5978114478114478,1.4866666666666666,0.0
1955269,0.9571338383838384,0.6,0.0428661616161616,0.0,1.0
5990880,0.4981481481481482,0.6,0.5018518518518519,1.4533333333333334,0.0
5992773,1.300274725274725,0.6,-0.3002747252747253,0.3533333333333333,0.0
5994116,1.4275545634920634,0.5,-0.42755456349206333,1.86,0.0
5990116,1.0666666666666669,0.6333333333333334,-0.06666666666666668,0.9333333333333332,0.0
5993344,1.0722222222222222,0.6666666666666666,-0.0722222222222222,0.6933333333333334,0.0
5982265,0.9693452380952379,0.6666666666666666,0.030654761904761886,1.3266666666666669,0.0
2969383,0.6569759342957814,0.6,0.3932868285266576,0.0,1.0
5980746,1.2412698412698413,0.5333333333333333,-0.2412698412698412,0.7466666666666666,0.0
2425005,0.98484477124183,0.6,0.015155228758169915,0.0,1.0
2477621,1.5647130647130645,0.6,-0.5647130647130647,0.0,1.0
1954206,1.25,0.6666666666666666,-0.25,0.0,1.0
1552935,1.2416666666666667,0.6,-0.2416666666666667,0.0,1.0
5989370,1.425,0.65,-0.425,0.32,0.0
5984311,1.2611111111111108,0.5242765020101829,-0.2611111111111111,0.3466666666666667,0.0
5985563,0.8119075369075369,0.43333333333333335,0.18809246309246308,0.4866666666666666,0.0
5981653,0.974452861952862,0.5,0.025547138047138082,0.2466666666666667,0.0
5985058,0.9717171717171716,0.5666666666666667,0.02828282828282828,0.7066666666666667,0.0
5995602,1.3084452584452586,0.5,-0.30844525844525844,0.9733333333333332,0.0
5978910,1.6234126984126984,0.6333333333333334,-0.6234126984126984,0.37333333333333335,0.0
5987304,1.297057387057387,0.6,-0.2970573870573871,1.106666666666667,0.0
1810387,2.3906849575497424,0.6333333333333334,-0.6525157468693874,0.0,1.0
5996145,0.9730820105820106,0.7333333333333334,0.0269179894179894,1.32,0.0
5984035,1.1638888888888892,0.4666666666666666,-0.16388888888888895,0.48,0.0
5978139,1.3305555555555555,0.5666666666666667,-0.33055555555555555,0.24,0.0
5979615,1.601266339869281,0.5333333333333333,-0.601266339869281,0.34,0.0
5982570,1.469124579124579,0.7000000000000001,-0.4691245791245791,1.8266666666666669,0.0
5982371,1.4495573870573872,0.5666666666666665,-0.4495573870573871,0.2466666666666667,0.0
5997493,0.6144841269841269,0.5666666666666668,0.3855158730158729,0.5866666666666667,0.0
2863243,0.9784447034447036,0.5333333333333333,0.02155529655529655,0.0,1.0
5990363,1.1111111111111112,0.6666666666666666,-0.11111111111111112,0.8733333333333334,0.0
5992105,0.6423271173271173,0.6333333333333333,0.3576728826728826,1.1133333333333333,0.0
5979119,0.6321759259259261,0.5333333333333333,0.3678240740740741,0.38,0.0
3055176,1.3344444444444443,0.5,-0.3344444444444445,0.0,1.0
5978747,1.3028795278795278,0.5,-0.3028795278795278,1.1,0.0
5987792,0.8179090354090355,0.6999999999999998,0.1820909645909646,0.9266666666666667,0.0
5987157,1.7731150793650794,0.6000000000000001,-0.7731150793650795,1.0333333333333334,0.0
5985783,1.4472222222222222,0.6666666666666666,-0.44722222222222224,0.9933333333333332,0.0
5985963,0.5481481481481482,0.6333333333333333,0.4518518518518519,0.26,0.0
5986987,1.5771854575163398,0.6666666666666666,-0.5771854575163399,0.4733333333333334,0.0
5995710,1.0607142857142855,0.6999999999999998,-0.06071428571428573,0.34,0.0
5980108,0.9685353535353536,0.6666666666666666,0.03146464646464646,0.4000000000000001,0.0
5981580,0.9505952380952379,0.5666666666666668,0.04940476190476192,0.6466666666666666,0.0
5992595,0.9555555555555556,0.6333333333333334,0.04444444444444443,0.4266666666666667,0.0
5995869,0.6788194444444444,0.6499999999999999,0.3211805555555556,1.45,0.0
5984607,1.1406593406593406,0.8391259618531354,-0.14065934065934066,0.7399999999999999,0.0
5981730,1.2839037698412696,0.2929963180843837,-0.28390376984126986,0.8133333333333334,0.0
5995131,1.690351430073871,0.6666666666666666,-0.8130624694990836,1.1589742422942741,0.0
2063670,1.2976430976430977,3.2317648366190648,-0.29764309764309765,0.0,1.0
1657325,0.4444444444444444,0.6666666666666666,0.5555555555555555,0.0,1.0
5989909,1.7656746031746031,0.5666666666666668,-0.7656746031746032,0.8000000000000002,0.0
2596700,0.8680555555555555,0.5666666666666668,0.13194444444444442,0.0,1.0
5987935,1.0988888888888888,0.5,-0.0988888888888889,0.6666666666666666,0.0
5994026,1.2888431013431012,0.5333333333333333,-0.28884310134310137,1.2933333333333332,0.0
5994927,1.1910052910052908,0.6,-0.4643085571724548,1.2533333333333334,0.0
5980739,1.2541666666666669,0.5333333333333333,-0.2541666666666667,0.7000000000000001,0.0
5981552,0.9316666666666666,0.6333333333333334,0.06833333333333333,1.08,0.0
5997238,0.9779629629629628,0.6,0.02203703703703704,1.5133333333333334,0.0
5996379,1.142472804972805,0.5666666666666668,-0.14247280497280496,0.9866666666666668,0.0
5981284,0.6527777777777778,0.5666666666666667,0.3472222222222221,1.4400000000000002,0.0
2722682,1.1068246568246567,0.7999999999999999,-0.10682465682465682,0.0,1.0
2125155,4.071225071225071,0.7666666666666666,-0.23777777777777775,0.0,1.0
5988737,0.9518022486772488,0.7666666666666666,0.048197751322751364,0.21333333333333332,0.0
2574214,0.7530555555555556,0.5666666666666667,0.24694444444444444,0.0,1.0
1551170,1.6038720538720537,0.6000000000000001,-0.6038720538720539,0.0,1.0
2596597,1.3857744107744108,0.6,-0.3857744107744108,0.0,1.0
5978790,0.5916666666666667,0.7666666666666666,0.4083333333333334,1.0066666666666666,0.0
5981788,0.8136616161616161,0.6333333333333333,0.18633838383838386,1.5733333333333333,0.0
5985977,1.0972222222222223,0.4369574315588015,-0.09722222222222222,0.3666666666666667,0.0
5980251,1.2678571428571432,0.5,-0.26785714285714285,0.14,0.0
5991157,0.4794871794871795,0.6,0.5205128205128204,1.6,0.0
5988711,0.8184574684574685,0.6666666666666666,0.18154253154253155,1.2066666666666668,0.0
5999210,1.106643356643357,12.19557607613013,-0.10664335664335667,0.66,0.0
5998685,1.4328282828282832,0.5666666666666668,-0.4328282828282829,1.4333333333333331,0.0
5988342,1.1405555555555555,0.6,-0.14055555555555554,0.6133333333333334,0.0
5980804,1.3416666666666668,0.4666666666666666,-0.3416666666666666,0.9066666666666668,0.0
5994451,1.3175925925925924,0.6333333333333333,-0.3175925925925926,0.6533333333333333,0.0
5998361,0.8333333333333333,0.65,0.16666666666666666,1.47,0.0
5980684,1.3042929292929293,0.5333333333333333,-0.3042929292929293,0.7466666666666667,0.0
5997561,3.987917455972015,0.5333333333333333,-0.11745661745661745,1.7133333333333332,0.0
5995624,1.1005952380952382,0.5333333333333333,-0.10059523809523813,0.62,0.0
5993904,1.4541208791208793,0.4666666666666666,-0.4541208791208791,0.10666666666666667,0.0
5998707,1.4359477124183009,0.7333333333333334,-0.4359477124183007,0.32,0.0
2084055,1.6197191697191695,0.6333333333333333,-0.6197191697191697,0.0,1.0
5992843,1.3583333333333334,0.6666666666666666,-0.3583333333333333,1.086666666666667,0.0
5986508,1.0372023809523812,0.7333333333333334,-0.03720238095238093,1.1933333333333334,0.0
5981608,1.1930555555555555,0.6666666666666666,-0.19305555555555556,0.8066666666666666,0.0
5994818,1.7141025641025638,0.6,-0.7141025641025641,0.96,0.0
5991510,1.3805555555555555,0.7666666666666666,-0.3805555555555555,0.9333333333333332,0.0
5993517,1.1272727272727272,0.6333333333333333,-0.12727272727272726,0.4466666666666666,0.0
1644155,0.9197420634920634,0.5666666666666668,0.08025793650793651,0.0,1.0
5994844,1.133459595959596,0.6666666666666666,-0.13345959595959594,1.2666666666666666,0.0
5993254,0.7713888888888888,0.7333333333333334,0.22861111111111115,1.1133333333333333,0.0
5985906,1.8793650793650791,0.5,-0.8793650793650793,0.7599999999999999,0.0
5986596,1.4166666666666667,0.6,-0.4166666666666667,0.52,0.0
1764911,0.972753267973856,0.6333333333333334,0.0272467320261438,0.0,1.0
2708836,0.3888888888888889,0.6333333333333333,0.6111111111111112,0.0,1.0
1970630,1.3654100529100528,0.8000000000000002,-0.36541005291005296,0.0,1.0
2549586,1.1084722222222219,0.5333333333333333,-0.10847222222222223,0.0,1.0
1897467,1.8384980166528413,0.6666666666666666,-0.7505494505494505,0.0,1.0
1840116,1.051776094276094,0.4666666666666666,0.0256313131313131,0.0,1.0
5990525,0.964041514041514,0.6333333333333333,0.03595848595848596,0.43333333333333335,0.0
5987314,1.1157738095238094,0.6333333333333333,-0.11577380952380953,0.84,0.0
2656625,1.4395238095238094,0.531714589272921,-0.4395238095238095,0.0,1.0
5978668,1.1426892551892551,0.4200767152623237,-0.1426892551892552,0.6733333333333333,0.0
5985947,0.5777777777777778,0.5333333333333333,0.4222222222222223,0.8466666666666667,0.0
1558244,0.9665849673202614,0.7999999999999999,0.033415032679738554,0.0,1.0
5983320,1.2587962962962962,0.7999999999999999,-0.2587962962962963,0.9466666666666668,0.0
5983830,1.131986531986532,0.6333333333333334,-0.131986531986532,0.2733333333333333,0.0
5984958,0.9563422688422688,0.6333333333333333,0.0436577311577312,1.14,0.0
5981464,0.9111111111111112,0.6666666666666666,0.08888888888888889,2.0733333333333333,0.0
5987236,1.454092261904762,0.6,-0.4540922619047619,2.5,0.0
3220556,0.7983681376884971,0.5666666666666668,0.18453703703703705,0.0,1.0
5981679,1.4111111111111112,0.5666666666666668,-0.4111111111111112,0.4133333333333333,0.0
5978097,0.7702380952380953,0.5,0.14124159137045733,1.18,0.0
5997651,0.974048174048174,0.5666666666666667,0.025951825951825956,0.2466666666666667,0.0
5978217,0.7914983164983166,0.7333333333333333,0.20850168350168352,0.46,0.0
5990502,1.013888888888889,0.6,-0.013888888888888876,0.5933333333333334,0.0
1992134,3.3373961365841818,0.5666666666666665,-0.09444444444444444,0.6482397598253272,1.0
5984308,1.3091707516339872,0.6,-0.3091707516339869,0.26666666666666666,0.0
5999285,1.082493894993895,0.6333333333333333,-0.08249389499389499,0.9533333333333336,0.0
5991878,1.3826599326599327,0.7333333333333334,-0.38265993265993264,0.21333333333333332,0.0
5995063,1.0789814814814815,0.58453439578275,-0.07898148148148147,1.5733333333333337,0.0
5983912,1.3305555555555555,0.6999999999999998,-0.6562898973677092,1.4466666666666663,0.0
5984146,1.0757187257187255,0.7333333333333334,0.14928299591058894,0.62,0.0
5979210,0.9027777777777778,0.7000000000000001,0.0972222222222222,0.7600000000000001,0.0
5998737,0.7846240179573513,0.5666666666666665,0.2153759820426487,1.08,0.0
5982102,0.9543698380373232,0.5333333333333333,0.06664192438678174,0.1025214114908926,0.0
5996518,0.8472222222222223,0.5333333333333333,0.15277777777777776,0.9266666666666666,0.0
5978106,0.7805555555555556,0.4666666666666666,0.21944444444444444,0.9666666666666668,0.0
5981161,1.455392156862745,0.6333333333333333,-0.4553921568627451,1.34,0.0
2546550,1.3661044973544971,0.5666666666666665,-0.3661044973544974,0.0,1.0
5990398,1.2696428571428569,0.5666666666666667,-0.26964285714285713,1.0666666666666669,0.0
5994162,1.2733211233211237,0.5666666666666667,-0.2733211233211233,1.6066666666666665,0.0
5998631,0.8122248122248122,0.5333333333333333,0.18777518777518776,0.7399999999999999,0.0
5999416,0.7675925925925925,0.6333333333333333,0.23240740740740745,0.2533333333333333,0.0
2171257,1.352777777777778,0.5666666666666668,-0.3527777777777778,0.0,1.0
5992698,0.6538943355119826,0.5333333333333333,0.3461056644880174,0.7399999999999999,0.0
5997026,0.5625,0.5666666666666667,0.4375,0.6866666666666666,0.0
5993427,1.1081481481481479,0.6333333333333333,-0.10814814814814816,0.17333333333333334,0.0
2636072,1.311370573870574,0.6,-0.33241814403925435,0.07526334150510265,1.0
5995372,0.953030303030303,0.6,0.04696969696969699,0.42,0.0
5982068,1.3011675824175823,0.5,-0.3011675824175824,1.2,0.0
5991678,1.4296957671957669,0.4666666666666666,-0.4296957671957672,1.2466666666666668,0.0
5993596,1.2952886710239653,0.5,-0.2952886710239651,0.13333333333333333,0.0
2300357,0.9247659897929305,0.4014152349388541,-0.1700611664560422,0.0,1.0
1651314,1.3039141414141413,0.6,-0.3039141414141414,0.0,1.0
3123133,0.9751984126984128,0.5333333333333333,0.024801587301587286,0.0,1.0
1522375,0.9277777777777776,0.6666666666666666,0.07222222222222219,0.0,1.0
5982213,1.2525925925925925,0.5,-0.2525925925925925,1.3333333333333333,0.0
5987748,1.1544142654103358,0.5333333333333333,-0.17242702485147746,0.7609358224600399,0.0
5984442,0.5944444444444444,0.7000000000000001,0.4055555555555556,1.06,0.0
5998995,1.1638888888888892,0.3805627029903232,-0.1638888888888889,0.6866666666666665,0.0
5996753,1.4413095238095242,0.5666666666666667,-0.44130952380952376,0.32,0.0
5979911,1.2989787581699346,0.6333333333333333,-0.29897875816993463,1.0133333333333334,0.0
2589157,1.2837024087024087,0.6333333333333333,-0.2837024087024087,0.0,1.0
5992534,1.312070105820106,0.6999999999999998,-0.31207010582010586,0.28,0.0
5989745,0.9451847579430984,1.0186347313498303,-0.10051310019017473,0.7534014973258771,0.0
5998974,1.0920024420024421,0.7333333333333334,-0.092002442002442,0.6533333333333334,0.0
1615742,0.6256734006734007,0.5333333333333333,0.3743265993265992,0.0,1.0
2838579,1.3005331088664422,0.5666666666666667,-0.3005331088664422,0.0,1.0
5999274,0.9686683006535948,0.5,0.03133169934640523,1.2266666666666668,0.0
2269583,0.7722222222222223,0.7666666666666666,0.22777777777777775,0.0,1.0
5997569,1.2520833333333334,0.5333333333333333,-0.2520833333333333,0.6133333333333334,0.0
5988497,1.2669108669108669,0.6054808535733985,-0.2669108669108669,1.153333333333333,0.0
2364490,1.2888431013431012,0.6,-0.28884310134310137,0.0,1.0
2584919,1.4035353535353534,0.5666666666666668,-0.4035353535353536,0.0,1.0
5985842,1.2895337301587302,0.6333333333333333,-0.2895337301587301,0.6266666666666666,0.0
5984407,1.2939814814814814,0.6333333333333333,-0.2939814814814815,1.6466666666666667,0.0
1582766,0.4861111111111111,0.6333333333333333,0.5138888888888888,0.0,1.0
5992299,1.099915824915825,0.6000000000000001,-0.09991582491582494,0.4133333333333333,0.0
5978575,1.2182400932400934,0.4666666666666666,-0.2182400932400933,0.66,0.0
5997434,1.143981743276853,0.7000000000000001,-0.21504927874972327,0.12,0.0
3392573,1.1527777777777777,0.5019099260323907,-0.15277777777777776,0.0,1.0
5982417,0.8854166666666666,0.65,0.11458333333333336,0.93,0.0
5997264,0.7739814814814814,0.6000000000000001,0.2260185185185185,1.3133333333333332,0.0
5986853,2.6142340292837805,0.5666666666666668,-0.3105921855921856,0.62,0.0
5995006,1.5939814814814817,0.7666666666666666,-0.5939814814814816,0.26666666666666666,0.0
5983430,1.0962081128747794,0.5333333333333333,-0.09620811287477957,0.5133333333333333,0.0
3176844,0.9675289987789988,0.7333333333333334,0.03247100122100122,0.0,1.0
5979523,1.1062169312169312,0.7999999999999999,-0.10621693121693122,1.0,0.0
2886138,1.4484788359788359,0.6999999999999998,-0.448478835978836,0.0,1.0
2796048,1.1368437118437118,0.6,-0.13684371184371186,0.0,1.0
3112319,1.4610119047619048,0.6,-0.4610119047619048,0.0,1.0
5982942,1.3988766788766789,0.43333333333333335,-0.3988766788766789,0.8133333333333335,0.0
5986496,0.9488095238095238,0.55,0.05119047619047619,0.9,0.0
5999403,1.6127410130718955,0.5666666666666668,-0.6127410130718954,0.7235080500894454,0.0
1629695,0.9648148148148148,0.6,0.03518518518518519,0.0,1.0
5987740,1.446527777777778,0.6,-0.4465277777777778,0.94,0.0
5987903,0.9626960784313726,0.6333333333333334,0.03730392156862746,1.0533333333333337,0.0
1728264,1.2091269841269843,0.5275094674571797,-0.20912698412698413,0.0,1.0
5979096,0.4873015873015873,0.7,0.5126984126984127,1.5599999999999998,0.0
5989534,1.4230639730639731,0.5666666666666668,-0.4230639730639731,1.2266666666666666,0.0
5992089,1.0676543209876543,0.4666666666666666,-0.06765432098765434,1.606666666666667,0.0
2220520,1.15,0.7,-0.15,0.0,1.0
5994746,0.813260582010582,0.4666666666666666,0.186739417989418,0.12666666666666668,0.0
5981411,1.135168650793651,0.4666666666666666,-0.1351686507936508,0.7066666666666667,0.0
5996149,1.4104377104377104,0.5333333333333333,-0.4104377104377104,0.62,0.0
5989410,1.2644781144781143,0.6,-0.2644781144781145,0.9333333333333336,0.0
5996108,1.6851851851851851,0.5666666666666668,-0.6851851851851852,0.7333333333333334,0.0
2002343,1.2780773420479303,0.5,-0.2780773420479303,0.0,1.0
1946062,1.2269607843137256,0.6000000000000001,-0.22696078431372546,0.0,1.0
5980648,1.4529761904761906,0.6666666666666666,-0.4529761904761905,1.22,0.0
5983628,1.3583333333333334,0.5666666666666667,-0.3583333333333334,0.4733333333333333,0.0
2345777,0.6568249130071241,0.6666666666666666,0.2956401793856601,0.0,1.0
5991036,1.102777777777778,0.5333333333333333,-0.1027777777777778,0.7600000000000001,0.0
5997608,1.1148351648351646,0.5666666666666667,-0.11483516483516487,0.7066666666666667,0.0
2810629,1.1288800705467372,0.5666666666666668,-0.12888007054673722,0.0,1.0
5997408,1.9205387205387203,0.6000000000000001,-0.9205387205387204,0.32666666666666666,0.0
5989589,0.9391666666666666,0.5333333333333333,0.06083333333333332,1.5133333333333334,0.0
5985765,0.6365740740740741,0.6666666666666666,0.3634259259259259,0.9733333333333332,0.0
5982341,1.0546662527505746,0.7333333333333334,0.4496544124243853,0.2266666666666667,0.0
5996015,0.3194444444444444,0.5666666666666667,0.6805555555555555,0.04,0.0
5991085,1.5666666666666669,0.6666666666666666,-0.5666666666666667,1.5133333333333334,0.0
2119217,1.1246632996632997,0.5666666666666667,-0.1246632996632997,0.0,1.0
5991218,0.7852777777777779,0.5333333333333333,0.21472222222222226,0.37333333333333335,0.0
5980402,1.0999007936507936,0.5333333333333333,-0.09990079365079367,1.4933333333333332,0.0
5993349,1.22711416854119,0.4666666666666666,-0.2797685707266245,0.5978764782516525,0.0
5981658,1.6096836419753089,0.5666666666666668,-0.6096836419753087,0.9066666666666668,0.0
5981613,1.7896632996632995,0.6666666666666666,-0.7896632996632996,0.26666666666666666,0.0
2623906,0.9254629629629629,0.6333333333333333,0.07453703703703707,0.0,1.0
2204006,0.811489898989899,0.6,0.18851010101010104,0.0,1.0
5980922,1.4638278388278387,0.5,-0.4638278388278388,1.3866666666666667,0.0
2538016,0.6508850762527233,0.6333333333333333,0.34911492374727665,0.0,1.0
5980294,0.6944444444444445,0.5,0.3055555555555555,0.12,0.0
5990185,1.0592592592592591,0.6,-0.05925925925925924,1.2,0.0
5983613,1.5921041921041919,0.6,-0.5921041921041921,0.26666666666666666,0.0
5992027,0.5,0.5,0.5,1.4466666666666663,0.0
5986812,1.3101851851851851,0.8000000000000002,-0.3101851851851852,1.28,0.0
2511350,0.9655092592592592,0.6999999999999998,0.034490740740740745,0.0,1.0
5997271,0.7844212962962963,0.6666666666666666,0.21557870370370366,0.6133333333333334,0.0
5981922,0.8333333333333334,0.6,0.16666666666666666,0.3466666666666667,0.0
5997267,0.7887667887667887,0.4666666666666666,-0.19520929088284256,0.3133333333333333,0.0
1917109,0.9607744107744108,0.6000000000000001,0.039225589225589226,0.0,1.0
2285498,1.176984126984127,0.6666666666666666,-0.17698412698412697,0.0,1.0
5990805,1.2711419753086421,0.7333333333333334,-0.27114197530864204,1.5465422255627506,0.0
5999415,1.4455555555555553,0.5,-0.4455555555555555,0.8000000000000002,0.0
5982959,0.9194444444444444,0.6666666666666666,0.08055555555555555,1.0266666666666666,0.0
5985879,1.1275335775335775,0.6666666666666666,-0.12753357753357752,1.6466666666666665,0.0
1518087,0.6468355718355718,0.7423932114057908,0.13851629655516576,0.0,1.0
2058220,0.9629426129426132,0.4666666666666666,0.03705738705738707,0.0,1.0
2596663,0.5924908581841387,0.5666666666666667,0.10700718859682412,0.0,1.0
5978093,1.3009259259259258,0.6333333333333334,-0.30092592592592593,0.2733333333333334,0.0
5978288,1.3601010101010098,0.6333333333333333,-0.3601010101010101,0.4733333333333333,0.0
5981033,0.8208485958485959,0.6666666666666666,0.1791514041514041,1.0,0.0
2792867,1.6250992063492065,0.5333333333333333,-0.6250992063492063,0.15318379027943185,1.0
1942476,1.1726190476190477,0.6333333333333333,-0.1726190476190476,0.0,1.0
5986432,1.4454761904761906,0.6333333333333333,-0.4454761904761905,0.26,0.0
5995110,1.027777777777778,0.5666666666666665,-0.02777777777777777,0.5599999999999999,0.0
5997835,1.9094276094276093,0.6333333333333333,-0.9094276094276094,2.24,0.0
3305827,1.1432688492063492,0.7666666666666666,-0.14326884920634922,0.0,1.0
5995997,1.4367845117845115,0.6333333333333333,-0.4367845117845118,1.7866666666666668,0.0
5998736,1.1666666666666667,0.6333333333333334,-1.5986655856221077,0.5133333333333333,0.0
1686244,1.6231753812636167,0.6666666666666666,-0.6231753812636166,0.0,1.0
3153727,0.9611477411477409,0.6333333333333333,0.03885225885225885,0.0,1.0
5989111,1.1090909090909091,0.5333333333333333,-0.10909090909090913,1.906666666666667,0.0
2608612,1.844356261022928,0.6,-0.8443562610229277,0.0,1.0
5994521,1.1324074074074073,0.5666666666666667,-0.13240740740740742,0.39333333333333337,0.0
5993300,1.1120089786756453,0.6333333333333334,-0.4463979623224629,0.9048272541230288,0.0
1665627,1.619189814814815,0.6333333333333333,-0.6191898148148148,0.0,1.0
5993905,0.8020757020757022,0.6999999999999998,0.1979242979242979,1.08,0.0
1735770,1.4714203042328042,0.6666666666666666,-0.4714203042328042,0.0,1.0
5978096,0.6722222222222222,0.6000000000000001,0.3277777777777778,0.7000000000000001,0.0
5984636,1.1953703703703704,0.5333333333333333,-0.1953703703703704,0.6333333333333333,0.0
5991982,0.8068518518518518,0.5666666666666668,0.19314814814814812,0.8533333333333334,0.0
5991022,1.295848595848596,0.5333333333333333,-0.29584859584859585,0.8866666666666667,0.0
5991765,1.1198038073038072,0.6666666666666666,-0.1198038073038073,0.14,0.0
5986874,1.6312779812779814,0.6333333333333333,-0.6312779812779813,0.6666666666666666,0.0
5987791,0.9578245828245828,0.6,0.04217541717541714,0.3533333333333333,0.0
5994536,1.9345454545454543,0.45,-0.9345454545454546,1.36,0.0
2440947,1.6838624338624335,0.5,-0.6838624338624338,0.0,1.0
2436398,0.9429276673759764,0.6333333333333333,-0.06695978403250237,0.0,1.0
5986217,1.2827579365079365,0.5333333333333333,-0.2827579365079365,1.2533333333333332,0.0
5981331,1.437742812742813,0.5333333333333333,-0.4377428127428128,0.36000000000000004,0.0
5997028,1.2839285714285713,0.5666666666666667,-0.2839285714285715,1.633333333333333,0.0
5978846,0.7916666666666666,0.6999999999999998,0.20833333333333331,0.30666666666666664,0.0
5980563,1.093862433862434,0.5333333333333333,-0.09386243386243384,0.5466666666666667,0.0
5983932,0.7166666666666667,0.6666666666666666,0.2833333333333333,0.37333333333333335,0.0
5997417,1.7004713804713802,0.6666666666666666,-0.7004713804713805,0.5666666666666667,0.0
5994646,1.1837962962962962,0.6333333333333333,-0.18379629629629632,1.2,0.0
5980382,1.1388278388278388,0.5333333333333333,-0.13882783882783878,0.4533333333333334,0.0
5981031,1.1083638583638584,0.5,-0.10836385836385833,0.4866666666666666,0.0
5979222,1.3888888888888893,0.6,-0.3888888888888889,0.7600000000000001,0.0
5991997,1.4543981481481485,0.6,-0.4543981481481481,0.6066666666666667,0.0
5991680,1.2745701058201058,0.5333333333333333,-0.2745701058201058,0.5666666666666668,0.0
3210287,1.7444444444444445,0.5,-0.7444444444444445,0.0,1.0
2188509,1.3611111111111107,0.7333333333333334,-0.3611111111111111,0.0,1.0
1985078,1.4137529137529141,0.6,-0.4137529137529137,0.0,1.0
5988395,1.1430555555555555,0.6666666666666666,-0.14305555555555555,0.7400000000000001,0.0
5997752,1.5833333333333333,0.6,-0.5833333333333334,1.1533333333333329,0.0
5981953,0.8098778998778998,0.6666666666666666,0.19012210012210007,1.1933333333333334,0.0
5994820,0.4782407407407408,0.6999999999999998,0.5217592592592593,0.2533333333333333,0.0
5982141,1.4556547619047615,0.7000000000000001,-0.4556547619047619,1.0599999999999998,0.0
5983011,1.459169472502806,0.4666666666666666,-0.4591694725028059,1.64,0.0
5997644,1.0444444444444445,0.43333333333333335,-0.04444444444444445,1.1,0.0
5988893,0.7379629629629628,0.6333333333333334,0.2620370370370371,1.22,0.0
5989144,1.0674603174603174,0.6333333333333333,-0.06746031746031744,1.4666666666666668,0.0
5997826,0.96984126984127,0.5333333333333333,0.030158730158730163,0.7933333333333333,0.0
1984185,1.292020697167756,0.5333333333333333,-0.292020697167756,0.0,1.0
2364243,1.2766357179501473,0.5333333333333333,-0.11423982937633198,0.0,1.0
5995868,1.1169444444444443,0.6,-0.11694444444444445,0.05333333333333334,0.0
5990288,4.2548013998250225,0.5333333333333333,0.25833333333333336,1.8133333333333328,0.0
5978897,1.0993386243386245,0.6666666666666666,-0.09933862433862437,0.7000000000000001,0.0
5984752,1.4674603174603174,0.6999999999999998,-0.4674603174603174,0.92,0.0
5986578,1.91875,0.4,-0.91875,0.22,0.0
5983993,1.2161111111111111,0.7,-0.2161111111111111,0.71,0.0
5995096,0.935648148148148,0.7333333333333334,0.06435185185185187,0.84,0.0
5998822,1.9582516339869285,0.5,-0.958251633986928,0.7333333333333334,0.0
5979586,1.6339460784313726,0.5333333333333333,-0.6339460784313725,0.2733333333333333,0.0
3428260,0.7925595238095239,0.7000000000000001,0.20744047619047612,0.0,1.0
5998486,0.8813492063492063,0.5333333333333333,0.11865079365079367,0.14666666666666667,0.0
5993830,1.5766317016317015,0.6999999999999998,-0.5766317016317016,0.9533333333333336,0.0
2623045,1.4431474673202616,0.4666666666666666,-0.4431474673202615,0.0,1.0
5983278,0.7924933862433862,0.4666666666666666,0.20750661375661372,0.24,0.0
5979955,0.6763888888888889,0.6,0.3236111111111111,0.6533333333333333,0.0
3042822,0.9488400488400488,0.4666666666666666,0.051159951159951166,0.0,1.0
5980665,1.434920634920635,0.5,-0.4349206349206349,0.7866666666666666,0.0
5979385,0.9442460317460316,0.6666666666666666,0.05575396825396825,0.2266666666666667,0.0
5990114,0.928125,0.7333333333333334,0.07187500000000001,1.2066666666666668,0.0
5980830,1.4499007936507935,0.5666666666666667,-0.4499007936507937,0.94,0.0
5988283,1.297496947496947,0.7333333333333334,-0.2974969474969475,0.6050417833105767,0.0
5997385,1.2722222222222224,0.4678052736874882,-0.2722222222222222,0.48,0.0
2824085,1.6376984126984129,0.4429675045023882,-0.6376984126984127,0.0,1.0
5993966,1.0736111111111108,0.6333333333333334,-0.07361111111111111,0.7400000000000001,0.0
2574276,1.5987962962962965,0.43333333333333335,-0.5987962962962963,0.0,1.0
2629721,1.9525757575757572,0.5,-0.9525757575757576,0.0,1.0
3282160,0.8041161616161615,0.5,0.1958838383838384,0.0,1.0
5996874,1.4023148148148146,0.43333333333333335,-0.4023148148148148,1.2066666666666668,0.0
5997522,0.7787037037037038,0.6999999999999998,0.22129629629629632,0.5866666666666667,0.0
5991011,1.3416666666666668,0.6333333333333333,-0.3416666666666666,0.5599999999999999,0.0
5986468,1.1460988562091503,0.7333333333333334,-0.1460988562091503,0.64,0.0
5980488,1.803083028083028,0.6666666666666666,-0.8030830280830279,1.0466666666666666,0.0
5983970,1.615824915824916,0.7333333333333334,-0.6158249158249158,1.0933333333333333,0.0
5988814,1.1736111111111112,0.5333333333333333,-0.17361111111111108,1.4333333333333331,0.0
2554080,1.2138888888888888,0.5666666666666668,-0.2138888888888889,0.0,1.0
5993679,1.2635003885003886,0.5,-0.2635003885003885,0.013333333333333334,0.0
1873027,1.30485347985348,0.6666666666666666,-0.3048534798534798,0.0,1.0
5995012,1.2094289717720679,0.6666666666666666,-0.4216006216006216,0.8266666666666667,0.0
5992229,1.238095238095238,0.5333333333333333,-0.2380952380952381,1.653333333333333,0.0
5998383,0.8115995115995115,0.6333333333333333,0.1884004884004884,1.0066666666666666,0.0
5980252,1.4138095238095236,0.6333333333333334,-0.4138095238095239,1.0266666666666666,0.0
5981556,0.7777777777777777,0.6333333333333333,0.22222222222222224,0.4066666666666667,0.0
5995225,1.4618686868686868,0.6666666666666666,-0.4618686868686869,1.3266666666666669,0.0
5996980,0.5930555555555556,0.6,0.4069444444444444,0.8000000000000002,0.0
5992865,1.022222222222222,0.7666666666666666,-0.022222222222222216,1.3,0.0
5994317,1.0546296296296296,0.6999999999999998,-0.05462962962962962,0.8133333333333335,0.0
2127160,1.2909523809523809,0.3758150513823968,-0.2909523809523809,0.0,1.0
5994638,1.025079365079365,0.5666666666666665,-0.025079365079365062,1.346666666666667,0.0
5992747,1.5666666666666669,0.6,-0.5666666666666667,1.3066666666666666,0.0
5984453,1.494597676350934,0.5666666666666667,-0.6469862497278133,1.032938358319875,0.0
2768604,1.1722222222222225,0.5666666666666667,-0.1722222222222222,0.0,1.0
5984133,1.2928308823529409,0.6999999999999998,-0.2928308823529412,0.4,0.0
3073513,0.9747474747474746,0.7666666666666666,0.025252525252525262,0.0,1.0
2264475,1.5789772727272726,0.5333333333333333,-0.5789772727272727,0.0,1.0
5985813,0.7860615079365079,0.5333333333333333,0.21393849206349205,0.88,0.0
1876707,0.9451388888888888,0.5,0.05486111111111112,0.0,1.0
3350002,1.2543650793650791,0.6666666666666666,-0.2543650793650793,0.0,1.0
5997054,0.963095238095238,0.5666666666666667,0.03690476190476191,1.2266666666666666,0.0
5995073,0.9553902116402117,0.6666666666666666,0.044609788359788384,0.3333333333333333,0.0
2504538,0.6402972027972028,0.7666666666666666,0.35970279720279724,0.0,1.0
5989066,1.1402369281045752,0.6,-0.1402369281045752,0.9733333333333332,0.0
5993080,1.4214814814814811,0.8395886176491377,-0.4214814814814815,0.26,0.0
5995245,0.9481481481481482,0.6666666666666666,0.05185185185185185,0.82,0.0
5983745,1.2994200244200245,0.5666666666666668,-0.2994200244200244,0.3133333333333333,0.0
2562557,1.15093954248366,0.5333333333333333,-0.15093954248366012,0.0,1.0
5978332,1.2804401491887114,0.5333333333333333,-0.5742424242424243,0.9666666666666668,0.0
5994660,1.0444444444444445,0.5333333333333333,-0.04444444444444445,0.9733333333333336,0.0
2720473,1.1311674436674437,0.6698629856374576,-0.13116744366744368,0.0,1.0
2290821,0.9354166666666668,0.4666666666666666,0.06458333333333333,0.0,1.0
5988271,0.4638888888888889,0.7666666666666666,0.5361111111111111,0.7066666666666667,0.0
2780392,1.2768849206349209,0.6333333333333333,-0.27688492063492065,0.0,1.0
1756744,0.6465740740740741,0.6,0.35342592592592603,0.0,1.0
5992763,0.9648809523809524,0.6999999999999998,0.03511904761904763,0.82,0.0
1804530,1.1352272727272723,0.6333333333333333,-0.13522727272727272,0.0,1.0
3208571,0.6385101010101011,0.6666666666666666,0.36148989898989903,0.0,1.0
5984620,1.6311577311577308,0.5429558444110868,-0.6311577311577311,0.8266666666666667,0.0
5988046,1.403968253968254,0.5,-0.4039682539682539,1.086666666666667,0.0
5993205,1.3533673271387974,0.6666666666666666,-0.325049799451285,1.0609067798483542,0.0
5992721,1.1759259259259258,0.5333333333333333,-0.17592592592592593,0.3066666666666667,0.0
3109711,0.9180555555555556,0.6000000000000001,0.08194444444444443,0.0,1.0
5988205,0.6515542328042327,0.7000000000000001,0.3484457671957672,1.78,0.0
2857466,1.5396825396825395,0.4666666666666666,-0.5396825396825397,0.0,1.0
2782555,1.2083333333333337,0.6,-0.2083333333333333,0.0,1.0
5986408,1.4187301587301588,0.7333333333333334,-0.6459550729839675,1.36,0.0
2560138,1.6348214285714284,0.5666666666666667,-0.6348214285714285,0.0,1.0
5987382,1.4345568783068785,0.6666666666666666,-0.4345568783068783,0.5,0.0
5991792,0.7826719576719577,0.6,0.21732804232804234,1.58,0.0
3331822,1.433564814814815,0.7000000000000001,-0.4335648148148148,0.0,1.0
5994454,0.9339451058201056,0.6,0.06605489417989419,1.0133333333333334,0.0
5990725,1.7261904761904765,0.6,-0.7261904761904763,0.7200000000000001,0.0
2941711,1.0013888888888889,0.5333333333333333,-0.0013888888888888744,0.0,1.0
2502199,0.8981481481481479,0.5666666666666667,0.10185185185185182,0.0,1.0
5990072,1.2467350955161527,0.5666666666666668,-0.3829033005407814,0.37333333333333335,0.0
5992286,1.3039072039072042,0.6999999999999998,-0.3039072039072039,1.7533333333333332,0.0
2902860,0.9680708180708182,0.6333333333333334,0.03192918192918191,0.0,1.0
5996174,1.7022222222222223,0.7,-0.7022222222222222,0.6599999999999999,0.0
5991043,1.2499999999999998,0.5333333333333333,-0.25,1.2066666666666668,0.0
2473584,0.9654493654493654,0.6333333333333334,0.034550634550634535,0.0,1.0
5985196,1.091524990804532,0.6999999999999998,-0.3471615039955931,0.14,0.0
5998877,0.9166666666666666,0.5666666666666667,0.08333333333333336,0.5,0.0
5993794,1.1230251230251231,0.5666666666666667,-0.12302512302512306,1.4666666666666668,0.0
5982637,2.882001117515136,0.5333333333333333,0.002777777777777791,0.26666666666666666,0.0
5988110,0.8200942460317461,0.4000000000000001,0.17990575396825395,0.7000000000000001,0.0
3249742,1.5783838383838384,0.5666666666666668,-0.5783838383838384,0.0,1.0
5987494,1.2623809523809524,0.6666666666666666,-0.2623809523809524,0.4066666666666667,0.0
5998193,0.8842592592592592,0.6333333333333334,0.11574074074074076,0.7399999999999999,0.0
5995863,1.223611111111111,0.7666666666666666,-0.2236111111111111,0.5333333333333333,0.0
5980889,0.8546296296296297,0.6666666666666666,0.14537037037037034,0.5533333333333333,0.0
5979467,1.575925925925926,0.5333333333333333,-0.5759259259259258,1.2,0.0
5984444,1.1355866355866355,0.6,-0.13558663558663558,1.22,0.0
5979343,1.3819223985890652,0.6333333333333334,-0.3819223985890652,0.9666666666666668,0.0
5998040,1.2646296296296295,0.6,-0.2646296296296296,1.0733333333333337,0.0
5991791,0.9779526029526031,0.5333333333333333,0.02204739704739704,1.0466666666666666,0.0
5988782,1.2433333333333334,0.5666666666666668,-0.2433333333333333,0.94,0.0
5991471,0.9734126984126984,1.01600916145012,0.02658730158730157,0.44,0.0
5983681,0.4906935845162589,0.6666666666666666,0.030952380952380957,1.2533333333333332,0.0
5995893,1.4493686868686868,0.5666666666666667,-0.4493686868686869,1.2666666666666666,0.0
5981005,1.3979797979797977,0.6333333333333333,-0.3979797979797981,0.9,0.0
3205381,0.6382376882376882,0.5,0.3617623117623117,0.0,1.0
2652208,2.4996242153913464,0.7000000000000001,-1.049360178352604,0.0,1.0
5989245,0.9307844932844932,0.6,0.06921550671550672,0.64,0.0
5985496,0.9654040404040404,0.6,0.034595959595959604,0.6999999999999998,0.0
5994439,0.4569444444444444,0.4666666666666666,0.5430555555555555,0.39333333333333337,0.0
5980238,0.8926587301587302,0.5333333333333333,0.1073412698412698,0.8400000000000002,0.0
5992177,1.6321977124183007,0.6666666666666666,-0.6321977124183006,0.8133333333333334,0.0
2170422,0.932175925925926,0.5666666666666668,0.06782407407407409,0.0,1.0
5981904,1.2007936507936507,0.5666666666666665,-0.20079365079365086,1.4319029164453403,0.0
1618560,0.9698826058201058,0.5333333333333333,0.03011739417989416,0.0,1.0
2242689,1.4063692480359145,0.7666666666666666,-0.4063692480359147,0.0,1.0
1908880,1.7690476190476192,0.5666666666666667,-0.769047619047619,0.0,1.0
5991948,1.7349747474747474,0.6333333333333333,-0.7349747474747476,0.7600000000000001,0.0
5990020,1.5188492063492065,0.6,-0.5188492063492064,0.7000000000000001,0.0
1888138,1.3624338624338623,0.6666666666666666,-0.3624338624338624,0.0,1.0
3035734,1.0905555555555555,0.6666666666666666,-0.09055555555555554,0.0,1.0
5978641,1.2764041514041515,0.5,-0.27640415140415137,0.6666666666666666,0.0
1875528,1.7166666666666668,0.6,-0.7166666666666667,0.0,1.0
5993135,0.815933372183372,0.4666666666666666,0.18406662781662775,0.7799999999999999,0.0
3255543,1.4404040404040404,0.6333333333333333,-0.4404040404040404,0.0,1.0
2377378,0.6503357753357754,0.6,0.3496642246642247,0.0,1.0
5978376,1.2916666666666667,0.5333333333333333,-0.2916666666666667,0.9466666666666668,0.0
5995773,0.5444444444444444,0.5333333333333333,0.4555555555555555,0.2466666666666667,0.0
5992150,1.4222222222222225,0.5666666666666668,-0.4222222222222223,0.5466666666666667,0.0
5991980,1.1865079365079363,0.5,-0.1865079365079365,0.9933333333333332,0.0
5981353,1.2494900932400934,0.6999999999999998,-0.2494900932400933,1.7266666666666666,0.0
5984310,1.1311674436674437,0.6,-0.13116744366744368,0.5,0.0
5991495,1.0990179573512908,0.6333333333333333,-0.09901795735129068,0.44,0.0
5980384,0.9487433862433864,0.6666666666666666,0.051256613756613764,0.2533333333333333,0.0
5984020,1.569289044289044,0.7666666666666666,-0.5692890442890443,1.0466666666666666,0.0
5981994,1.4584595959595958,0.4666666666666666,-0.458459595959596,0.16,0.0
5993119,1.45531045751634,0.5666666666666665,-0.4553104575163399,0.7866666666666667,0.0
2818865,0.5555555555555556,0.5,0.4444444444444445,0.0,1.0
5990021,0.9822100122100124,0.6,0.017789987789987805,1.2133333333333332,0.0
5993141,0.9687091503267974,0.5,0.031290849673202614,0.6133333333333334,0.0
5982028,0.9573412698412698,0.7333333333333334,0.04265873015873015,0.14,0.0
5982210,1.1070818070818071,0.5333333333333333,-0.10708180708180703,0.8133333333333334,0.0
5989169,1.0980158730158731,0.7000000000000001,-0.098015873015873,1.4266666666666667,0.0
2215567,0.7590277777777779,0.6000000000000001,0.24097222222222225,0.0,1.0
5984857,1.2728327228327228,0.5,-0.2728327228327228,0.68,0.0
2955876,0.8611111111111109,0.4106458959570755,0.1388888888888889,0.0,1.0
2379667,1.4529616013071898,0.6333333333333334,-0.4529616013071896,0.0,1.0
2587492,0.8088929588929591,0.6333333333333334,0.07887677262234315,0.8150809572083989,1.0
5978609,1.3717592592592591,0.4666666666666666,-0.3717592592592593,1.4266666666666663,0.0
5991914,1.3686507936507937,0.6666666666666666,-0.3686507936507937,0.18666666666666668,0.0
5995696,0.8277777777777778,0.5666666666666665,0.1722222222222222,0.54,0.0
5981414,1.624431818181818,0.7333333333333334,-0.6244318181818181,1.8866666666666667,0.0
3243402,1.5997023809523807,0.4666666666666666,-0.5997023809523809,0.0,1.0
5992842,1.0963789682539682,0.6333333333333334,-0.09637896825396826,1.1133333333333333,0.0
5999401,1.0317460317460316,0.7000000000000001,-0.19470953682019254,0.9066666666666666,0.0
5999493,1.3022558922558922,0.5666666666666668,-0.3022558922558923,0.7200000000000001,0.0
5982904,1.7466422466422469,0.7666666666666666,-0.7466422466422467,0.7866666666666666,0.0
5983572,1.073148148148148,0.6,-0.07314814814814814,0.7933333333333333,0.0
5980892,1.2074074074074077,0.5666666666666668,-0.20740740740740746,1.2266666666666666,0.0
2103149,1.6543650793650793,0.5,-0.6543650793650794,0.0,1.0
2436245,1.3077838827838828,0.5333333333333333,-0.3077838827838828,0.0,1.0
5984255,0.8611111111111109,0.7000000000000001,0.1388888888888889,0.8133333333333334,0.0
5994409,1.4345899470899468,0.6,-0.4345899470899471,0.92,0.0
5996112,0.9426984126984128,0.6,0.057301587301587326,0.4466666666666666,0.0
5998128,0.600462962962963,0.5666666666666668,0.399537037037037,1.2533333333333334,0.0
5986431,0.8146335146335146,1.037933659454668,0.18536648536648534,0.38,0.0
5991034,1.6416666666666666,0.5,-0.6416666666666667,0.8533333333333334,0.0
1532103,1.4243915343915343,0.6333333333333333,-0.4243915343915344,0.0,1.0
5994278,1.2916666666666667,0.6,-0.2916666666666667,0.28,0.0
5992158,1.4590277777777778,0.6333333333333333,-0.4590277777777778,0.30526289387827416,0.0
5996740,2.073218136052516,0.5333333333333333,-0.6680852453593188,0.8516956812991016,0.0
5995549,0.9791666666666666,0.5666666666666667,0.02083333333333333,0.12666666666666665,0.0
5990739,0.9488425925925926,0.5666666666666667,0.051157407407407415,0.7733333333333334,0.0
5999189,1.0356481481481479,0.6333333333333334,-0.03564814814814813,0.66,0.0
5988525,1.4673692810457517,0.6666666666666666,-0.4673692810457517,0.7799999999999999,0.0
5989962,1.2946924603174603,0.6333333333333333,-0.2946924603174603,1.1133333333333333,0.0
5991861,1.5410052910052912,0.5699701714208956,-0.541005291005291,1.0933333333333335,0.0
2012138,1.2489087301587305,0.8603122030090827,-0.2489087301587301,0.0,1.0
5995097,1.612087542087542,0.43333333333333335,-0.6120875420875421,1.0,0.0
5998063,1.0252976190476188,0.7000000000000001,-0.02529761904761905,0.4266666666666667,0.0
2265367,1.2955892255892256,0.7000000000000001,-0.2955892255892256,0.0,1.0
5979561,0.964057239057239,0.5333333333333333,0.035942760942760964,0.2933333333333333,0.0
2408327,0.4890114379084967,0.6,0.5109885620915032,0.0,1.0
3198465,0.8089306526806527,0.5333333333333333,0.19106934731934733,0.0,1.0
5988423,0.9073232323232324,0.4666666666666666,0.09267676767676768,0.7399999999999999,0.0
5996199,0.7979242979242979,0.6666666666666666,0.20207570207570205,1.0066666666666666,0.0
5988393,1.1203703703703705,0.5666666666666667,-0.12037037037037035,0.12,0.0
2662915,0.9651455026455028,0.5,0.03485449735449734,0.0,1.0
2584986,1.3007738095238095,0.5333333333333333,-0.30077380952380955,0.0,1.0
1874358,1.6225885225885228,0.6000000000000001,-0.6519871419871421,0.0,1.0
2740561,1.5770482603815938,0.5333333333333333,-0.5770482603815937,0.0,1.0
5994315,0.4083333333333333,0.8,0.5916666666666667,0.61,0.0
5994219,0.9204365079365079,0.6666666666666666,0.07956349206349207,1.5733333333333333,0.0
2571833,0.6041666666666666,0.5,0.3958333333333333,0.0,1.0
5987245,1.1117724867724867,0.6333333333333333,-0.11177248677248676,0.5933333333333334,0.0
5985532,1.5822954822954822,0.6666666666666666,-0.5822954822954823,0.6866666666666666,0.0
3448861,0.9138888888888888,7.432383491991701,0.0861111111111111,0.0,1.0
5995377,1.2274074074074075,0.6333333333333333,-0.22740740740740745,0.3,0.0
3233403,1.0935846560846558,0.5,-0.09358465608465613,0.0,1.0
5987769,1.2444444444444445,0.5333333333333333,-0.2444444444444445,0.8533333333333332,0.0
5993982,1.121626984126984,0.5,-0.12162698412698415,1.12,0.0
5992905,0.4882575757575758,0.55,0.5117424242424242,1.7400000000000002,0.0
5990477,1.0152777777777775,0.4028003599284495,-0.015277777777777796,0.6933333333333334,0.0
1834045,1.2747222222222219,0.7666666666666666,-0.2747222222222222,0.0,1.0
2092483,1.6643055555555557,0.5,-0.6643055555555555,0.0,1.0
1627519,0.9820436507936507,0.6666666666666666,0.01795634920634918,0.0,1.0
5981696,0.9725198412698411,0.4666666666666666,0.027480158730158744,1.34,0.0
5979731,1.2513888888888889,0.5333333333333333,-0.2513888888888889,1.2133333333333332,0.0
1589638,1.0527777777777778,0.6,-0.052777777777777785,0.0,1.0
2435292,1.2633061383061384,0.5333333333333333,-0.2633061383061383,0.0,1.0
5998049,1.1967592592592593,0.5333333333333333,-0.19675925925925927,0.2933333333333333,0.0
5999039,1.1328703703703704,0.5666666666666665,-0.13287037037037033,0.06666666666666668,0.0
5990999,0.6274281274281274,0.6,0.3725718725718726,0.3533333333333333,0.0
5997863,1.1296296296296295,0.6,-0.12962962962962962,0.7666666666666666,0.0
1750794,1.3056227106227103,0.7333333333333334,-0.30562271062271057,0.0,1.0
2728328,0.940993265993266,0.5,0.059006734006733993,0.0,1.0
5979237,1.1126984126984127,0.4666666666666666,-0.1126984126984127,1.3466666666666665,0.0
5978209,0.9738150738150738,0.6333333333333334,0.026184926184926183,0.9066666666666668,0.0
5990056,1.3055555555555556,0.5666666666666667,-0.3055555555555556,0.4866666666666666,0.0
2718658,1.12320987654321,0.6,-0.12320987654320985,0.0,1.0
2036693,1.1390923890923892,0.4659594586763878,-0.13909238909238908,0.0,1.0
5978957,4.05363969680209,0.7666666666666666,-0.2736874236874237,0.54,0.0
5988430,1.1462962962962964,0.5666666666666667,-0.14629629629629629,1.4466666666666663,0.0
5989470,1.1021428571428569,0.6,-0.10214285714285716,1.6266666666666667,0.0
5979546,0.946885521885522,0.6666666666666666,0.05311447811447808,0.54,0.0
5979538,1.3098015873015874,0.5333333333333333,-0.3098015873015873,1.54,0.0
5998888,0.9371276871276872,0.4666666666666666,0.06287231287231286,0.9866666666666668,0.0
2380845,1.297470238095238,0.6999999999999998,-0.2974702380952381,0.0,1.0
5993995,1.2263636363636363,0.6,-0.22636363636363635,1.13,0.0
2045661,0.8402777777777778,0.6666666666666666,0.15972222222222224,0.0,1.0
5988949,0.9618055555555556,0.7333333333333334,0.03819444444444444,0.9333333333333332,0.0
3078242,1.467312548562549,2.3239078592297377,-0.4673125485625486,0.0,1.0
2219152,1.614267676767677,0.5,-0.6142676767676768,0.0,1.0
5995049,1.1248567019400353,0.5333333333333333,-0.12485670194003527,0.8266666666666667,0.0
5983832,1.0983164983164984,0.6,-0.0983164983164983,0.5333333333333333,0.0
2688643,1.1189814814814816,0.6,-0.11898148148148148,0.0,1.0
5991252,1.3045386904761906,0.5,-0.3045386904761905,0.6133333333333333,0.0
5995946,1.7404761904761905,0.6333333333333333,-0.7404761904761905,1.0933333333333333,0.0
3276193,1.279431216931217,0.7000000000000001,-0.2794312169312169,0.0,1.0
5983487,1.1260101010101011,0.6333333333333334,-0.126010101010101,0.5733333333333334,0.0
5988568,0.9166666666666669,0.6499999999999999,0.08333333333333337,0.02,0.0
5992123,1.7368253968253968,0.6333333333333333,-0.7368253968253969,0.9133333333333332,0.0
5997445,1.4573870573870575,0.5,-0.4573870573870574,4.887019749928958,0.0
5988279,1.5527777777777778,0.6,-0.5527777777777777,0.4333333333333333,0.0
1806731,0.9432407407407408,0.5,0.05675925925925925,1.0539279425130652,1.0
5991689,1.3122303622303624,0.6666666666666666,-0.3122303622303622,1.1466666666666667,0.0
5994152,0.8461892138009736,0.5333333333333333,-0.0682213627736122,1.0337667003423838,0.0
5997766,0.97748778998779,0.8000000000000002,0.022512210012210026,1.7133333333333336,0.0
5979143,1.123181216931217,0.7333333333333334,-0.12318121693121692,0.86,0.0
2996538,1.244444444444445,0.5666666666666667,-0.24444444444444444,0.0,1.0
5996374,0.6520222832722833,0.7053019054766368,0.3479777167277167,1.1133333333333335,0.0
2054887,1.1777777777777778,0.6000000000000001,-0.17777777777777778,0.0,1.0
5980669,0.7934876543209876,0.5666666666666667,0.20651234567901236,0.6333333333333334,0.0
5993248,1.0634920634920637,0.5666666666666668,-0.06349206349206349,1.16,0.0
5995395,0.9759093915343916,0.7333333333333334,0.02409060846560844,0.7600000000000001,0.0
5983180,1.7667857142857144,0.6333333333333333,-0.7667857142857143,0.4133333333333333,0.0
1538455,0.9660409035409034,0.5666666666666667,0.03395909645909645,0.0,1.0
1884797,0.5555555555555556,0.5333333333333333,0.4444444444444444,0.0,1.0
5986263,1.5338383838383838,1.3606888961646562,-0.5338383838383839,0.24,0.0
5995953,1.275793650793651,0.5,-0.2757936507936508,0.5,0.0
5999412,0.7027777777777778,0.5,0.2972222222222222,1.5200000000000002,0.0
1914547,0.7981426366843034,0.9624761346310192,0.20185736331569668,0.0,1.0
2956306,0.4760212418300654,0.5333333333333333,0.5239787581699346,0.0,1.0
5992484,1.4147222222222222,0.6,-0.4147222222222222,0.08,0.0
5984174,0.8159443168010019,0.5,-0.11014446997313296,0.8572185992709289,0.0
5985773,0.9613858363858364,0.4000000000000001,-0.22753199239983385,1.32,0.0
5992425,1.4097643097643096,0.6,-0.4097643097643098,0.38666666666666666,0.0
5998234,1.2847587427588074,0.6666666666666666,-0.09166666666666667,1.1933333333333334,0.0
5996756,1.3916666666666668,0.6333333333333333,-0.3916666666666666,0.9666666666666668,0.0
5989229,1.1389093137254902,0.6,-0.1389093137254902,1.22,0.0
5988994,1.1385294117647058,0.5,-0.1385294117647059,0.62,0.0
5991007,1.4041666666666668,0.5333333333333333,-0.4041666666666666,0.08666666666666667,0.0
5997564,0.2777777777777778,0.6666666666666666,0.7222222222222223,0.96,0.0
5981309,1.0027281746031746,0.6333333333333334,-0.002728174603174575,1.1733333333333331,0.0
5978257,0.98918146030215,0.6666666666666666,0.04773698523698525,0.5266666666666667,0.0
3098518,1.5076388888888892,0.6333333333333333,-0.5076388888888889,3.1236645404689014,1.0
2741007,1.2891975308641974,0.5238447407720906,-0.2891975308641975,0.0,1.0
3097961,0.8712783773199945,0.5,0.2752054619162679,0.0,1.0
2901130,1.1201312576312576,0.5333333333333333,-0.12013125763125765,0.0,1.0
5996900,1.4325757575757576,0.6666666666666666,-0.4325757575757576,0.32666666666666666,0.0
5994347,1.374107142857143,0.6,-0.3741071428571429,1.84,0.0
5987062,1.2909722222222222,0.5666666666666668,-0.2909722222222222,0.7400000000000001,0.0
1552308,0.644023569023569,0.5333333333333333,0.3559764309764309,0.0,1.0
5993537,0.6902777777777778,0.6333333333333333,0.3097222222222222,0.9,0.0
5983404,0.923015873015873,0.6,0.07698412698412697,0.52,0.0
5988325,0.9200396825396826,0.6333333333333333,0.07996031746031748,0.7799999999999999,0.0
5983240,1.5662121212121212,0.5,-0.5662121212121213,0.3,0.0
5992647,0.9421296296296297,0.5333333333333333,0.057870370370370385,1.1333333333333333,0.0
5988130,1.073148148148148,0.6,-0.07314814814814816,1.06,0.0
5993228,1.2820932539682541,1.1637844325470048,-0.282093253968254,0.6933333333333334,0.0
5986063,1.0621693121693123,0.7333333333333334,-0.06216931216931217,0.3133333333333333,0.0
5980059,0.8067239858906525,0.5,0.19327601410934744,0.7666666666666666,0.0
5997540,1.0953423120089787,0.6666666666666666,-0.09534231200897868,0.4866666666666666,0.0
5996196,1.1177982026143791,0.5666666666666667,-0.11779820261437908,1.0133333333333334,0.0
5998048,1.397222222222222,0.5,-0.3972222222222222,1.5733333333333333,0.0
5980095,0.7444444444444445,0.6333333333333333,0.2555555555555556,1.153333333333333,0.0
5985698,0.6888888888888891,0.6666666666666666,0.3111111111111111,1.4400000000000002,0.0
5979560,1.5852272727272727,0.5333333333333333,-0.5852272727272728,1.1933333333333334,0.0
5987043,1.5055555555555555,0.6333333333333333,-0.5055555555555555,0.8866666666666667,0.0
5979867,1.2298611111111108,0.5666666666666667,-0.2298611111111111,0.84,0.0
2620221,0.9194444444444444,0.7000000000000001,0.08055555555555555,0.0,1.0
5981808,0.8527777777777777,0.6333333333333333,0.14722222222222225,0.4866666666666666,0.0
5983621,1.2518308080808078,0.7000000000000001,-0.2518308080808081,0.7400000000000001,0.0
5988702,0.5694444444444444,0.7333333333333334,0.4305555555555555,0.48,0.0
5998609,1.2661019536019535,0.6000000000000001,-0.2661019536019536,0.7533333333333333,0.0
2951102,1.3203280954518757,0.5333333333333333,-0.42567155067155066,0.0,1.0
5998890,1.6124481074481076,0.5,-0.6124481074481075,0.3466666666666667,0.0
5988273,1.1888888888888889,0.6333333333333333,-0.18888888888888888,1.4400000000000002,0.0
5980116,1.4545066045066044,0.5333333333333333,-0.4545066045066045,0.4933333333333334,0.0
5983271,2.101555112055834,0.5,0.2055301760471374,3.119420185252015,0.0
5996184,0.6111111111111112,0.6666666666666666,0.3888888888888889,9.329190608518962,0.0
5985823,1.7328282828282828,0.6,-0.7328282828282829,0.6333333333333333,0.0
5993646,1.300274725274725,0.6,-0.3002747252747253,0.3866666666666667,0.0
5993436,0.9125,0.6,0.08749999999999998,0.92,0.0
5978205,1.2997474747474749,0.6333333333333333,-0.2997474747474747,0.3533333333333333,0.0
5982807,1.7996031746031746,0.5333333333333333,-0.7996031746031745,0.7999999999999999,0.0
5996201,1.260635198135198,0.5666666666666668,-0.2606351981351981,0.3333333333333333,0.0
5981519,0.9673382173382172,0.7316235595922053,0.032661782661782636,1.5600000000000005,0.0
2244613,0.6480463980463981,0.5333333333333333,0.3519536019536019,0.0,1.0
1782294,1.2744212962962962,0.6999999999999998,-0.27442129629629625,0.0,1.0
5978604,1.2856060606060604,0.6,-0.2856060606060606,1.5199999999999998,0.0
2077664,0.8055555555555555,0.6666666666666666,0.19444444444444445,0.0,1.0
2502715,1.2055555555555555,0.4666666666666666,-0.2055555555555556,0.0,1.0
5991198,1.5834595959595958,0.5666666666666667,-0.5834595959595961,1.84,0.0
5981715,1.1406440781440779,0.6333333333333333,-0.14064407814407814,0.7466666666666667,0.0
5987242,1.306111111111111,0.7333333333333334,-0.3061111111111111,0.9133333333333334,0.0
5986519,0.7784511784511784,0.6666666666666666,0.22154882154882152,1.24069684963927,0.0
5992533,1.5972222222222223,0.7000000000000001,-0.5972222222222222,1.4866666666666666,0.0
5979497,0.8070207570207569,0.5,0.19297924297924296,0.26666666666666666,0.0
2143665,1.2665079365079366,0.43333333333333335,-0.2665079365079365,0.0,1.0
2526731,0.6504477004477004,0.6,0.31087895999586496,0.0,1.0
5998768,0.8583333333333334,0.6999999999999998,0.1416666666666667,0.3133333333333333,0.0
2337593,1.2463624338624335,0.6131160063449365,-0.24636243386243384,0.0,1.0
5979559,0.8009233821733822,0.6,0.1990766178266178,0.4933333333333334,0.0
5995840,1.1374007936507935,0.6999999999999998,-0.13740079365079366,0.4066666666666667,0.0
5993251,1.3674242424242424,0.6,-0.3674242424242424,1.6,0.0
5993445,1.3872354497354495,0.5333333333333333,-0.38723544973544977,0.3066666666666667,0.0
5981902,1.0981481481481479,0.6000000000000001,-0.09814814814814814,0.4866666666666666,0.0
5980260,1.1352020202020199,0.5666666666666667,-0.13520202020202018,0.4466666666666667,0.0
5993865,1.5683501683501684,0.7333333333333334,-0.5683501683501684,0.4733333333333333,0.0
5990690,1.6294774969685015,0.6999999999999998,-0.4430555555555555,1.5,0.0
1665998,1.3611111111111107,0.6333333333333333,-0.3611111111111111,0.0,1.0
5985300,1.1064814814814816,0.6666666666666666,-0.4441760601180891,1.0,0.0
5985216,1.511904761904762,0.7333333333333334,-0.511904761904762,0.4466666666666667,0.0
5990225,1.1472099673202616,0.7000000000000001,-0.14720996732026145,0.46,0.0
2972927,0.9439814814814814,0.6,0.056018518518518516,0.0,1.0
5984579,1.5131944444444445,0.6333333333333333,-0.5131944444444444,1.0,0.0
5990154,1.1205738705738704,0.5666666666666668,-0.1205738705738706,1.1133333333333333,0.0
5988137,0.9166666666666666,0.6666666666666666,0.08333333333333331,0.4733333333333333,0.0
5986952,0.7975885225885225,0.5666666666666668,0.2024114774114774,0.8466666666666667,0.0
5988096,0.9115740740740742,0.4861451221170601,0.08842592592592592,0.2866666666666667,0.0
5979150,1.4059523809523808,0.5,-0.40595238095238106,0.66,0.0
5995654,1.1308302808302808,0.6333333333333333,-0.13083028083028084,1.6295365864984694,0.0
5978082,1.7637663398692809,0.6,-0.7637663398692811,1.2733333333333334,0.0
2911553,1.7331166103567457,0.6666666666666666,-0.2588383838383838,0.0,1.0
3108751,1.4217592592592592,0.6,-0.4217592592592592,0.0,1.0
5984845,1.5629629629629629,0.5145874753049613,-0.562962962962963,2.053333333333333,0.0
5988914,1.1085375816993464,0.5666666666666667,-0.10853758169934642,1.0066666666666666,0.0
5992190,1.0916666666666666,0.4666666666666666,-0.09166666666666667,0.9533333333333333,0.0
5988566,1.0513888888888887,0.6333333333333333,-0.051388888888888894,1.02,0.0
5982160,1.428968253968254,0.5333333333333333,-0.42896825396825394,0.4933333333333334,0.0
1616530,1.1324915824915824,0.5666666666666668,-0.13249158249158252,0.0,1.0
5980330,1.6065462315462316,0.6333333333333334,-0.6065462315462314,1.0799999999999998,0.0
2889151,1.3083943833943834,0.5666666666666668,-0.3083943833943834,0.0,1.0
5991479,1.5711309523809522,0.7666666666666666,-0.5711309523809524,0.6066666666666667,0.0
1699128,1.2789682964427864,0.5333333333333333,-0.4717338217338218,0.0,1.0
2572664,1.2941287878787882,0.5333333333333333,-0.2941287878787879,0.0,1.0
5984201,1.1146825396825395,0.6,-0.11468253968253968,0.92,0.0
3145155,0.6485958485958486,0.629964748807245,0.35140415140415143,0.0,1.0
5996011,1.110978835978836,0.8000000000000002,-0.11097883597883597,0.4666666666666666,0.0
5994168,0.7916666666666666,0.5333333333333333,0.20833333333333331,0.6333333333333334,0.0
3028189,1.4651960784313725,0.6,-0.4651960784313726,0.0,1.0
5994815,0.9825980392156864,0.8,0.01740196078431372,1.25,0.0
5990642,1.1403540903540903,0.5,-0.14035409035409038,0.17333333333333334,0.0
5981037,0.7830808080808079,0.5666666666666668,0.216919191919192,0.84,0.0
5997440,1.0906177156177157,0.5666666666666668,-0.09061771561771564,1.32,0.0
5982292,1.0712962962962964,0.5666666666666668,-0.07129629629629626,0.3866666666666667,0.0
5991450,0.8722222222222222,0.7000000000000001,0.1277777777777778,1.28,0.0
5985948,0.7606481481481482,0.5666666666666668,0.23935185185185184,0.4733333333333333,0.0
5996863,0.8854166666666666,0.7333333333333334,0.11458333333333333,1.0599999999999998,0.0
2079702,1.2317460317460318,0.6000000000000001,-0.2317460317460317,0.17671790999036865,1.0
2331524,0.9307539682539682,0.5,0.06924603174603174,0.14381558165434846,1.0
2705690,1.6354334554334555,0.6,-0.6354334554334554,0.0,1.0
5993652,1.1043192918192921,0.5333333333333333,-0.10431929181929182,0.5941976397266192,0.0
5998116,0.9749660062160064,0.5666666666666665,0.025033993783993774,0.5266666666666667,0.0
5983033,0.8152923465423464,0.6333333333333333,0.1847076534576534,0.7000000000000001,0.0
5999462,1.2397652116402116,0.7666666666666666,-0.2397652116402117,1.0,0.0
5987345,1.2829966329966331,0.6333333333333334,-0.28299663299663297,0.4266666666666668,0.0
5982997,0.625,0.5,0.375,0.2333333333333333,0.0
5999500,0.48896658896658896,0.5666666666666665,0.511033411033411,1.94,0.0
2507241,1.7944318181818182,0.6,-0.7944318181818182,0.0,1.0
2838554,1.144093137254902,0.6333333333333333,-0.14409313725490197,0.0,1.0
5992716,1.5376984126984128,0.5,-0.5376984126984127,0.6933333333333334,0.0
3330759,0.8130934343434344,0.6666666666666666,0.18690656565656566,0.0,1.0
5992207,0.9582010582010582,0.43333333333333335,0.04179894179894176,0.4591777370543341,0.0
2160958,1.0,0.6333333333333333,-1.3877787807814454e-17,0.0,1.0
5995445,1.2400793650793651,0.5282278948294634,-0.2400793650793651,0.5399999999999999,0.0
5982139,1.6013986013986012,0.6000000000000001,-0.6013986013986015,1.14,0.0
1918501,1.1527777777777777,0.6333333333333333,-0.15277777777777776,0.0,1.0
2529706,1.6223905723905725,0.6666666666666666,-0.6223905723905724,0.0,1.0
5980843,1.2333333333333334,0.5,-0.2333333333333333,1.086666666666667,0.0
5978278,1.674535339875448,0.8000000000000002,-0.2814491064491065,0.94,0.0
5991151,1.1211309523809525,0.5333333333333333,-0.12113095238095238,1.54,0.0
2753732,1.0912457912457911,0.4666666666666666,-0.09124579124579124,0.0,1.0
5988268,1.1257495590828923,0.6666666666666666,-0.1257495590828924,0.4133333333333333,0.0
5978423,1.3041462418300651,1.348458536248723,-0.3041462418300654,0.94,0.0
2926663,1.2945707070707069,0.7842811735125607,-0.29457070707070704,0.0,1.0
5980576,1.2862433862433862,0.5666666666666667,-0.28624338624338624,0.7133333333333334,0.0
5994198,1.439141414141414,0.6666666666666666,-0.4391414141414141,1.3733333333333333,0.0
5980851,0.8096240179573512,0.6333333333333333,0.1903759820426487,0.4019425759762709,0.0
5987216,1.2567791005291005,0.4666666666666666,-0.2567791005291005,0.9666666666666668,0.0
5999038,0.7853835978835978,0.6,0.2146164021164021,0.6266666666666667,0.0
5992049,1.1916666666666669,0.6666666666666666,-0.19166666666666665,0.19333333333333336,0.0
5997940,0.7087301587301588,0.6666666666666666,0.2912698412698413,1.2466666666666668,0.0
2353212,0.8555555555555555,0.5333333333333333,0.14444444444444446,0.0,1.0
5984193,0.6323257080610022,0.5666666666666667,0.36767429193899775,0.6733333333333333,0.0
5994437,1.5027777777777775,0.6666666666666666,-0.5027777777777778,1.08,0.0
2037288,1.2222222222222223,0.4666666666666666,-0.2222222222222222,0.0,1.0
5994220,1.6353785103785103,0.5333333333333333,-0.6353785103785105,0.08,0.0
5993052,0.9173611111111112,0.6,0.08263888888888889,0.5659426638432752,0.0
5980301,0.4555555555555556,0.75,0.5444444444444445,0.8,0.0
3002232,1.2579836829836828,0.4666666666666666,-0.25798368298368296,0.0,1.0
5978860,0.7648148148148147,0.5,0.2351851851851852,0.34,0.0
5990084,1.6478174603174605,0.6,-0.6478174603174603,0.4466666666666667,0.0
5998077,1.280753968253968,0.6666666666666666,-0.28075396825396826,0.3333333333333333,0.0
1769890,1.2652777777777775,0.6,-0.2652777777777778,0.0,1.0
3017249,0.6027777777777777,0.6666666666666666,0.3972222222222222,0.0,1.0
5979091,0.9046031746031744,0.5333333333333333,0.0953968253968254,0.4066666666666667,0.0
5982357,0.7277777777777779,0.6,0.2722222222222222,0.5599999999999999,0.0
5994978,0.9543142043142044,0.6,0.04568579568579568,1.4799999999999998,0.0
5994892,1.1429181929181929,0.7666666666666666,-0.14291819291819294,1.3266666666666669,0.0
1987562,1.5494444444444444,0.6333333333333333,-0.5494444444444445,0.0,1.0
2552681,0.5826271291173115,0.7333333333333334,-0.14662189662189665,0.0,1.0
2412181,0.8094169719169719,0.5,0.19058302808302807,0.0,1.0
1788646,1.2805555555555557,0.4000000000000001,-0.2805555555555556,0.0,1.0
5994390,0.9841060729847496,0.5666666666666665,0.015893927015250553,0.6412122894405402,0.0
3188527,0.962364024864025,0.5666666666666668,0.03763597513597517,0.0,1.0
5992733,0.2888888888888889,0.6333333333333333,0.7111111111111111,0.10000000000000002,0.0
5984678,1.0715174449949867,0.6333333333333333,-0.3619334308416564,1.6107267565155925,0.0
5984057,1.1118742368742371,0.6333333333333334,-0.11187423687423688,1.1733333333333336,0.0
2364488,0.7902173439738993,0.5333333333333333,-0.2907242063492063,0.0,1.0
5991883,1.9471380471380468,0.5333333333333333,-0.9471380471380472,0.4466666666666667,0.0
2161525,1.2797979797979795,0.7333333333333333,-0.27979797979797977,0.0,1.0
3144087,8.98422166050591,0.6333333333333334,0.25833333333333336,0.0,1.0
2588350,1.5343915343915342,0.5666666666666668,-0.5343915343915344,0.0,1.0
5991588,1.1388888888888888,0.7000000000000001,-0.1388888888888889,0.3533333333333333,0.0
2628437,1.2638888888888888,0.7999999999999999,-0.2638888888888889,0.0,1.0
5985026,1.4184920634920637,0.7666666666666666,-0.41849206349206347,0.6866666666666666,0.0
5985292,1.610662177328844,0.6666666666666666,-0.610662177328844,0.4266666666666667,0.0
5994799,1.1050407925407926,0.5,-0.10504079254079253,1.0933333333333335,0.0
5990047,1.3107753357753358,4.186864891690416,-0.3107753357753358,0.6866666666666666,0.0
2171677,0.8115536492374728,0.5,0.1884463507625272,0.0,1.0
5998020,0.9530677655677656,0.6333333333333334,0.04693223443223443,1.0933333333333333,0.0
5986339,1.301729751729752,0.5333333333333333,-0.3017297517297517,1.3533333333333335,0.0
1640344,1.2751322751322751,0.8000000000000002,-0.2751322751322751,0.0,1.0
5987025,1.4163825076193417,0.6333333333333333,-0.3949031414123727,0.18666666666666668,0.0
3185401,0.7740740740740741,0.6666666666666666,0.22592592592592595,0.0,1.0
2991921,0.9788614163614162,0.7333333333333334,0.0211385836385836,0.0,1.0
5982597,0.9643382352941176,0.8,0.03566176470588235,0.8,0.0
5998675,1.7417087542087542,0.5666666666666667,-0.7417087542087543,0.9666666666666665,0.0
5987319,1.9114163614163613,0.8000000000000002,-0.9114163614163614,0.7466666666666667,0.0
5996260,1.268013468013468,0.5115637569698873,-0.26801346801346804,1.2733333333333334,0.0
5987654,1.0605906818670705,0.5333333333333333,0.787654587039797,0.2363157204480401,0.0
1668877,2.7335858065903347,0.3992205467805,-0.7629597520289225,0.0,1.0
5985738,1.0761111111111112,0.6333333333333333,-0.07611111111111113,0.48,0.0
5979327,1.8483662599403343,0.5666666666666668,-0.7217592592592593,1.0733333333333333,0.0
5986204,1.6154040404040402,0.7000000000000001,-0.6154040404040404,1.4400000000000002,0.0
5980653,1.5388888888888892,0.6999999999999998,-0.5388888888888889,1.6866666666666668,0.0
5995265,1.3350520468370757,0.6333333333333333,-0.2841269841269842,0.6333333333333333,0.0
5982479,1.5716666666666663,0.5,-0.5716666666666667,0.6133333333333333,0.0
5997060,0.6775,0.6000000000000001,0.3225,0.94,0.0
1515632,0.4096135144824225,0.7000000000000001,0.5544392546465781,0.0,1.0
5998008,1.4726521164021165,0.5333333333333333,-0.4726521164021164,1.0333333333333332,0.0
2987404,0.8968253968253969,0.6,0.10317460317460317,0.0,1.0
5996264,1.102777777777778,0.6000000000000001,-0.1027777777777778,0.36000000000000004,0.0
2215163,1.325,0.6,-0.325,0.0,1.0
5996717,1.132081807081807,0.5666666666666668,-0.13208180708180706,0.3533333333333333,0.0
1504434,0.8638888888888889,0.6666666666666666,0.1361111111111111,0.0,1.0
5997505,0.641217320261438,0.6000000000000001,0.35878267973856204,1.3133333333333332,0.0
1606714,0.9749074074074072,0.6999999999999998,0.025092592592592597,0.0,1.0
1711903,1.1096781305114638,0.3792091901214026,-0.10967813051146386,0.0,1.0
5993417,0.6415674603174604,0.5666666666666668,0.35843253968253963,0.5466666666666667,0.0
2894756,0.6465909090909091,0.6999999999999998,0.3534090909090909,0.0,1.0
5983343,1.0464712919692036,0.6,-0.2364614187228263,0.6288047391582612,0.0
5979651,1.236441798941799,0.6666666666666666,-0.2364417989417989,1.24,0.0
1598673,1.4450264550264553,0.5,-0.6736393124271913,0.0,1.0
5978512,1.2123677248677251,0.5666666666666668,-0.21236772486772484,1.06,0.0
5980538,1.4523439523439523,0.5666666666666667,-0.4523439523439524,1.0533333333333337,0.0
1628870,0.8051091269841271,0.6000000000000001,0.19489087301587305,0.0,1.0
2300750,1.6280808080808082,0.5,-0.628080808080808,0.0,1.0
1589372,1.1138888888888892,0.6666666666666666,-0.11388888888888885,0.0,1.0
5986557,0.9626262626262626,0.6333333333333333,0.03737373737373737,0.2733333333333334,0.0
5996974,0.7744708994708995,0.5333333333333333,0.2255291005291005,1.94,0.0
5979239,1.6233699633699634,0.6666666666666666,-0.6233699633699633,0.5466666666666667,0.0
5996764,0.8745751104338599,0.5666666666666668,-0.129036245740366,0.4246752023819984,0.0
5979714,0.8667114321421195,0.6333333333333333,0.0054083034005176405,1.0452841397271326,0.0
5989406,1.6111607142857145,0.6666666666666666,-0.6111607142857143,0.19333333333333336,0.0
1939042,1.0826719576719577,9.199828995157382,-0.08267195767195767,0.0,1.0
2568985,0.875,0.5666666666666665,0.125,0.0,1.0
3315049,1.1373379629629627,0.5333333333333333,-0.13733796296296294,0.0,1.0
5993391,1.0766835016835017,0.7666666666666666,-0.07668350168350169,1.1,0.0
5988419,1.6244047619047617,1.73492354949566,-0.6244047619047618,1.4866666666666666,0.0
5982754,1.2914682539682538,0.6999999999999998,-0.29146825396825393,1.92,0.0
5982009,0.9772739651416122,0.4666666666666666,0.0227260348583878,1.153333333333333,0.0
5998508,0.9654040404040404,1.8778327285433336,0.03459595959595959,1.3333333333333333,0.0
5987228,1.096969696969697,0.6,-0.09696969696969697,0.7999999999999999,0.0
2828616,1.6041666666666663,0.7,-0.6041666666666667,0.0,1.0
5993666,1.1237200435729848,0.6333333333333334,-0.12372004357298474,0.86,0.0
5991978,1.5775058275058278,0.6333333333333333,-0.5775058275058275,0.7666666666666666,0.0
1821307,1.1257631257631255,0.6000000000000001,-0.1257631257631258,0.0,1.0
5990462,1.0888888888888888,0.6000000000000001,-0.08888888888888886,1.5,0.0
5991775,1.600496031746032,0.6333333333333334,-0.6004960317460317,0.4199999999999999,0.0
1710780,1.6796825396825394,0.43333333333333335,-0.6796825396825397,0.0,1.0
5980269,0.92984126984127,0.7666666666666666,0.07015873015873016,0.3933333333333333,0.0
5995155,1.05,0.43333333333333335,-0.05000000000000001,2.3800000000000003,0.0
3407321,0.9511904761904764,0.9064952991636592,0.0488095238095238,0.0,1.0
5995203,0.8145629084967321,0.6666666666666666,0.18543709150326795,0.4533333333333333,0.0
5998765,0.7534722222222222,0.6666666666666666,0.24652777777777776,1.2,0.0
5990374,1.1055148555148555,0.6666666666666666,-0.10551485551485552,0.68,0.0
5979564,0.7718253968253969,0.5333333333333333,0.2281746031746032,0.8266666666666667,0.0
5990662,0.7744047619047619,0.6,0.2255952380952381,0.64,0.0
5990142,1.1268097643097643,0.5666666666666667,-0.12680976430976434,0.9866666666666668,0.0
5998835,1.5897486772486775,0.4666666666666666,-0.5897486772486772,0.6133333333333334,0.0
2412329,0.6350168350168349,0.5333333333333333,0.36498316498316496,0.0,1.0
5980537,1.460858585858586,0.4666666666666666,-0.4608585858585859,0.4266666666666667,0.0
5992824,0.9722222222222222,0.6333333333333333,0.027777777777777776,0.88,0.0
5985055,0.9747519841269842,0.5160848784996693,0.02524801587301588,0.44,0.0
5984951,1.2509920634920637,0.5333333333333333,-0.2509920634920635,1.3333333333333333,0.0
2893182,1.4570707070707072,0.7000000000000001,-0.4570707070707071,0.0,1.0
5986122,1.2333333333333334,0.6333333333333333,-0.23333333333333334,1.1866666666666668,0.0
5990470,0.8028769841269842,0.7666666666666666,0.19712301587301587,0.02,0.0
5991442,1.2383333333333333,0.7666666666666666,-0.23833333333333334,1.1333333333333335,0.0
5987498,0.7728174603174603,0.7000000000000001,0.2271825396825397,0.88,0.0
5982050,1.1104040404040405,0.5333333333333333,-0.1104040404040404,0.4933333333333334,0.0
5983517,1.426087801087801,0.7666666666666666,-0.4260878010878011,0.64,0.0
5987031,1.2064814814814817,0.4567934095884936,-0.2064814814814815,0.18000000000000002,0.0
5996701,1.1342929292929294,0.5,-0.13429292929292933,0.3800000000000001,0.0
5987112,1.2125,0.4666666666666666,-0.2125,0.6666666666666666,0.0
5989133,0.7646329365079364,0.43333333333333335,0.2353670634920635,1.613333333333333,0.0
5992267,1.2603174603174605,0.8000000000000002,0.007936740504828288,0.6466666666666667,0.0
1885178,1.45,0.6666666666666666,-0.45,0.0,1.0
5982121,1.117452300785634,0.5,-0.11745230078563415,1.1733333333333331,0.0
2077600,1.109871031746032,0.6333333333333333,-0.10987103174603174,0.0,1.0
5997800,1.2532828282828283,0.7666666666666666,-0.2532828282828283,1.2066666666666666,0.0
5988364,1.802622377622377,0.6333333333333334,-0.8026223776223776,1.02,0.0
2730259,0.7824459876543209,0.5,0.21755401234567895,0.0,1.0
5980509,0.485440947940948,0.5,0.5145590520590521,1.26,0.0
1827156,1.4369949494949494,0.5666666666666667,-0.4369949494949495,0.0,1.0
5994884,1.423809523809524,0.4666666666666666,-0.4238095238095238,0.26666666666666666,0.0
2575919,1.5754629629629628,0.6999999999999998,-0.575462962962963,0.0,1.0
5994810,0.9534336419753086,0.5333333333333333,0.04656635802469137,0.5533333333333333,0.0
5989947,0.9690235690235691,0.6666666666666666,0.030976430976430974,0.4066666666666667,0.0
5986842,0.875,0.4333333333333333,0.125,7.863672716172718,0.0
2627025,0.9366561612228116,0.6333333333333333,-0.08914185374332068,0.0,1.0
1816389,0.8666666666666666,0.6666666666666666,0.13333333333333333,0.0,1.0
5988903,1.4438861655773418,0.4171687252445207,-0.4438861655773421,1.1866666666666668,0.0
2921319,0.8168294668294669,0.6,0.18317053317053314,0.0,1.0
5988013,0.6805555555555555,0.6666666666666666,0.3194444444444444,1.2933333333333332,0.0
5997261,1.1435690235690237,0.5333333333333333,-0.14356902356902354,1.16,0.0
2319360,0.6521380471380471,0.6999999999999998,0.3478619528619529,0.0,1.0
5990894,0.9715939153439154,0.6333333333333333,0.02840608465608465,0.56,0.0
5986070,1.5425925925925927,0.6000000000000001,-0.5425925925925926,0.06666666666666668,0.0
3414654,1.1206714618524631,0.5,0.04179894179894176,0.0,1.0
5989705,1.4135521885521884,0.7333333333333333,-0.4135521885521886,1.1666666666666667,0.0
5982233,0.8741016388955175,0.6666666666666666,-0.09461012746010783,0.9048327289145219,0.0
5981139,0.5305290968722904,0.6666666666666666,0.13915344081562558,0.7926984087091654,0.0
1693304,1.3031998910675382,0.6333333333333333,-0.3031998910675382,0.0,1.0
2520672,1.625,0.45,-0.625,0.0,1.0
5986214,1.2717676767676769,0.4666666666666666,-0.2717676767676768,0.5466666666666666,0.0
5996090,1.4615196078431374,0.7000000000000001,-0.4615196078431373,1.18,0.0
3070384,1.3958994708994708,0.6666666666666666,-0.3958994708994709,0.0,1.0
1650913,0.7952777777777778,0.5666666666666668,0.20472222222222225,0.0,1.0
5994084,1.4611111111111108,0.6,-0.4611111111111111,0.3666666666666667,0.0
5996639,1.2569444444444444,0.6666666666666666,-0.2569444444444445,0.48,0.0
1981364,1.2888888888888892,0.5333333333333333,-0.2888888888888889,0.0,1.0
5983694,1.5622895622895625,0.6333333333333333,-0.5622895622895623,0.7066666666666667,0.0
5996797,0.8184821428571428,0.6,-0.019761095079233685,1.66,0.0
5992506,1.0614814814814817,0.6333333333333334,-0.06148148148148148,0.56,0.0
5982573,1.277960927960928,0.5666666666666667,-0.2779609279609279,0.7266666666666667,0.0
5981521,1.4473214285714286,0.5,-0.4473214285714285,2.19,0.0
5980545,1.3610582010582009,0.4666666666666666,-0.13636616126352194,0.8333333333333331,0.0
5986102,1.238095238095238,0.5336284714689566,-0.2380952380952381,0.22,0.0
5994703,1.4388888888888889,0.5666666666666665,-0.4388888888888889,0.9133333333333332,0.0
5993165,1.7442460317460318,0.5,-0.7442460317460317,0.7466666666666667,0.0
5997987,1.2138888888888888,0.7666666666666666,-0.21388888888888888,0.4066666666666667,0.0
5986655,0.9386904761904762,0.6333333333333334,0.061309523809523814,0.43333333333333335,0.0
1936320,1.4508838383838385,0.6,-0.4508838383838383,0.0,1.0
5981356,0.9383333333333334,0.7666666666666666,0.061666666666666675,0.13333333333333333,0.0
5989121,0.9888888888888888,0.6666666666666666,0.011111111111111108,0.36000000000000004,0.0
5990896,1.147222222222222,0.5666666666666668,-0.14722222222222225,0.9666666666666668,0.0
5993422,0.5416666666666666,0.5333333333333333,0.4583333333333333,0.7200000000000001,0.0
5994004,1.7960942760942762,0.6333333333333333,-0.7960942760942761,1.2866666666666666,0.0
5996854,1.2663690476190477,0.6666666666666666,-0.2663690476190476,0.6666666666666666,0.0
5996364,1.786026936026936,0.6,-0.7860269360269359,0.5,0.0
5988658,1.1538888888888887,0.7666666666666666,-0.1538888888888889,1.9333333333333331,0.0
5984825,1.7055555555555555,0.6666666666666666,-0.7055555555555556,0.3666666666666667,0.0
2433721,0.9538299663299662,0.5666666666666667,0.04617003367003366,0.0,1.0
5988745,1.4263888888888892,0.666362222481617,-0.4263888888888889,0.85,0.0
1522023,0.6657561896603936,0.6666666666666666,0.10869056273675966,0.0,1.0
5987225,1.2949481074481075,0.5666666666666667,-0.29494810744810745,1.3999999999999997,0.0
5998397,1.2425925925925927,0.5666666666666668,-0.24259259259259255,0.4866666666666666,0.0
5986092,1.1833333333333331,0.6,-0.18333333333333332,0.6466666666666666,0.0
5998199,0.5194444444444444,0.6999999999999998,0.4805555555555556,0.4,0.0
5980977,1.3513888888888892,0.6333333333333334,-0.3513888888888889,0.58,0.0
2408246,1.5833333333333333,0.3552391204931032,-0.5833333333333334,0.0,1.0
5981944,0.85,0.6666666666666666,0.15,0.4466666666666666,0.0
5992486,1.2952861952861952,0.4666666666666666,-0.2952861952861953,1.0666666666666669,0.0
5980641,1.2927777777777776,0.5666666666666665,-0.2927777777777778,0.4200000000000001,0.0
5996296,1.4722222222222223,2.7749481551522366,-0.4722222222222222,6.079438806622714,0.0
2681874,0.7576508647122558,0.7333333333333333,-0.0022606160608659256,0.0,1.0
5995927,1.0174603174603176,0.7333333333333334,-0.017460317460317436,0.9,0.0
5993606,1.4654003267973856,0.6333333333333333,-0.4654003267973856,0.4,0.0
5990697,0.6489010989010989,0.5333333333333333,0.35109890109890113,1.413333333333333,0.0
5994486,0.8423611111111112,0.4666666666666666,0.15763888888888888,0.7666666666666667,0.0
2859557,0.813895363895364,0.5333333333333333,0.18610463610463607,0.0,1.0
5998083,1.6949404761904765,0.45,-0.6949404761904762,1.35,0.0
5994157,0.8277777777777778,0.7333333333333334,0.1722222222222222,1.78,0.0
5991726,1.1805555555555556,0.6333333333333334,-0.1805555555555556,0.4266666666666667,0.0
5980479,0.4924264705882353,0.5,0.5075735294117647,0.4133333333333333,0.0
3003354,1.9178266178266183,0.5333333333333333,-0.8810556902437622,1.2702079868794176,1.0
5999179,1.1504446490645046,0.4666666666666666,-0.3505204825626591,1.1692635665150313,0.0
5981750,0.9585016835016834,3.3774905647430185,0.04149831649831648,1.4800000000000002,0.0
5993023,0.942269536019536,0.5333333333333333,0.05773046398046396,1.1927765464685398,0.0
5983685,1.1104497354497356,0.6333333333333333,-0.11044973544973546,1.3133333333333337,0.0
1580623,1.4567793317793318,0.5666666666666668,-0.4567793317793318,0.0,1.0
5996463,1.1402267156862746,0.5666666666666665,-0.1402267156862745,0.6466666666666666,0.0
5989840,1.6366732804232804,0.5,-0.6366732804232805,2.2533333333333334,0.0
5986485,0.9318602693602692,0.43333333333333335,0.06813973063973063,0.42,0.0
3437196,0.7937830687830688,0.5,0.2062169312169312,0.0,1.0
5994301,1.0785353535353537,0.6,-0.07853535353535353,1.8866666666666667,0.0
5986397,1.446062271062271,0.6,-4.4678380213536455,1.14,0.0
1967337,1.3057997557997558,0.6,-0.30579975579975577,0.0,1.0
1854430,1.4488756613756613,0.5526479728601421,-0.44887566137566143,0.0,1.0
5981073,1.3873842592592591,0.5,-0.3873842592592593,1.0,0.0
5986535,1.2116161616161616,0.6666666666666666,-0.2116161616161616,0.4133333333333334,0.0
5989535,1.1352513227513226,0.7000000000000001,-0.1352513227513228,1.72,0.0
5987424,0.9615079365079364,0.6,0.0384920634920635,0.36000000000000004,0.0
5999472,1.5587301587301587,0.5666666666666668,-0.5587301587301587,1.4866666666666666,0.0
5981027,0.6429385429385429,0.6666666666666666,0.35706145706145703,0.7200000000000001,0.0
5995829,0.6412402696316554,0.6,0.07414720592997735,1.2281038225804517,0.0
5991177,0.457093253968254,0.6,0.542906746031746,0.9,0.0
5987522,0.975925925925926,0.6666666666666666,0.024074074074074064,0.3666666666666667,0.0
2293613,0.9027777777777776,0.6999999999999998,0.0972222222222222,0.0,1.0
5996978,1.4722222222222223,0.7666666666666666,-0.4722222222222223,0.4199999999999999,0.0
5994007,1.2823232323232323,0.5,-0.2823232323232323,1.16,0.0
5997206,1.1951388888888892,0.6999999999999998,-0.1951388888888889,1.0133333333333334,0.0
5988322,2.535910511667737,2.304899771438379,-0.7259259259259259,1.1133333333333335,0.0
5984118,1.1333333333333335,0.6666666666666666,-0.13333333333333333,0.64,0.0
5993716,1.306857956857957,0.5333333333333333,-0.3068579568579569,0.9,0.0
1679800,1.3546296296296296,0.6716557030907683,-0.35462962962962963,0.0,1.0
2733067,1.1087962962962965,0.5666666666666667,-0.1087962962962963,0.0,1.0
5988649,0.7194444444444444,0.5666666666666667,0.2805555555555556,0.4866666666666666,0.0
2210098,0.9157407407407409,0.5333333333333333,0.08425925925925926,0.0,1.0
5990661,1.4558201058201057,0.5,-0.4558201058201058,1.7666666666666666,0.0
5988468,1.1359681372549022,0.7000000000000001,-0.32742904363689873,1.5266666666666666,0.0
3399120,1.1324074074074073,0.6333333333333333,-0.13240740740740742,0.0,1.0
5980148,0.7999007936507937,0.7333333333333334,0.20009920634920636,0.2933333333333333,0.0
3264479,1.1305555555555555,0.6333333333333333,-0.13055555555555556,0.0,1.0
5982353,0.9629761904761904,0.6333333333333333,0.03702380952380953,1.1733333333333331,0.0
5979270,1.4037698412698412,0.5666666666666668,-0.4037698412698412,1.12,0.0
5990920,0.7999338624338624,0.7333333333333334,0.2000661375661376,1.1866666666666668,0.0
2247963,0.8067404817404817,0.6,0.19325951825951826,0.0,1.0
5996275,1.305067155067155,0.6,-0.3050671550671551,0.92,0.0
5995345,1.6342676767676767,0.5666666666666667,-0.6342676767676768,0.5800000000000001,0.0
3362293,1.3626984126984123,0.5333333333333333,-0.3626984126984128,0.0,1.0
5983441,1.2022222222222219,0.6333333333333333,-0.20222222222222225,0.7333333333333334,0.0
3172411,1.0721380471380473,1.8548645559052703,-0.07213804713804713,0.0,1.0
5982177,1.2770424836601306,0.5666666666666668,-0.27704248366013073,1.3533333333333335,0.0
5993861,1.1446058006535949,0.5666666666666668,-0.14460580065359474,0.84,0.0
2199080,1.1006944444444444,0.6666666666666666,-0.10069444444444446,0.0,1.0
5980540,1.0569444444444445,0.5,-0.056944444444444436,0.5133333333333333,0.0
5996116,1.1304334554334554,0.5,-0.13043345543345544,1.0733333333333333,0.0
5997887,1.252777777777778,0.6,-0.2527777777777778,1.847128291587772,0.0
5988044,1.2319444444444445,0.6666666666666666,-0.23194444444444445,0.06,0.0
5980208,1.3076552287581698,0.6333333333333333,-0.30765522875817,0.7733333333333334,0.0
2638907,0.6422794117647058,0.6999999999999998,0.3577205882352941,0.0,1.0
1937981,0.7492063492063492,0.5666666666666667,0.2507936507936508,0.0,1.0
5999360,1.2970695970695971,0.5666666666666668,-0.2970695970695971,1.2066666666666668,0.0
2200984,1.7876225490196083,0.6333333333333333,-0.7876225490196078,0.0,1.0
5998893,0.8736111111111112,0.6333333333333333,0.12638888888888888,0.5066666666666667,0.0
5998652,1.6389499389499391,0.6666666666666666,-0.6389499389499389,0.9933333333333332,0.0
5985104,1.5333333333333332,0.65,-0.5333333333333333,1.79,0.0
5991489,1.7607448107448107,0.6999999999999998,-0.4556797477431602,0.6733333333333333,0.0
5994772,1.4281856261022927,0.5,-0.4281856261022928,0.7000000000000001,0.0
5994989,0.9491071428571428,0.6,0.05089285714285715,1.16,0.0
5984438,1.0472222222222225,0.6333333333333333,-0.047222222222222235,1.2533333333333334,0.0
5996645,1.6310984848484849,0.6666666666666666,-0.6310984848484849,0.7600000000000001,0.0
2798268,1.2942511192511192,0.5666666666666668,-0.29425111925111924,0.0,1.0
5993154,1.3583333333333334,0.6666666666666666,-0.3583333333333333,1.62,0.0
5989754,1.7272486772486773,0.5333333333333333,-0.7272486772486774,0.8799999999999999,0.0
5994913,1.56005291005291,0.5839575096631519,-0.56005291005291,1.0533333333333337,0.0
5990302,1.752020202020202,0.6,-0.7520202020202019,0.36000000000000004,0.0
5993274,1.2572496947496947,0.5666666666666668,-0.2572496947496947,1.0631870968939372,0.0
5993784,0.7930976430976431,0.5108339528512289,0.20690235690235687,0.46,0.0
5978831,0.9616402116402116,0.6719573442736211,0.03835978835978837,0.7600000000000001,0.0
5982155,1.2498982498982498,0.7000000000000001,-0.2498982498982499,1.5933333333333335,0.0
5993273,1.1373672623672624,0.6666666666666666,-0.13736726236726238,1.5733333333333337,0.0
5996668,1.3029003267973855,1.5549841623630551,-0.3029003267973856,0.6266666666666667,0.0
5989565,1.6177859177859182,0.6,-0.6177859177859178,1.0799999999999998,0.0
5983434,1.28234126984127,0.5,-0.2823412698412699,0.9466666666666668,0.0
2100955,1.4053724053724057,0.5333333333333333,-0.40537240537240543,0.0,1.0
5988802,1.4242063492063493,0.5666666666666667,-0.4242063492063492,0.62,0.0
5994786,1.4374338624338625,0.6,-0.4374338624338625,0.6866666666666666,0.0
2289126,0.7595238095238095,0.5666666666666667,0.2404761904761905,0.0,1.0
2154332,0.9612433862433862,0.4666666666666666,0.03875661375661376,0.0,1.0
5993975,0.6361111111111111,0.6999999999999998,0.3638888888888889,1.06,0.0
1867647,1.2617035742035745,0.4458597931787184,-0.2617035742035742,0.0,1.0
1971168,1.5829966329966332,0.6333333333333334,-0.582996632996633,0.0,1.0
3286181,0.8888888888888888,0.7333333333333334,0.1111111111111111,0.0,1.0
5998306,0.7923611111111111,0.6,0.20763888888888893,0.64,0.0
5990079,0.9199074074074072,0.6999999999999998,0.0800925925925926,1.3666666666666665,0.0
5978656,1.1431138306138309,0.5666666666666667,-0.14311383061383062,2.24,0.0
5989883,1.1354247604247605,0.5,-0.13542476042476045,2.8796361480582378,0.0
5987367,1.2763468013468011,0.5333333333333333,-0.2763468013468013,1.1333333333333335,0.0
5991501,1.2402777777777778,0.5,-0.2402777777777777,0.34,0.0
2028979,0.5555555555555555,0.6999999999999998,0.4444444444444444,0.0,1.0
5994245,1.1295386904761904,0.6000000000000001,-0.1295386904761905,0.9066666666666668,0.0
5996088,1.4462962962962962,0.5333333333333333,-0.4462962962962964,1.1866666666666668,0.0
5987802,1.1495915032679738,0.6666666666666666,-0.14959150326797385,1.0733333333333333,0.0
5987984,1.3046296296296296,0.6333333333333333,-0.30462962962962964,0.7956494600312936,0.0
1633806,0.6259462759462759,0.6333333333333333,0.3740537240537241,0.0,1.0
5997969,1.7027777777777775,0.6666666666666666,-0.7027777777777778,1.2266666666666666,0.0
2460926,1.4096380471380472,0.43333333333333335,-0.4096380471380471,0.0,1.0
2123829,1.4324404761904759,0.7333333333333334,-0.43244047619047626,0.0,1.0
3368441,1.6025462962962962,0.5666666666666667,-0.6025462962962963,0.0,1.0
5988506,1.1888888888888889,0.5333333333333333,-0.18888888888888888,2.012987945568112,0.0
2561439,0.9375420875420876,0.6333333333333333,0.06245791245791245,0.0,1.0
1617273,0.6410383597883599,0.5333333333333333,0.3589616402116402,0.0,1.0
5984356,0.9842246642246644,0.6,0.01577533577533578,0.8666666666666667,0.0
5978848,1.0930555555555557,0.5333333333333333,-0.09305555555555556,0.8466666666666667,0.0
5990345,1.4081349206349203,0.6,-0.4081349206349207,0.4133333333333333,0.0
5984272,0.9722222222222222,0.5333333333333333,0.027777777777777752,0.5066666666666667,0.0
5984965,1.1289225589225589,0.5,-0.1289225589225589,1.1666666666666667,0.0
5994889,1.291056166056166,0.6,-0.291056166056166,1.0066666666666666,0.0
5994765,1.1280753968253967,0.5333333333333333,-0.1280753968253968,1.42,0.0
5980907,1.2555114638447973,0.7333333333333334,-0.2555114638447972,0.9266666666666666,0.0
5991681,0.9236111111111112,0.5,0.07638888888888888,1.2266666666666666,0.0
5994332,1.6260912698412702,0.7666666666666667,-0.6260912698412698,0.32,0.0
5992600,1.2369852369852372,0.4666666666666666,-0.236985236985237,0.37333333333333335,0.0
5984944,0.8861111111111111,0.6333333333333334,0.11388888888888887,0.9266666666666667,0.0
5993280,1.743915343915344,0.6,-0.7439153439153442,0.05333333333333334,0.0
5987992,0.8138010620915033,0.416534013613261,0.1861989379084968,0.8533333333333334,0.0
1860690,1.4023569023569022,0.6666666666666666,-0.4023569023569024,0.0,1.0
5992191,0.8472222222222223,0.6,0.15277777777777776,1.12,0.0
5998579,1.2991647241647242,0.5666666666666667,-0.29916472416472417,1.18,0.0
5990097,0.6413643790849674,0.6666666666666666,0.3586356209150327,1.586666666666667,0.0
5997353,0.8150252525252525,0.5333333333333333,0.1849747474747475,1.78,0.0
5988874,1.4485449735449736,0.7666666666666666,-0.4485449735449736,2.013333333333333,0.0
5989648,2.5964875989051808,0.5333333333333333,-0.9314827292812016,2.318105551371336,0.0
5978448,1.0694444444444444,0.5666666666666667,-0.06944444444444446,0.02666666666666667,0.0
5997250,0.920436507936508,0.6666666666666666,0.07956349206349203,0.52,0.0
5981620,1.1006734006734007,0.6999999999999998,-0.10067340067340068,0.62,0.0
5998777,1.4055555555555557,0.5333333333333333,-0.4055555555555556,1.0933333333333333,0.0
5979716,1.593968253968254,0.5666666666666668,-0.593968253968254,0.4266666666666666,0.0
5984539,1.2848873348873349,0.5333333333333333,-0.2848873348873349,0.30666666666666664,0.0
5979072,1.4944444444444442,0.6666666666666666,-0.4944444444444445,0.3466666666666667,0.0
5979711,1.266919191919192,0.6333333333333333,-0.26691919191919194,0.2466666666666667,0.0
5992766,1.442046957671958,0.6,-0.4420469576719577,0.6266666666666667,0.0
5989034,0.6329545454545454,0.5333333333333333,0.3670454545454545,0.32666666666666666,0.0
5980241,1.352777777777778,0.4333333333333333,-0.3527777777777777,0.37333333333333335,0.0
5998097,1.1061507936507935,0.4666666666666666,-0.10615079365079363,0.9,0.0
1501057,1.2915445665445666,0.5666666666666667,-0.29154456654456656,0.0,1.0
1699411,1.3501080879258849,0.5666666666666668,-0.6128510378510379,0.0,1.0
5994672,1.523471809036988,0.6,-0.6088529123572429,0.8570512112188332,0.0
5986430,1.1351953601953602,0.5333333333333333,-0.1351953601953602,0.2933333333333333,0.0
5984541,0.9755514705882352,0.6333333333333334,0.02444852941176469,1.32,0.0
5990217,1.6228282828282827,0.4666666666666666,-0.6228282828282828,1.5200000000000002,0.0
2635453,1.6329616013071897,0.6333333333333333,-0.6329616013071896,0.0,1.0
5978732,1.6085273692810458,0.6666666666666666,-0.6085273692810458,1.34,0.0
2363489,0.9412202380952379,0.6,0.05877976190476189,0.0,1.0
5986721,1.2768518518518517,0.6999999999999998,-0.27685185185185185,0.5252863543936094,0.0
2075639,0.9252645502645502,0.5,0.07473544973544972,0.0,1.0
5999076,1.0877976190476188,0.6,-0.08779761904761903,1.28,0.0
5986811,0.8981481481481483,0.5666666666666665,0.10185185185185186,0.7999999999999999,0.0
2777152,1.6308302808302806,0.5666666666666668,-0.6308302808302808,0.0,1.0
1523804,1.3980158730158732,0.5666666666666668,-0.398015873015873,0.0,1.0
5981599,1.0916666666666666,0.5333333333333333,-0.09166666666666667,1.0066666666666666,0.0
5996862,1.139484126984127,0.6666666666666666,-0.139484126984127,0.6333333333333333,0.0
5994996,0.9805555555555556,0.6,0.019444444444444414,0.19333333333333333,0.0
2518799,0.7361111111111112,0.6,0.2638888888888889,0.0,1.0
5979477,1.6109890109890113,0.5,-0.610989010989011,0.2933333333333333,0.0
2703745,1.237637362637363,0.6,-0.2376373626373626,0.0,1.0
5984971,0.7720238095238096,0.7000000000000001,0.2279761904761905,0.8000000000000002,0.0
5994463,0.9529040404040404,0.7000000000000001,0.04709595959595958,0.2588591086434573,0.0
3121677,1.2862949346405228,0.6,-0.2862949346405229,0.0,1.0
5985157,0.6523400673400673,0.7000000000000001,0.3476599326599326,1.1266666666666667,0.0
2364508,0.8122710622710622,0.6333333333333333,0.18772893772893773,0.0,1.0
5983605,1.7139665889665892,0.5666666666666668,-0.7139665889665892,0.5866666666666666,0.0
5989640,0.7222222222222222,0.4333333333333333,0.2777777777777777,0.82,0.0
2587728,0.9646329365079364,0.43333333333333335,0.035367063492063484,0.0,1.0
2442068,1.4678367928367928,0.5333333333333333,-0.4678367928367929,0.0,1.0
5993309,1.5865079365079364,0.6666666666666666,-0.5865079365079365,0.4666666666666667,0.0
2186910,0.6296632996632997,0.6999999999999998,0.3703367003367004,0.0,1.0
1883641,1.0899343711843712,0.6,-0.08993437118437116,0.0,1.0
5980698,1.3412698412698412,0.6666666666666666,-0.3412698412698412,0.8933333333333332,0.0
5991942,1.4222883597883598,0.6666666666666666,-0.4222883597883598,1.26,0.0
5989993,1.2055555555555555,0.5666666666666667,-0.20555555555555552,1.9666666666666668,0.0
5983783,1.2796296296296297,0.4666666666666666,-0.2796296296296296,1.0933333333333333,0.0
5979026,1.431439393939394,0.5,-0.431439393939394,1.6133333333333333,0.0
5990191,1.2690476190476192,0.6666666666666666,-0.26904761904761904,1.2066666666666668,0.0
5995324,1.2341269841269842,0.6666666666666666,-0.2341269841269841,0.9866666666666668,0.0
2208846,1.2686195286195283,0.5333333333333333,-0.2686195286195286,0.0,1.0
5995339,1.3861111111111108,0.5333333333333333,-0.3861111111111112,0.3666666666666667,0.0
5994078,0.9725198412698411,0.5666666666666667,0.027480158730158744,1.9733333333333332,0.0
5979573,1.7544418544418547,0.4000000000000001,-0.7544418544418544,0.68,0.0
2687515,1.2888888888888892,0.6333333333333334,-0.2888888888888889,0.0,1.0
3387352,0.8347731963021102,0.5666666666666665,0.3485615833475831,0.0,1.0
2050339,1.5945105820105818,0.6333333333333333,-0.5945105820105819,0.0,1.0
5993852,1.1611111111111112,0.6333333333333333,-0.16111111111111112,1.64,0.0
5997463,1.4625457875457877,0.6666666666666666,-0.4625457875457875,0.7866666666666666,0.0
5981567,1.4502480158730158,0.5666666666666668,-0.4502480158730158,0.9266666666666667,0.0
5992667,0.6493881118881119,0.6999999999999998,0.3506118881118881,0.9933333333333332,0.0
5981766,1.6191245791245792,0.4000000000000001,-0.6191245791245791,0.2866666666666667,0.0
2283170,1.3027472527472528,0.8000000000000002,-0.3027472527472527,0.0,1.0
5997786,1.0864087301587302,0.7333333333333334,-0.08640873015873014,1.7533333333333332,0.0
5998856,0.6388888888888888,0.6,0.3611111111111112,1.4570904330397472,0.0
5984599,1.5551587301587302,0.6333333333333333,-0.5551587301587301,1.8462370208193963,0.0
5988596,1.8865079365079367,0.5333333333333333,-0.8865079365079366,0.86,0.0
5995455,1.229685685943862,0.5666666666666668,-0.3301740182444299,0.714510400330485,0.0
5984905,1.105489417989418,0.5333333333333333,-0.10548941798941798,1.16,0.0
5987576,1.472069597069597,0.6333333333333333,-0.472069597069597,0.9466666666666668,0.0
5984121,1.3791666666666669,0.6,-0.37916666666666665,1.1333333333333333,0.0
1558322,1.4751404151404153,0.6666666666666666,-0.4751404151404151,0.0,1.0
5993181,0.6082837301587302,0.6333333333333334,0.3917162698412699,0.92,0.0
5980421,0.8032407407407408,0.6,0.1967592592592593,0.7200000000000001,0.0
5991492,1.2939484126984129,0.5666666666666665,-0.2939484126984127,1.4533333333333334,0.0
5986775,0.875,0.5666666666666667,0.125,1.0,0.0
5984197,1.5644781144781146,0.5666666666666668,-0.5644781144781145,1.5533333333333337,0.0
5992276,0.8142908017908018,0.6333333333333333,0.1857091982091982,0.5733333333333334,0.0
5996105,1.2942460317460318,0.6000000000000001,-0.29424603174603176,1.7266666666666666,0.0
5988701,4.015591573664339,0.43333333333333335,0.050198412698412735,0.6466666666666666,0.0
5989217,0.9543650793650794,0.4666666666666666,0.04563492063492064,1.4533333333333331,0.0
5983666,1.1324735449735448,0.7000000000000001,-0.13247354497354494,1.6933333333333334,0.0
5988831,0.9543154761904762,0.5666666666666668,0.04568452380952381,1.5200000000000002,0.0
3398462,1.115410052910053,0.6333333333333333,-0.11541005291005292,0.0,1.0
5990699,0.7712962962962963,0.5333333333333333,0.2287037037037037,0.36000000000000004,0.0
5988344,1.2675084175084177,0.6333333333333333,-0.26750841750841753,1.24,0.0
5982964,0.9805555555555556,0.7666666666666666,0.019444444444444448,1.4400000000000002,0.0
5987876,1.1323232323232324,0.5,-0.13232323232323231,1.0599999999999998,0.0
2790313,0.8055555555555557,0.5666666666666668,0.19444444444444445,0.0,1.0
5980615,1.6102258852258853,0.4666666666666666,-0.6102258852258852,1.2666666666666666,0.0
5993676,1.3072303921568629,0.33521282527691243,-0.3072303921568627,1.9533333333333327,0.0
2112148,1.4164224664224665,0.6666666666666666,-0.16841818013283985,0.0,1.0
2437987,1.209160052910053,0.6210314602418322,-0.2091600529100529,0.0,1.0
5984789,0.9326388888888888,0.5666666666666668,0.06736111111111111,0.9333333333333332,0.0
5983020,0.9671296296296296,0.6,0.03287037037037036,1.24,0.0
2868828,1.4677544677544676,0.6,-0.4677544677544678,0.0,1.0
5993662,1.2686868686868686,0.43333333333333335,-0.06300288600288599,0.7933333333333333,0.0
1644599,1.0800785634118968,0.4666666666666666,-0.08007856341189679,0.0,1.0
5986583,1.243104118104118,0.5666666666666667,-0.2431041181041181,1.4933333333333334,0.0
5978359,0.6181818181818182,0.4666666666666666,0.3818181818181818,0.6666666666666666,0.0
5996066,1.542857142857143,0.4666666666666666,-0.5428571428571428,1.6266666666666667,0.0
5997100,0.9365151515151516,0.6666666666666666,0.06348484848484848,0.39333333333333337,0.0
5995669,1.7007622254405697,0.8000000000000002,-0.4159254040597866,1.8402200303844367,0.0
5994392,1.6044753086419752,0.6666666666666666,-0.6044753086419753,1.406666666666667,0.0
5985479,0.9404761904761906,0.7333333333333334,0.05952380952380953,0.8200000000000002,0.0
1759857,1.0613492063492065,0.6666666666666666,-0.06134920634920636,0.0,1.0
5997192,1.1992424242424242,0.5,-0.19924242424242425,1.59,0.0
5980980,0.6666666666666666,0.7,0.3333333333333333,0.63,0.0
2582061,1.1292929292929292,0.6333333333333333,-0.1292929292929293,0.0,1.0
5990760,1.5088888888888887,0.6333333333333333,-0.5088888888888888,1.1666666666666667,0.0
5992710,0.972039072039072,0.4118778245030718,0.027960927960927955,0.1,0.0
3247436,1.0914224664224663,0.4709788266588592,-0.09142246642246643,0.0,1.0
1685642,1.6102258852258853,0.6,-0.6102258852258852,0.0,1.0
2132590,1.109457671957672,0.5666666666666668,-0.10945767195767198,0.0,1.0
2654160,1.4650793650793652,0.6333333333333333,-0.4650793650793652,0.0,1.0
2214927,1.5805555555555555,0.6,-0.5805555555555556,0.0,1.0
5990864,0.6364224664224665,0.6,0.3635775335775335,1.88,0.0
5992307,1.2677248677248676,0.6,-0.2677248677248677,0.5866666666666667,0.0
5985038,1.5976800976800976,0.6666666666666666,-0.5976800976800977,2.1,0.0
5984563,0.9735521885521886,0.6333333333333334,0.026447811447811442,1.0466666666666666,0.0
5981726,2.399645158933021,0.5333333333333333,-0.5689153439153439,1.34,0.0
1800630,1.2841503267973855,0.6333333333333333,-0.2841503267973857,0.0,1.0
5993549,1.6046031746031746,0.6333333333333333,-0.6046031746031746,0.4666666666666666,0.0
2501790,1.1413888888888888,0.5,-0.1413888888888889,0.0,1.0
5980284,1.4011408314024714,0.6333333333333333,-0.33849206349206346,0.88,0.0
3415945,0.8250000000000001,0.6,0.17500000000000002,0.0,1.0
2015886,1.4705738705738705,0.6666666666666666,-0.4705738705738705,0.0,1.0
5986676,0.8702380952380953,0.6333333333333333,0.12976190476190474,0.4733333333333333,0.0
5992056,1.0097222222222222,0.4666666666666666,-0.00972222222222222,0.4333333333333333,0.0
5979379,1.2347222222222225,0.6,-0.23472222222222225,1.1466666666666667,0.0
5998488,1.4392129629629629,0.7333333333333334,-0.4392129629629629,1.0933333333333333,0.0
2184685,1.6103479853479854,0.8000000000000002,-0.6103479853479854,0.0,1.0
5989957,0.8524074074074074,0.6666666666666666,0.1475925925925926,1.18,0.0
3235079,1.2450168350168351,0.7666666666666666,-0.24501683501683505,0.0,1.0
5982093,1.125,0.5,-0.12500000000000006,0.7066666666666667,0.0
5981960,1.3555555555555554,0.5333333333333333,-0.3555555555555556,0.5133333333333333,0.0
5990991,1.3020016339869285,0.7333333333333334,0.004999085702717415,0.7866666666666666,0.0
5998988,1.034722222222222,0.5666666666666667,-0.034722222222222245,0.94,0.0
5982927,1.400925925925926,0.7333333333333334,-0.4009259259259259,1.36,0.0
5979968,1.1585083341586018,0.8000000000000002,-0.43580986761288104,0.3001714479564595,0.0
2213284,0.5305555555555556,0.5,0.4694444444444444,0.0,1.0
2279688,1.3068218954248365,0.4666666666666666,-0.30682189542483657,0.0,1.0
5998659,0.6292929292929292,0.5666666666666668,0.3707070707070707,1.04,0.0
3152596,1.0734126984126984,0.7000000000000001,-0.07341269841269843,0.0,1.0
5981853,0.9472222222222224,0.7333333333333334,-0.06324796228411449,0.5666666666666667,0.0
2018115,1.193452380952381,0.55,-0.19345238095238101,0.0,1.0
5982122,0.7361111111111112,0.5,0.2638888888888889,0.20666666666666667,0.0
5997712,1.2906711344211343,0.6772754290609043,-0.2906711344211344,1.08,0.0
5985397,0.9486742424242424,0.7333333333333334,0.05132575757575756,1.8133333333333328,0.0
5986363,1.4492063492063492,0.6,-0.4492063492063492,0.8000000000000002,0.0
2023818,1.2681944444444444,0.6666666666666666,-0.2681944444444445,0.0,1.0
5986129,0.7672222222222222,0.4253736183202829,0.23277777777777775,0.3666666666666667,0.0
5984733,1.2811868686868686,0.6,-0.02862062524012206,1.6,0.0
3026342,1.0510582010582012,0.7333333333333334,-0.05105820105820106,0.0,1.0
5989953,1.5613095238095236,0.7333333333333334,-0.5613095238095238,0.4866666666666666,0.0
5993492,1.0541666666666667,0.6,-0.05416666666666664,1.62,0.0
5995834,1.2301587301587302,0.6333333333333333,-0.2301587301587301,0.5066666666666667,0.0
5991449,1.7819902319902319,0.5333333333333333,-0.7819902319902319,0.7668274392654747,0.0
5994589,1.4712509712509714,0.6,-0.4712509712509713,0.68,0.0
5991186,1.3021650442172388,0.6000000000000001,-0.23015873015873015,1.1,0.0
5982698,1.0836111111111109,0.5,-0.0836111111111111,0.4133333333333333,0.0
1740946,1.1257575757575755,0.5333333333333333,-0.12575757575757576,0.0,1.0
5998853,1.6242845117845115,0.5333333333333333,-0.6242845117845118,0.18666666666666665,0.0
1798450,1.6041666666666663,0.55,-0.6041666666666666,0.0,1.0
5980768,1.7928224206349206,0.5333333333333333,-0.7928224206349207,1.58,0.0
2109456,1.225,0.5333333333333333,-0.225,0.0,1.0
5989647,1.1881042773151984,0.7000000000000001,-0.4037017327421662,0.8933333333333332,0.0
5990040,1.4320818070818069,0.5,-0.4320818070818071,0.5733333333333334,0.0
5991284,1.2419973544973546,0.6,-0.2419973544973545,1.0266666666666666,0.0
5983400,0.7941468253968255,0.5666666666666668,0.20585317460317454,0.58,0.0
3397688,1.7055555555555555,0.6,-0.7055555555555556,0.0,1.0
5990155,0.7831349206349206,0.5333333333333333,0.2168650793650794,0.18000000000000002,0.0
5997754,1.0344742063492065,0.7000000000000001,-0.03447420634920634,0.7466666666666667,0.0
3253965,0.9648580586080588,0.5666666666666667,0.03514194139194138,0.0,1.0
3011677,0.4611111111111112,0.4,-1.1690405328798188,0.0,1.0
5993893,1.4461764705882354,0.6,-0.44617647058823534,0.52,0.0
5998900,1.1083333333333334,0.6666666666666666,-0.10833333333333332,0.46,0.0
5985978,1.4418650793650791,0.5333333333333333,-0.44186507936507935,1.1733333333333331,0.0
5991715,1.4335858585858583,0.7000000000000001,-0.4335858585858586,1.1333333333333335,0.0
1641614,1.6331313131313132,0.6333333333333334,-0.6331313131313131,0.0,1.0
5991262,1.0148148148148148,0.5333333333333333,-0.01481481481481481,1.3666666666666665,0.0
3272184,1.3056166056166056,0.5666666666666667,-0.3056166056166056,0.0,1.0
5999102,1.2378510378510381,0.6333333333333333,-0.2378510378510378,0.9266666666666666,0.0
5984931,1.2752442002442004,0.7666666666666666,-0.4811566601348316,0.6333333333333334,0.0
2286867,0.7785353535353536,0.6333333333333333,0.22146464646464645,0.0,1.0
5992646,1.1166666666666667,0.6333333333333333,-0.11666666666666665,0.5466666666666667,0.0
5982153,1.1722222222222225,1.6925704858177666,-0.17222222222222225,1.6266666666666667,0.0
5993144,1.237962962962963,0.5333333333333333,-0.2379629629629629,1.0133333333333334,0.0
5992804,1.5937610229276895,0.6333333333333333,-0.5937610229276896,0.7733333333333333,0.0
3380375,1.1209821428571431,0.5333333333333333,-0.12098214285714284,0.0,1.0
5985973,1.3687032727102413,0.5,-0.12506613756613758,2.1666666666666665,0.0
5991342,0.9787851037851036,0.6999999999999998,0.02121489621489621,0.9066666666666668,0.0
2795758,1.1194444444444445,0.5333333333333333,-0.11944444444444445,0.0,1.0
5986680,0.7847222222222223,0.5666666666666667,0.2152777777777778,0.2,0.0
5989108,1.0864087301587302,0.6666666666666666,-0.08640873015873014,0.17333333333333334,0.0
5983505,1.0912457912457911,0.5666666666666668,-0.09124579124579124,0.7266666666666667,0.0
5982254,1.0341269841269842,0.7000000000000001,-0.03412698412698412,1.1666666666666667,0.0
5994981,1.4204365079365078,0.4523716626905017,-0.17070064313146616,0.8533333333333334,0.0
5993166,1.1939484126984128,0.4000000000000001,-0.1939484126984127,0.9333333333333336,0.0
5979279,1.1041997354497357,0.5666666666666667,-0.10419973544973547,1.1666666666666667,0.0
5998012,1.6417708317037176,0.6666666666666666,0.2163947163947164,0.7866666666666666,0.0
2087279,0.9664814814814814,0.5,0.03351851851851852,0.0,1.0
5987343,1.0472222222222225,0.7000000000000001,-0.047222222222222235,0.9666666666666668,0.0
5983447,1.4198412698412701,0.6999999999999998,-0.41984126984126985,0.7400000000000001,0.0
2190306,0.8004208754208754,0.5666666666666668,0.1995791245791246,0.0,1.0
5997249,1.7142857142857144,0.7666666666666666,-0.7142857142857143,1.24,0.0
1892086,1.134736251402918,0.5,-0.1347362514029181,0.0,1.0
5990992,1.7991732804232805,0.6666666666666666,-0.7991732804232804,0.5933333333333334,0.0
5994973,0.9724969474969476,0.6,0.02750305250305248,1.18,0.0
5995798,1.0361111111111112,0.5,-0.03611111111111113,0.28,0.0
5980094,0.6460317460317461,0.6333333333333333,0.35396825396825393,0.7866666666666666,0.0
5994926,1.4626678876678876,0.5,-0.4626678876678876,0.14,0.0
5995784,0.9107142857142856,0.5,0.08928571428571429,0.6333333333333333,0.0
5992739,0.8058455433455434,0.6999999999999998,0.19415445665445666,0.7200000000000001,0.0
5995022,1.2428571428571429,0.5333333333333333,-0.2428571428571429,1.2,0.0
3147888,1.138888888888889,0.8000000000000002,-0.13888888888888892,0.0,1.0
5980192,0.981953601953602,0.5,0.018046398046398,0.7200000000000001,0.0
5987234,0.9760437710437708,0.7333333333333333,0.023956228956228967,1.106666666666667,0.0
2194960,1.4603174603174602,0.7,-0.4603174603174603,0.0,1.0
5991806,0.7555555555555555,0.5666666666666667,0.24444444444444444,0.4266666666666667,0.0
5987287,1.2829670329670328,0.4333333333333333,-0.282967032967033,0.8133333333333334,0.0
5994735,1.5849867724867728,0.5666666666666667,-0.5849867724867724,0.62,0.0
2773269,0.9782076719576719,0.6333333333333333,0.02179232804232804,0.0,1.0
1505078,1.5666666666666669,0.7000000000000001,-0.5666666666666668,0.0,1.0
5991462,0.8018097643097644,0.6333333333333333,0.19819023569023564,0.8133333333333334,0.0
5998381,0.6507427757427758,0.6666666666666666,0.3492572242572242,1.6333333333333335,0.0
5998817,1.7020502645502644,0.6666666666666666,-0.7020502645502645,0.8933333333333334,0.0
5999244,0.7799382716049382,0.987930641565968,0.2200617283950617,0.92,0.0
5998617,1.0888888888888888,0.5333333333333333,-0.0888888888888889,0.88,0.0
5980220,1.2922558922558922,0.5666666666666667,-0.2922558922558923,1.26,0.0
2281660,1.3044057794057793,0.6,-0.3044057794057794,0.0,1.0
5978038,0.9193602693602694,0.66386606447916,0.08063973063973066,1.0133333333333334,0.0
2475195,1.2745791245791245,0.43333333333333335,-0.2745791245791245,0.0,1.0
5994700,0.9939814814814816,0.7333333333333334,0.006018518518518525,0.6666666666666666,0.0
5985186,0.9462962962962962,0.5666666666666668,0.05370370370370372,0.22666666666666666,0.0
5985929,1.0694444444444444,0.5333333333333333,-0.06944444444444446,0.2733333333333334,0.0
3230791,2.885131987071335,0.6999999999999998,-0.1354208754208754,0.0,1.0
1950450,1.3812134502923978,0.6333333333333333,-0.10051169590643272,0.0,1.0
1793008,1.1332341269841268,0.8000000000000002,-0.13323412698412698,0.0,1.0
5986825,0.9575252525252526,0.5666666666666668,0.042474747474747485,0.86,0.0
2697557,0.8896825396825397,0.6000000000000001,0.11031746031746033,0.0,1.0
5979596,1.3722222222222218,0.6,-0.3722222222222222,0.7866666666666667,0.0
5978810,1.6240537240537245,0.5,-0.6240537240537241,0.52,0.0
5997703,1.4492424242424242,0.7333333333333334,-0.4492424242424242,0.02666666666666667,0.0
5999149,1.271754984234083,0.7000000000000001,-0.4289971505823593,0.6331943004457464,0.0
5994901,1.2381944444444446,0.6999999999999998,-0.2381944444444445,0.5333333333333333,0.0
5985943,0.5527777777777777,0.6666666666666666,0.4472222222222222,0.7600000000000001,0.0
5987124,1.1180708180708179,0.5333333333333333,-0.11807081807081808,0.4666666666666666,0.0
5980482,1.1050099206349209,0.6666666666666666,-0.10500992063492064,1.1333333333333335,0.0
5995552,0.975,0.5333333333333333,0.025000000000000005,0.32666666666666666,0.0
1804909,0.9552188552188552,0.4666666666666666,0.04478114478114479,0.0,1.0
5978920,0.9744560994560996,0.6666666666666666,0.025543900543900544,0.6866666666666666,0.0
2366934,0.8074074074074074,0.7333333333333334,0.19259259259259265,0.0,1.0
5980533,0.7840079365079365,0.5,0.2159920634920636,1.06,0.0
5995713,0.9277777777777776,0.6,0.0722222222222222,0.7799999999999999,0.0
5996210,1.2351851851851852,0.6,-0.2351851851851852,1.7733333333333332,0.0
5983931,1.146733821733822,0.6666666666666666,-0.14673382173382174,0.9,0.0
5986944,1.6223905723905725,0.6333333333333333,-0.6223905723905724,0.4066666666666667,0.0
5984490,1.1955555555555557,0.7000000000000001,-0.1955555555555556,1.22,0.0
5987960,1.4138888888888888,0.6666666666666666,-0.4138888888888889,0.26,0.0
5985915,1.1322222222222222,0.6000000000000001,-0.1322222222222222,1.5599999999999998,0.0
2031522,1.2464590964590965,0.7000000000000001,-0.2464590964590965,0.07644203182378136,1.0
5994424,1.6176470588235297,0.5,-0.6176470588235294,1.2866666666666668,0.0
5982988,0.9715860528360528,0.6666666666666666,0.028413947163947142,1.34,0.0
5996337,1.0737433862433865,0.6999999999999998,-0.07374338624338624,0.8400000000000002,0.0
5991091,0.6300785634118967,0.61008457841005,0.3699214365881032,1.1333333333333333,0.0
5994008,1.6666666666666667,0.5333333333333333,-0.6666666666666666,1.38,0.0
5983128,0.4877604166666667,0.6,0.5122395833333333,1.16,0.0
5981169,0.4682319223985891,0.6666666666666666,0.5317680776014111,0.8933333333333334,0.0
2046766,1.4388888888888889,0.6,-0.4388888888888889,0.0,1.0
1913398,0.6511279461279461,0.6666666666666666,0.34887205387205383,0.0,1.0
5985697,0.6498181216931217,0.5666666666666668,0.35018187830687825,1.42,0.0
5990932,0.961462148962149,0.5666666666666668,0.03853785103785105,0.7200000000000001,0.0
5985190,1.4176379176379177,0.6,-0.4176379176379177,0.94,0.0
2645927,0.9780555555555556,0.7,0.021944444444444437,0.0,1.0
5995298,1.1078144078144077,0.6666666666666666,-0.10781440781440783,1.5200000000000002,0.0
5989020,1.1123280423280424,0.6333333333333333,-0.11232804232804232,0.5199999999999999,0.0
5983437,1.5720238095238095,0.5666666666666668,-0.5720238095238095,0.4333333333333333,0.0
5982259,1.0407407407407407,0.5333333333333333,-0.04074074074074074,0.4,0.0
5983673,0.9529040404040404,0.6333333333333333,0.04709595959595958,0.98,0.0
5994550,1.0138888888888888,0.6666666666666666,-0.01388888888888889,1.0733333333333337,0.0
5996372,0.9848710317460316,0.6333333333333333,0.015128968253968237,1.0733333333333337,0.0
5980184,1.1246160130718954,0.6333333333333333,-0.1246160130718954,1.4799999999999998,0.0
5984082,0.7337962962962963,0.5,0.2662037037037037,0.4533333333333334,0.0
5995431,1.4372053872053872,0.7000000000000001,-0.4372053872053872,0.2866666666666667,0.0
5992943,1.4506798756798756,0.5,-0.4506798756798757,1.5066666666666666,0.0
5981399,1.275925925925926,0.6666666666666666,-0.2759259259259259,1.02,0.0
5991823,0.30277777777777776,0.5,0.6972222222222223,0.6,0.0
2172836,1.0943602693602694,0.6,-0.09436026936026937,0.0,1.0
5995472,0.9451388888888888,0.6333333333333333,0.054861111111111104,0.38666666666666666,0.0
5998991,1.0938888888888891,0.6666666666666666,-0.09388888888888887,0.12,0.0
5991506,0.9333333333333332,0.6,0.06666666666666668,0.9933333333333332,0.0
3243426,1.144766865079365,0.7000000000000001,-0.1447668650793651,0.0,1.0
5993937,0.6367063492063493,0.5,0.3632936507936508,0.8466666666666667,0.0
5979671,1.5537037037037038,0.6333333333333334,-0.5537037037037037,0.16666666666666666,0.0
3204108,0.9556944444444444,0.4666666666666666,0.04430555555555555,0.0,1.0
5988417,0.762962962962963,0.4666666666666666,0.23703703703703705,0.3466666666666667,0.0
5990592,1.5907407407407408,0.5,-0.5907407407407407,0.22,0.0
5998386,0.9529609279609279,0.6999999999999998,0.04703907203907204,2.02,0.0
5993357,1.1689814814814816,0.5666666666666668,-0.16898148148148148,0.3133333333333333,0.0
5983755,2.5397379672678912,0.5333333333333333,0.12500000000000006,0.5333333333333333,0.0
5996875,1.093813029885653,0.6,-0.2687183920819849,1.4898597277861494,0.0
2853577,1.2937525437525437,0.7000000000000001,-0.2937525437525437,0.0,1.0
5988605,1.1317063492063493,0.6333333333333333,-0.1317063492063492,1.0066666666666666,0.0
5994883,1.0877104377104376,0.5333333333333333,-0.08771043771043774,0.8533333333333334,0.0
5979256,1.111111111111111,0.5333333333333333,-0.11111111111111112,0.6133333333333334,0.0
5990317,1.2331349206349207,0.4333333333333333,-0.2331349206349206,0.68,0.0
5990456,0.968939393939394,0.5,0.031060606060606056,1.1266666666666667,0.0
5981110,1.278030303030303,0.5666666666666668,-0.27803030303030296,0.96,0.0
5993933,1.2796231546231545,0.7666666666666666,-0.2796231546231546,2.2,0.0
5982968,1.4888888888888892,0.6,-0.4888888888888889,1.0933333333333335,0.0
5997012,1.3388888888888888,0.5666666666666668,-0.33888888888888896,1.08,0.0
1738524,1.4415501165501166,0.5333333333333333,-0.44155011655011656,0.03946639790793191,1.0
1715889,1.6389880952380953,0.6333333333333333,-0.6389880952380952,0.0,1.0
5996971,1.8087888071895424,0.6666666666666666,-0.8087888071895425,1.66,0.0
2605128,1.1106481481481485,0.43333333333333335,-0.11064814814814816,0.0,1.0
5984173,1.4308080808080808,0.4000000000000001,-0.4308080808080808,0.64,0.0
5981420,1.6324754901960783,0.7333333333333334,-0.6324754901960784,0.44,0.0
5998558,0.9646825396825396,0.6,0.0353174603174603,0.52,0.0
5987150,1.2871717171717172,0.5666666666666667,-0.2871717171717172,0.4879139790794221,0.0
5995197,0.7708333333333334,0.6,0.22916666666666666,0.48,0.0
5994492,1.2738095238095235,0.6,-0.2738095238095238,1.46,0.0
5991839,1.131228956228956,0.7000000000000001,-0.13122895622895622,0.6466666666666666,0.0
5998789,1.1285409035409035,0.6333333333333333,-0.12854090354090356,0.4666666666666666,0.0
5984306,1.1666666666666667,0.7666666666666667,-0.16666666666666666,0.4333333333333333,0.0
5984906,1.0794612794612797,0.7333333333333334,-0.07946127946127944,0.84,0.0
2237511,1.7371380471380469,0.4666666666666666,-0.4569489386619822,0.0,1.0
5981445,1.312912087912088,0.33421362618280925,-0.3129120879120879,1.6,0.0
5998215,1.2208927660084157,0.5136813914256094,-0.26355820105820105,0.6333333333333333,0.0
2700426,1.3833333333333335,0.6666666666666666,-0.3833333333333333,0.0,1.0
5980133,1.415319865319865,0.7000000000000001,-0.4153198653198653,1.0533333333333337,0.0
5978221,1.4566468253968254,0.5,-0.4566468253968254,0.7600000000000001,0.0
5997757,1.5694444444444444,0.5666666666666667,-0.5694444444444445,0.64,0.0
5997104,1.0833333333333333,0.6333333333333334,-0.08333333333333333,1.2533333333333334,0.0
5983212,1.433089133089133,0.4666666666666666,-0.4330891330891331,0.8933333333333332,0.0
1798501,1.5277777777777777,0.5666666666666667,-0.5277777777777778,0.0,1.0
5980436,1.1732142857142858,0.6,-0.17321428571428574,0.6866666666666666,0.0
3106568,1.2702686202686202,0.5666666666666668,-0.27026862026862025,0.0,1.0
5990644,1.4557239057239058,0.6666666666666666,-0.4557239057239057,0.7866666666666666,0.0
2442379,1.5666971916971917,0.7000000000000001,-0.5666971916971917,0.0,1.0
5979373,1.0185185185185184,0.7000000000000001,-0.018518518518518517,0.26,0.0
5979622,1.2727758352758352,0.6,-0.2727758352758353,0.3866666666666667,0.0
5983176,1.1343939393939395,0.5666666666666667,-0.13439393939393934,0.7000000000000001,0.0
5998164,1.2555555555555555,0.4666666666666666,-0.2555555555555556,1.2266666666666666,0.0
3400930,1.6397194989106751,0.5333333333333333,-0.6397194989106755,0.0,1.0
3298824,1.4533670033670034,0.6,-0.4533670033670034,0.0,1.0
1799490,1.9634343434343435,0.7333333333333334,-0.9634343434343434,0.0,1.0
5986847,1.0069444444444444,0.5,-0.0069444444444444475,0.42,0.0
5985286,0.973148148148148,0.6666666666666666,0.026851851851851863,0.08666666666666667,0.0
5978086,1.6490704469230817,0.6,-0.4208002645502645,0.86,0.0
2046163,1.786421911421911,0.5,-0.7864219114219114,0.0,1.0
5979941,1.4241161616161615,0.8000000000000002,-0.4241161616161617,0.42,0.0
1623234,1.2737193510063258,0.6999999999999998,-0.3697956076168933,0.0,1.0
2670349,1.3039419934640524,0.4434553702547197,-0.3039419934640523,0.0,1.0
3270269,1.1858683845680749,0.5666666666666668,-0.3022580118348953,0.0,1.0
1622579,0.5694444444444445,0.5666666666666667,0.4305555555555555,0.0,1.0
5978664,1.1797619047619048,0.5,-0.1797619047619048,0.99,0.0
5987450,0.9666666666666668,0.4666666666666666,0.03333333333333336,1.76,0.0
5982626,0.9658424908424909,0.6333333333333333,0.03415750915750918,0.09333333333333334,0.0
5983721,0.9460185185185184,0.5,0.053981481481481484,0.34,0.0
2655605,0.8025252525252525,0.4666666666666666,0.1974747474747475,0.0,1.0
5978765,1.4875,0.7000000000000001,-0.4875,0.84,0.0
5985857,1.6230639730639729,0.6666666666666666,-0.6230639730639731,0.7266666666666667,0.0
2872401,0.9212876948197528,0.42313025933147497,-0.13408856323366994,0.0,1.0
5983305,1.6223748473748474,0.6,-0.6223748473748474,0.44811826798793625,0.0
5992270,1.2562576312576317,0.6333333333333333,-0.2562576312576313,1.14,0.0
5994827,1.2796825396825398,0.6,-0.2796825396825397,1.0933333333333335,0.0
2759514,1.6040032679738565,0.5333333333333333,-0.6040032679738562,0.0,1.0
5992951,1.7206349206349207,0.6666666666666666,-0.7206349206349206,0.9,0.0
5982487,1.7785409035409037,0.6333333333333333,-0.6854685834759934,1.36,0.0
5997620,1.2437289562289562,0.5333333333333333,-0.2437289562289563,1.3333333333333333,0.0
5986087,1.286233660130719,0.5333333333333333,-0.286233660130719,1.1866666666666668,0.0
2304529,1.2543650793650791,0.6999999999999998,-0.2543650793650794,0.0,1.0
5990631,1.7963095238095241,0.6,-0.7963095238095238,0.6933333333333334,0.0
2575023,0.9480158730158732,0.6999999999999998,0.05198412698412699,0.0,1.0
5983346,1.1084126984126983,0.6333333333333333,-0.1084126984126984,1.0,0.0
5988770,1.0927777777777778,0.6999999999999998,-0.09277777777777778,0.7999999999999999,0.0
5995752,0.9806565656565656,0.4666666666666666,0.019343434343434347,0.6866666666666666,0.0
5989714,0.7972222222222222,0.5333333333333333,0.2027777777777778,0.7466666666666667,0.0
5978348,1.2534680134680134,0.6333333333333334,-0.25346801346801345,0.6866666666666666,0.0
5983686,0.8053030303030303,0.5,0.19469696969696967,1.4799999999999998,0.0
5981752,1.423149766899767,0.6333333333333334,-0.4231497668997669,1.0733333333333333,0.0
1528324,0.936489898989899,0.6,0.06351010101010103,0.0,1.0
5995570,1.756144781144781,0.6333333333333333,-0.7561447811447811,0.7866666666666667,0.0
5997285,1.0888888888888888,0.6,-0.0888888888888889,0.6933333333333334,0.0
5994366,1.2701719576719577,0.6666666666666666,-0.2701719576719577,1.0333333333333332,0.0
5986689,1.7562576312576317,0.43333333333333335,-0.7562576312576312,0.3800000000000001,0.0
5985494,0.970271164021164,0.5666666666666667,0.02972883597883597,0.08666666666666666,0.0
5982513,0.9759920634920636,0.5666666666666665,0.02400793650793652,0.86,0.0
5986719,1.6090388007054672,0.6999999999999998,-0.6090388007054673,0.8133333333333335,0.0
5995307,1.4720749131651871,0.7333333333333334,0.018518518518518528,0.8066666666666666,0.0
3235139,0.8130456349206351,0.6333333333333334,0.14455374384007846,0.0,1.0
1801379,0.8988425925925926,0.6,0.10115740740740742,0.0,1.0
5982376,0.940432098765432,0.5333333333333333,0.0595679012345679,0.46,0.0
5982334,0.9435185185185184,0.7000000000000001,0.05648148148148149,0.28,0.0
5981465,1.5878787878787881,0.5333333333333333,-0.5878787878787879,0.7599999999999999,0.0
5998985,2.135343653782919,0.6000000000000001,-0.4259920634920635,0.9333333333333336,0.0
5997649,0.7486111111111109,0.6,0.2513888888888889,1.2266666666666666,0.0
5984327,1.4518259518259518,0.7232191477275393,-0.4518259518259518,0.3533333333333333,0.0
5999056,0.9793650793650792,0.6,0.0206349206349206,1.7599999999999998,0.0
5986238,1.2803571428571427,0.5333333333333333,-0.2803571428571429,0.7399999999999999,0.0
3314496,1.5563973063973062,2.158222028352248,-0.5563973063973063,0.0,1.0
5985142,0.8180555555555555,0.7000000000000001,-0.041881202819381146,1.0533333333333337,0.0
2459650,1.8998640248640248,0.7333333333333334,-0.899864024864025,0.0,1.0
2194089,1.3714814814814815,0.6333333333333334,-0.3714814814814815,0.0,1.0
1524478,0.9074074074074074,0.5666666666666668,0.0925925925925926,0.0,1.0
5993642,0.5416666666666666,0.6666666666666666,0.4583333333333333,1.413333333333333,0.0
5981833,1.2463624338624335,0.6000000000000001,-0.2463624338624339,0.14666666666666667,0.0
5995578,1.4641636141636138,0.7000000000000001,-0.4641636141636141,0.9733333333333332,0.0
5990207,0.9611979392019142,0.7000000000000001,-0.18031250901409904,0.2403729182892045,0.0
1608910,1.4559523809523809,0.6,-0.3578307968407729,0.0,1.0
5997920,1.2291666666666667,0.5,-0.22916666666666666,0.43333333333333335,0.0
5984669,0.948148148148148,0.5,0.05185185185185186,1.3866666666666667,0.0
5983460,0.8101343101343103,0.7666666666666666,0.18986568986568986,0.52,0.0
1547119,1.0984126984126985,0.6666666666666666,-0.09841269841269844,0.0,1.0
2483852,0.938033108866442,0.6333333333333333,0.061966891133557765,0.0,1.0
5994095,0.9722603785103784,0.6666666666666666,0.027739621489621485,0.1,0.0
2759597,1.8912457912457912,0.6376436840988674,-0.8912457912457913,0.0,1.0
5981213,0.9596764346764348,0.5666666666666667,0.040323565323565284,1.16,0.0
5983619,1.3794973544973546,0.5,-0.3794973544973545,1.0666666666666669,0.0
5984077,1.4714203042328042,0.6666666666666666,-0.4714203042328042,0.2733333333333333,0.0
2307408,0.9564814814814816,0.5333333333333333,0.043518518518518484,0.0,1.0
5995278,1.2125,0.6666666666666666,-0.2125,1.1333333333333333,0.0
3030942,1.0777777777777775,0.6333333333333333,-0.07777777777777778,0.0,1.0
5999470,1.2661551411551408,0.5,-0.2661551411551412,0.84,0.0
5997070,1.386904761904762,0.6333333333333333,-0.38690476190476186,0.7866666666666667,0.0
3087334,1.2909391534391534,0.5,-0.29093915343915344,0.0,1.0
5990768,1.4676262626262624,0.5333333333333333,-0.8236636185962799,1.4666666666666668,0.0
5992995,1.5694444444444444,0.7000000000000001,-0.5694444444444445,1.3866666666666667,0.0
5978576,1.4316666666666666,0.6666666666666666,-0.43166666666666653,0.4733333333333333,0.0
5983413,1.1625,0.55,-0.2759142319407516,1.35,0.0
2822189,1.6138583638583637,0.5666666666666667,-0.6138583638583639,0.0,1.0
2085110,0.8118559218559219,0.7333333333333334,0.18814407814407816,0.0,1.0
5981801,0.960975135975136,0.6333333333333333,0.039024864024864034,1.3133333333333337,0.0
5982197,1.4175595238095238,0.5333333333333333,-0.4175595238095238,0.6,0.0
2424382,1.4757843137254902,0.4728614350626559,-0.4757843137254902,0.0,1.0
2573991,1.123376225490196,0.5,-0.1233762254901961,0.0,1.0
5987971,0.9773842592592592,0.4666666666666666,0.02261574074074076,1.1733333333333331,0.0
3415226,1.8050992063492064,0.35413339722602144,-0.8050992063492064,0.0,1.0
3211568,1.285030864197531,0.6333333333333333,-0.2850308641975308,0.0,1.0
1988274,1.09520202020202,0.6666666666666666,-0.09520202020202022,0.0,1.0
5997481,0.6456715506715507,0.5666666666666668,0.3543284493284493,0.3133333333333333,0.0
5989000,1.0925084175084174,0.6,-0.0925084175084175,1.0933333333333333,0.0
3268719,1.4296522921522925,0.6826046737109034,-0.4296522921522921,0.0,1.0
5995732,1.5637973137973138,0.5333333333333333,-0.5637973137973138,2.66,0.0
5995070,1.0906565656565657,0.6000000000000001,-0.09065656565656566,0.4533333333333333,0.0
2645351,0.7589285714285715,0.5333333333333333,0.2410714285714286,0.0,1.0
5987767,1.2020833333333334,0.6,-0.2020833333333333,0.2266666666666667,0.0
5989522,1.786700336700337,0.6,-0.7867003367003367,0.07333333333333332,0.0
5989518,1.5876388888888888,0.6000000000000001,-0.5876388888888888,0.6866666666666666,0.0
5996355,0.5644607618911849,0.5333333333333333,0.1702716587352501,0.3227604023722971,0.0
2084406,1.4675,0.5,-0.4675,0.0,1.0
3364464,1.4330753968253969,0.5333333333333333,-0.4330753968253968,0.0,1.0
5991593,1.021296296296296,0.7333333333333333,-0.021296296296296317,1.18,0.0
2326244,1.117279411764706,0.5,-0.11727941176470587,0.0,1.0
5984421,0.4686683006535948,0.6666666666666666,0.5313316993464051,0.22666666666666666,0.0
5980969,1.270970695970696,0.6,-0.27097069597069595,0.7533333333333333,0.0
5996206,1.0727777777777778,0.43333333333333335,-0.3170139337786397,1.1866666666666663,0.0
5990263,1.4412698412698413,0.5,-0.4412698412698413,1.8533333333333333,0.0
5994296,1.265034965034965,0.6,-0.26503496503496504,0.8266666666666667,0.0
5995537,0.6224206349206349,0.5666666666666668,0.3775793650793651,0.8133333333333334,0.0
1775053,1.310702614379085,0.5333333333333333,-0.31070261437908503,0.0,1.0
1833235,1.229242979242979,0.7000000000000001,-0.22924297924297926,0.0,1.0
5979125,1.2987373737373735,0.6333333333333333,-0.2987373737373737,1.2666666666666666,0.0
1517844,1.1416666666666666,0.65,-0.14166666666666666,0.0,1.0
2577712,0.5,0.5666666666666668,0.5,0.0,1.0
2596322,0.9683964183964184,0.5944547938983695,0.03160358160358153,0.0,1.0
5997900,1.1350378787878788,0.6333333333333333,-0.1350378787878788,0.66,0.0
5994835,0.8379629629629629,0.7000000000000001,0.16203703703703706,2.0433269912638403,0.0
5987677,1.7166666666666668,0.5,-0.7166666666666667,0.7133333333333333,0.0
3429430,0.947454385127636,0.5666666666666668,-0.16645057274869804,0.0,1.0
5993291,1.2202380952380951,0.7333333333333334,-0.2202380952380953,0.98,0.0
3059205,1.4489197530864195,0.6333333333333333,-0.4489197530864198,0.0,1.0
2550158,1.7124338624338626,0.9183942927516796,-0.7124338624338624,0.0,1.0
5997670,1.4083333333333332,0.6333333333333333,-0.4083333333333334,0.6133333333333333,0.0
5986703,1.606400543900544,0.6666666666666666,-0.6064005439005439,1.54,0.0
5981484,1.1305555555555555,0.6666666666666666,-0.13055555555555556,2.16,0.0
5978080,0.6107142857142858,0.6000000000000001,0.3892857142857143,0.3333333333333333,0.0
5994655,1.2486111111111111,0.6,-0.2486111111111111,1.36,0.0
2314618,0.9614267676767676,0.5666666666666667,0.03857323232323232,0.0,1.0
1850126,1.4069444444444443,0.5333333333333333,-0.4069444444444445,0.0,1.0
1562655,1.7697089947089948,0.6333333333333334,-0.7697089947089948,0.0,1.0
1721886,1.4621031746031743,0.6,-0.4621031746031746,0.0,1.0
5978156,2.485218857002476,0.6333333333333334,-1.041498095853279,0.9838076031446265,0.0
2372139,0.9472222222222224,0.4666666666666666,0.052777777777777736,0.0,1.0
2472786,0.7496031746031746,0.6,0.2503968253968254,0.0,1.0
1731032,1.264186507936508,0.5666666666666667,-0.26418650793650794,0.0,1.0
5992778,0.42777777777777776,0.5,0.5722222222222223,0.52,0.0
5980787,0.9640727124183008,0.7333333333333334,0.03592728758169935,0.7799999999999999,0.0
5995321,0.8763473814156587,0.5,-0.10197811447811447,1.16,0.0
5990156,1.8547619047619048,0.6999999999999998,-0.8547619047619047,0.7333333333333334,0.0
5992680,1.4037698412698412,0.6,-0.4037698412698412,0.5066666666666666,0.0
5981102,1.1626984126984128,0.4666666666666666,-0.16269841269841268,0.5466666666666667,0.0
3419094,0.9972222222222222,0.5666666666666668,0.002777777777777805,0.0,1.0
5981022,1.1916666666666669,0.5,-0.19166666666666668,0.5,0.0
2082673,0.9733585858585858,0.5333333333333333,0.02664141414141416,0.0,1.0
5999413,0.7222222222222222,0.6666666666666666,0.2777777777777777,1.16,0.0
5993683,0.8034673659673659,0.467476062208765,0.196532634032634,0.9866666666666668,0.0
5991366,0.8541666666666666,0.6333333333333333,-1.5291235180941063,0.7066666666666667,0.0
5985468,0.9381613756613756,0.5,0.06183862433862434,1.0599999999999998,0.0
5978874,1.150122549019608,0.7000000000000001,-0.15012254901960784,2.16,0.0
5981367,1.2227777777777775,0.6666666666666666,-0.2227777777777777,1.4400000000000002,0.0
5987618,0.9683251933251932,0.6,0.03167480667480668,1.34,0.0
5995127,0.8020016339869281,0.5333333333333333,0.19799836601307189,1.0,0.0
5999480,1.7938949938949942,0.3471036242240546,-0.7938949938949939,1.3666666666666665,0.0
5998332,1.1329670329670332,0.5666666666666668,-0.13296703296703294,0.3066666666666667,0.0
5988915,0.7776094276094275,0.6,0.2223905723905724,1.0,0.0
5993139,0.8361111111111112,0.6333333333333333,0.1638888888888889,0.94,0.0
5978259,0.9376719576719575,0.6333333333333334,0.062328042328042316,0.7000000000000001,0.0
2360074,1.4752380952380957,0.6333333333333333,-0.4752380952380953,0.0,1.0
2322059,0.9664983164983164,0.7666666666666666,0.033501683501683484,0.0,1.0
5978963,0.6920454545454545,0.7,0.3079545454545455,1.71,0.0
5993490,0.96,0.5666666666666667,0.04000000000000002,0.6333333333333333,0.0
5986636,1.7534932659932658,0.6666666666666666,-0.7534932659932659,1.2066666666666668,0.0
5995024,1.2845279720279719,0.6999999999999998,-0.28452797202797203,0.5733333333333334,0.0
2953483,0.9176767676767676,0.6333333333333334,-0.00029761621671911537,0.0,1.0
5988837,1.586019536019536,0.5333333333333333,-0.586019536019536,1.0333333333333332,0.0
2109127,1.0194444444444446,0.7333333333333334,-0.019444444444444448,0.0,1.0
5989622,1.0203703703703704,4.57898040666004,-0.02037037037037037,0.7933333333333333,0.0
2888533,0.7194444444444444,0.7000000000000001,0.2805555555555556,0.0,1.0
2500087,1.8775132275132276,0.6333333333333333,-0.8775132275132275,0.0,1.0
5982909,1.2635582010582012,0.5666666666666668,-0.26355820105820105,0.42,0.0
1787738,0.8067155067155066,0.6000000000000001,0.19328449328449326,0.0,1.0
5985874,1.2829966329966331,0.5333333333333333,-0.28299663299663297,0.4066666666666667,0.0
5990826,0.7841750841750842,0.5333333333333333,0.2158249158249158,0.6533333333333333,0.0
5997371,0.7047619047619048,0.5666666666666668,0.29523809523809524,1.8570587736747384,0.0
5980280,1.4404960317460318,0.6333333333333334,-0.44049603174603175,0.9,0.0
5979709,1.1819444444444445,0.5666666666666668,-0.18194444444444446,1.1,0.0
2838740,0.97742673992674,0.6,0.02257326007326008,0.0,1.0
1721032,0.9353114478114478,0.5,0.06468855218855217,0.0,1.0
3146582,1.1574074074074074,0.5666666666666668,-0.1574074074074074,0.0,1.0
3415652,1.7457341269841269,0.5,-0.745734126984127,0.0,1.0
5984111,0.5499999999999999,0.6333333333333333,0.45,0.1,0.0
5989633,1.109859584859585,0.4666666666666666,-0.10985958485958484,0.7599999999999999,0.0
5988704,1.2590909090909093,0.7333333333333334,-0.2590909090909091,1.12,0.0
1845510,0.8140376984126984,0.5333333333333333,0.1859623015873016,0.0,1.0
2453110,1.2806674806674807,0.6666666666666666,-0.28066748066748065,0.0,1.0
5989074,1.4683551198257079,0.5666666666666668,-0.468355119825708,0.52,0.0
5988763,0.5901124338624338,0.5333333333333333,0.4098875661375661,1.9733333333333332,0.0
2234871,1.3027972027972028,0.4666666666666666,-0.3027972027972028,0.0,1.0
5998347,0.4905677655677656,0.5,0.5094322344322344,0.2866666666666667,0.0
3016415,1.0638888888888889,0.4666666666666666,-0.0638888888888889,0.0,1.0
2246241,0.9064814814814812,0.7333333333333334,0.09351851851851853,0.0,1.0
5993159,1.3054545454545454,0.6,-0.3054545454545455,1.28,0.0
5981826,1.6081121751900669,0.6,-0.4533838383838384,0.5,0.0
5978979,1.60479242979243,0.5333333333333333,-0.6047924297924298,2.16,0.0
5990240,1.4087301587301588,0.6,-0.4087301587301588,0.66,0.0
5997464,1.072993827160494,0.6666666666666666,-0.07299382716049385,1.9666666666666668,0.0
5996226,0.9555555555555556,0.4666666666666666,0.04444444444444445,0.8866666666666667,0.0
5986080,1.1447420634920633,0.5666666666666668,-0.14474206349206345,0.37333333333333335,0.0
2921099,1.0564814814814814,0.43333333333333335,-0.05648148148148147,0.0,1.0
5993266,0.6535547785547785,0.6333333333333334,0.3464452214452214,1.4,0.0
5989184,1.1527777777777777,0.5666666666666668,-0.15277777777777776,0.8733333333333332,0.0
5987847,1.2140109890109891,0.5,-0.214010989010989,0.6699999999999999,0.0
5979773,1.1184167684167683,0.6666666666666666,-0.11841676841676843,1.64,0.0
5993945,1.3878086419753084,0.6333333333333333,-0.3878086419753086,0.7933333333333333,0.0
5999117,1.2760225885225884,0.6333333333333333,-0.2760225885225885,0.30666666666666664,0.0
1835827,1.1289225589225589,0.5,-0.1289225589225589,0.0,1.0
5984602,0.4444444444444444,0.5666666666666668,0.5555555555555555,0.5466666666666667,0.0
1790625,1.2957912457912455,0.7333333333333334,-0.29579124579124577,0.0,1.0
5980991,1.7982979302832245,0.4890325190956468,-0.7982979302832245,0.6266666666666666,0.0
5989247,1.245734126984127,0.7000000000000001,-0.24573412698412697,0.4148568877219352,0.0
5998814,0.930324074074074,0.5333333333333333,0.06967592592592592,1.5,0.0
5981135,1.3078174603174602,0.5333333333333333,-0.3078174603174603,1.08,0.0
5979974,0.4351851851851852,0.6333333333333333,0.5648148148148149,1.5933333333333335,0.0
5980712,0.8666666666666667,0.6,0.13333333333333333,0.9066666666666668,0.0
5993316,1.45750777000777,0.5666666666666668,-0.4575077700077701,1.1832802660598187,0.0
5996781,1.3757936507936508,0.6208579964439219,-0.3757936507936508,1.46,0.0
5981121,1.15,0.6666666666666666,-0.15000000000000002,0.66,0.0
5999453,0.9375,0.7000000000000001,0.0625,1.4533333333333331,0.0
5983741,1.4205808080808082,0.6666666666666666,-0.4205808080808081,1.18,0.0
2894696,1.1282407407407409,0.5333333333333333,-0.12824074074074074,0.0,1.0
5997034,1.7634920634920634,0.5,-0.7634920634920634,0.88,0.0
5998565,1.3467261904761905,0.8972829255328091,-0.3467261904761905,0.9333333333333332,0.0
5998184,0.9562003968253968,0.6,0.04379960317460319,0.7999999999999999,0.0
1897855,1.6029461279461283,0.4957086808976681,-0.6029461279461279,0.0,1.0
1711509,1.1168209876543211,0.6666666666666666,-0.116820987654321,0.0,1.0
5981262,1.2996336996336997,0.6,-0.2996336996336996,0.4,0.0
5997501,0.9717592592592592,0.6,0.02824074074074079,1.26,0.0
5987205,1.3916666666666666,0.5,-0.3916666666666666,0.19333333333333336,0.0
5983260,0.9740530303030304,0.6333333333333333,0.02594696969696969,1.0333333333333334,0.0
5982576,1.4651143790849674,0.6333333333333333,-0.4651143790849673,0.5133333333333334,0.0
5988345,0.8631972643212205,0.6,-0.11127750699827388,1.159062841116053,0.0
5992554,0.9655555555555556,0.6,0.034444444444444444,0.5733333333333334,0.0
5991816,1.2305555555555554,0.6333333333333334,-0.23055555555555554,1.1666666666666667,0.0
5980725,0.8189087301587302,0.7000000000000001,0.1810912698412699,1.086666666666667,0.0
5979116,1.025,0.6999999999999998,-0.025000000000000026,0.7466666666666667,0.0
5997726,1.614029304029304,0.6666666666666666,-0.6140293040293039,0.7799999999999999,0.0
5978155,1.5992724867724868,0.5,-0.5992724867724868,0.64,0.0
3045484,1.1125,0.4,-0.1125,0.0,1.0
2280367,0.9531349206349208,0.5,0.04686507936507933,0.0,1.0
5978818,1.4234126984126985,0.6666666666666666,-0.31866720442467017,0.5533333333333333,0.0
5993299,1.3373015873015872,0.6666666666666666,-0.3373015873015873,1.28,0.0
5988714,0.8333333333333335,0.6000000000000001,0.16666666666666666,0.8933333333333334,0.0
5994543,1.2972390572390573,0.6,-0.29723905723905725,1.54,0.0
3130508,1.3665674603174605,0.6,-0.3665674603174603,0.0,1.0
5986196,1.6486111111111108,0.8000000000000002,-0.6486111111111111,1.36,0.0
5985742,1.3158374183006536,0.6,-0.3158374183006536,2.28,0.0
1890907,0.8106413398692809,1.6078673473414886,0.18935866013071895,0.0,1.0
2843442,1.4380621693121691,0.5,-0.43806216931216935,0.0,1.0
5980539,1.6304330065359478,0.7000000000000001,-0.6304330065359477,1.1333333333333333,0.0
5980756,1.6288739106753816,0.6666666666666666,-0.6288739106753813,0.6333333333333333,0.0
5984901,1.4034511784511785,0.5333333333333333,-0.4034511784511785,1.7733333333333334,0.0
5989603,1.291792929292929,0.5333333333333333,-0.2917929292929293,1.6,0.0
5996513,1.1336080586080586,0.6666666666666666,-0.1336080586080586,0.84,0.0
1542048,0.4618055555555556,0.6333333333333333,-0.049486567094376856,0.0,1.0
3094795,0.9146296296296296,0.6333333333333333,0.08537037037037039,0.0,1.0
5993714,1.260648148148148,0.6,-0.2606481481481481,0.12,0.0
5993292,1.111111111111111,0.5,-0.11111111111111108,0.9333333333333332,0.0
1981092,1.6391941391941394,0.5333333333333333,-0.6391941391941391,0.0,1.0
5981115,1.6387667887667885,0.7666666666666666,-0.6387667887667887,1.32,0.0
5978164,0.6365893365893366,0.6333333333333333,0.36341066341066336,0.17333333333333334,0.0
1754616,0.725,0.6999999999999998,0.275,0.0,1.0
5984366,0.9013888888888888,0.5,0.09861111111111112,1.0533333333333337,0.0
3377007,0.7931818181818181,0.5333333333333333,0.2068181818181818,0.0,1.0
2544305,1.1759259259259258,0.6666666666666666,-0.1759259259259259,0.0,1.0
5993631,1.6156084656084655,0.5,-0.6156084656084656,0.5266666666666667,0.0
3007999,1.1916666666666669,0.6666666666666666,-0.19166666666666668,0.0,1.0
5996429,1.4611111111111108,0.6,-0.461111111111111,0.62,0.0
1749830,1.1411968954248366,0.6666666666666666,-0.1411968954248366,0.0,1.0
1646984,1.2804040404040404,0.6333333333333333,-0.2804040404040404,0.0,1.0
1717983,1.6319902319902322,0.6666666666666666,-0.631990231990232,0.0,1.0
5980920,0.7748015873015873,0.5666666666666665,0.2251984126984127,1.04,0.0
5986044,1.3148148148148149,0.4619323236016015,-0.3148148148148148,0.37333333333333335,0.0
5996386,1.0944444444444446,0.5161804840491008,-0.09444444444444444,0.4533333333333333,0.0
5979496,1.406283068783069,0.6,-0.4062830687830688,0.7333333333333334,0.0
2718816,1.0837121212121212,0.7666666666666666,-0.0837121212121212,0.0,1.0
2836365,1.2687962962962962,0.7000000000000001,-0.26879629629629626,0.0,1.0
5978756,0.4871947496947497,0.6666666666666666,0.5128052503052504,0.6133333333333334,0.0
5987135,1.089814814814815,0.7000000000000001,-0.08981481481481482,1.94,0.0
3133503,0.6166666666666667,0.75,0.3833333333333333,0.0,1.0
5995350,1.102020202020202,0.6666666666666666,-0.10202020202020202,0.9333333333333332,0.0
2601390,1.3083838383838384,0.5666666666666665,-0.3083838383838384,0.0,1.0
2613676,1.2883089133089134,0.5333333333333333,-0.2883089133089133,0.0,1.0
5988433,0.9138888888888888,0.6333333333333334,0.08611111111111112,1.3,0.0
5991786,7.3433887819713215,0.5666666666666668,0.4027777777777777,0.7200000000000001,0.0
3097667,1.5915343915343916,0.7999999999999999,-0.5915343915343915,0.0,1.0
5985389,1.079861111111111,0.6333333333333334,-0.0798611111111111,1.14,0.0
3121692,0.9592427248677248,0.6333333333333333,0.04075727513227512,0.0,1.0
2906304,0.9547979797979798,0.6,0.045202020202020216,0.0,1.0
5994914,1.6117845117845118,0.6666666666666666,-0.6117845117845118,1.5466666666666669,0.0
1591157,1.6107744107744109,0.6666666666666666,-0.6107744107744107,0.0,1.0
1754237,0.8121454933954935,0.5666666666666667,0.18785450660450664,0.0,1.0
5982815,0.9439484126984128,0.4000000000000001,0.05605158730158729,1.4666666666666668,0.0
5999046,1.0194444444444446,0.6,-0.01944444444444443,0.06666666666666668,0.0
5999358,1.440236928104575,0.5333333333333333,-0.4402369281045752,0.8533333333333334,0.0
1658933,0.47868204477459,0.5666666666666668,0.34424019607843137,0.0,1.0
5995822,0.8097069597069596,0.5333333333333333,0.19029304029304028,0.5466666666666667,0.0
5987093,0.9725274725274726,0.5296055839339785,0.02747252747252747,1.16,0.0
3198466,0.983974358974359,0.45,0.016025641025641024,0.0,1.0
5995286,0.9441137566137566,0.5,0.055886243386243414,0.7333333333333334,0.0
5990321,0.9817460317460318,0.6999999999999998,0.018253968253968272,0.9133333333333334,0.0
5982410,1.12484681372549,0.5333333333333333,-0.1248468137254902,0.6266666666666667,0.0
5990552,2.0650700244450246,0.6666666666666666,0.059457671957671925,0.9466666666666668,0.0
2797260,0.9275793650793652,0.6,0.07242063492063493,0.0,1.0
3420301,0.7924242424242425,0.5333333333333333,0.2075757575757576,0.0,1.0
5978378,1.1974206349206349,0.5333333333333333,-0.1974206349206349,1.2213817337406938,0.0
5982098,1.1413720538720538,0.6666666666666666,-0.1413720538720539,0.4666666666666666,0.0
2971787,1.616847966847967,0.6,-0.6168479668479668,0.0,1.0
1624077,0.9661265432098766,0.7666666666666666,0.033873456790123456,0.0,1.0
5984758,0.4569444444444444,0.5333333333333333,0.5430555555555555,1.3866666666666667,0.0
5984615,1.1067987567987567,0.5666666666666668,-0.1067987567987568,0.7999999999999999,0.0
5991353,0.650162037037037,0.6000000000000001,0.3498379629629629,1.34,0.0
2210372,0.7972848677294758,0.5,-0.10085297446655092,0.0,1.0
5982950,1.3730158730158728,0.5,-0.37301587301587297,1.82,0.0
5998087,1.3134920634920637,0.6999999999999998,-0.3134920634920635,1.3066666666666666,0.0
2777697,0.5962962962962962,0.6,0.4037037037037037,0.0,1.0
1930187,0.9466666666666668,0.6000000000000001,0.053333333333333344,0.0,1.0
5986575,1.2924242424242425,0.6333333333333334,-0.2924242424242424,0.7999999999999999,0.0
5997513,1.615967365967366,0.7000000000000001,-0.6159673659673659,1.2866666666666666,0.0
5995894,1.6004208754208753,0.7000000000000001,-0.6004208754208754,1.16,0.0
5983909,0.9254629629629629,0.4666666666666666,0.074537037037037,0.5133333333333333,0.0
5995787,0.6069444444444444,0.7333333333333334,0.3930555555555555,1.7333333333333334,0.0
2691062,1.2517501017501018,0.7000000000000001,-0.25175010175010176,0.0,1.0
5987825,1.720804195804196,0.6666666666666666,-0.7208041958041959,1.2933333333333332,0.0
5996254,0.8126373626373627,0.6,0.1873626373626374,0.2933333333333333,0.0
2642239,0.8611111111111109,0.5666666666666667,0.13888888888888884,0.0,1.0
5993067,1.0402777777777776,0.6,-0.04027777777777775,0.7466666666666667,0.0
5995275,1.1363400488400488,0.6333333333333333,-0.2923818251212232,0.4866666666666666,0.0
5984218,0.9458333333333332,0.7000000000000001,0.05416666666666666,0.4,0.0
1602157,1.0611111111111111,0.6333333333333333,-0.06111111111111112,0.0,1.0
5990696,1.1035795904346648,0.6333333333333334,0.039872058288967206,0.18459297611916825,0.0
2589389,1.4546626984126985,0.5666666666666668,-0.4546626984126984,0.0,1.0
5986750,1.0296783202836888,0.43333333333333335,0.02550505050505053,0.22,0.0
2777071,1.461928104575163,0.6333333333333333,-0.4619281045751634,0.0,1.0
3440310,0.94996114996115,0.5,0.05003885003885004,0.0,1.0
5987687,0.8137057387057386,0.6,0.18629426129426127,1.6333333333333335,0.0
3313563,1.2784313725490195,0.6666666666666666,-0.2784313725490197,0.0,1.0
3148542,1.6281590413943354,0.7000000000000001,-0.6281590413943355,0.0,1.0
5979417,1.0650793650793648,0.6000000000000001,-0.06507936507936507,1.3333333333333333,0.0
5982414,1.1241898148148148,0.6,-0.1241898148148148,0.4533333333333333,0.0
2787415,0.6563095238095239,0.5333333333333333,0.3436904761904762,0.0,1.0
5989847,1.302933177933178,0.6333333333333334,-0.3029331779331779,1.2266666666666668,0.0
5982037,1.6686507936507935,0.4666666666666666,-0.6686507936507936,0.62,0.0
2301802,1.3021520146520145,0.8000000000000002,-0.30215201465201463,0.0,1.0
3240246,1.385225885225885,0.5666666666666667,-0.3852258852258852,0.0,1.0
5992418,1.5451388888888888,0.7,-0.5451388888888888,0.6599999999999999,0.0
5989258,0.5768518518518518,0.6,0.4231481481481481,1.32,0.0
5993026,1.3819444444444444,0.6,-0.3819444444444444,0.7600000000000001,0.0
5978403,1.1092032967032968,0.7333333333333334,-0.10920329670329673,1.96,0.0
2534334,1.137006512006512,0.5333333333333333,-0.13700651200651198,0.0,1.0
5983663,1.6044781144781144,0.5666666666666667,-0.6044781144781145,1.18,0.0
5981617,1.4173465423465423,0.6,-0.4173465423465424,0.92,0.0
5980339,0.631021756021756,0.5333333333333333,0.3689782439782439,0.7466666666666667,0.0
2671898,1.726851851851852,0.5333333333333333,-0.7268518518518521,0.0,1.0
5985182,0.9646604938271603,0.5,0.035339506172839506,1.586666666666667,0.0
5984884,1.7674836601307191,0.6333333333333333,-0.7674836601307191,2.273333333333333,0.0
5981400,1.4546626984126985,0.6,-0.4546626984126984,1.0733333333333337,0.0
1977466,0.7867826617826618,0.6999999999999998,0.21321733821733824,0.0,1.0
5981974,1.2978327228327229,0.5666666666666667,-0.29783272283272283,0.3800000000000001,0.0
5987726,0.958080808080808,0.6,0.04191919191919189,0.16,0.0
5997059,0.9463980463980464,0.5903609425355092,0.0536019536019536,1.18,0.0
5981992,1.138888888888889,0.7333333333333334,-0.1388888888888889,0.6266666666666666,0.0
2390986,1.3653273809523807,0.7000000000000001,-0.3653273809523809,0.0,1.0
5994597,1.098015873015873,0.5333333333333333,-0.098015873015873,0.5133333333333333,0.0
5986562,0.7555555555555555,0.5333333333333333,0.2444444444444445,0.48,0.0
5985243,1.1611111111111112,0.6,-0.16111111111111112,1.04,0.0
3431466,0.9703444703444704,0.6333333333333334,0.02965552965552965,0.0,1.0
1834678,1.175,0.6333333333333333,-0.17500000000000002,0.0,1.0
5985868,1.4695054945054944,0.5666666666666668,-0.4695054945054945,0.7533333333333333,0.0
5984353,2.1889761710365816,0.6333333333333334,-0.9733198119511934,0.5160604821178996,0.0
5988362,0.7097222222222221,0.4666666666666666,0.2902777777777778,0.86,0.0
5987843,1.5561111111111108,0.8171871873536501,-0.5561111111111111,1.6133333333333333,0.0
5979378,1.7138888888888888,0.6,-0.7138888888888889,0.98,0.0
5983823,0.8144212962962962,0.6666666666666666,0.1855787037037037,0.6933333333333334,0.0
5995795,1.310515873015873,1.0985008216767984,-0.31051587301587297,0.3764136546246684,0.0
5996410,1.4578703703703704,0.5666666666666668,-0.4578703703703704,0.68,0.0
3384186,1.4659137159137157,0.4309296860778493,-0.4659137159137159,0.0,1.0
5996269,1.0974867724867725,0.7000000000000001,-0.09748677248677247,1.2266666666666666,0.0
2042449,1.131639194139194,0.7000000000000001,-0.13163919413919414,0.0,1.0
2962591,1.4196428571428572,0.5,-0.4196428571428572,0.0,1.0
5980162,0.9801062091503268,0.6333333333333334,0.01989379084967322,0.5933333333333334,0.0
2559194,0.7988888888888889,0.6,0.20111111111111116,0.1913402232983589,1.0
5985411,1.013888888888889,0.5666666666666667,-0.013888888888888895,0.6466666666666666,0.0
5998819,0.7941468253968255,0.6333333333333333,0.20585317460317465,1.4,0.0
5995543,1.4501543209876544,0.5,-0.4501543209876544,1.3266666666666669,0.0
5985945,0.8034722222222221,0.6333333333333333,0.19652777777777775,0.8466666666666667,0.0
5979718,1.6109477124183007,0.5333333333333333,-0.6109477124183006,2.06,0.0
5999007,1.2813131313131312,0.7000000000000001,-0.2813131313131313,1.4,0.0
5997748,1.7614163614163614,0.6999999999999998,-0.7614163614163614,0.62,0.0
2138098,1.1297802197802198,0.5333333333333333,-0.31862459041972224,0.0,1.0
2128327,1.1323232323232324,0.5333333333333333,-0.13232323232323231,0.0,1.0
2728762,1.1332722832722832,0.43333333333333335,-0.13327228327228324,0.0,1.0
5990014,1.0692460317460315,0.5333333333333333,-0.06924603174603176,1.0666666666666669,0.0
2178236,0.7472222222222222,0.6999999999999998,0.25277777777777777,0.0,1.0
5979940,0.9439542483660132,0.6333333333333334,0.056045751633986916,1.0466666666666666,0.0
2878167,1.125925925925926,0.7333333333333334,-0.1259259259259259,0.0,1.0
2654947,2.0898536128771084,0.6999999999999998,-0.7801348425060842,0.0,1.0
5980780,1.2553571428571428,0.5333333333333333,-0.25535714285714284,0.4266666666666667,0.0
1749953,1.271123321123321,0.6,-0.2711233211233211,0.0,1.0
5983094,1.1391865079365078,0.6333333333333334,-0.1717717577382526,1.7533333333333332,0.0
5982820,0.9695847362514028,0.6,0.030415263748597068,0.3800000000000001,0.0
5979188,0.9861904761904764,0.4,0.01380952380952381,0.41,0.0
5993878,1.1441040305010892,0.6666666666666666,-0.14410403050108933,0.4066666666666667,0.0
5995519,1.2694444444444446,0.6666666666666666,-0.4388998904956352,1.1333333333333333,0.0
5996761,1.5638888888888889,0.6999999999999998,-0.5638888888888889,0.5733333333333334,0.0
5992512,1.2773809523809525,0.5666666666666668,-0.3196351692675222,1.153333333333333,0.0
5997848,0.641056166056166,0.6,0.358943833943834,1.2,0.0
5978999,0.9627322116837896,0.4666666666666666,-0.2621333326042335,0.3398404696625967,0.0
5994351,1.3049297924297922,0.6999999999999998,-0.3049297924297924,1.2466666666666668,0.0
5993838,1.5834628334628336,0.6333333333333333,-0.5834628334628335,0.3,0.0
5978372,1.8072283272283276,0.6,-0.8072283272283273,0.3466666666666667,0.0
3082425,1.2420634920634919,0.6,-0.2420634920634921,0.0,1.0
5980849,1.1048611111111113,0.6999999999999998,-0.10486111111111113,0.64,0.0
5984362,1.371279761904762,0.6384005574185575,-0.37127976190476186,0.20666666666666667,0.0
5991746,1.2615196078431372,0.6,-0.2615196078431373,1.4533333333333334,0.0
1741595,1.6436507936507938,0.6666666666666666,-0.6436507936507937,0.0,1.0
1607490,0.6069444444444444,0.6999999999999998,0.3930555555555556,0.0,1.0
3058525,1.2877747252747254,0.7999999999999999,-0.2877747252747253,0.0,1.0
5978597,1.1354166666666667,0.4666666666666666,-0.13541666666666666,0.7866666666666666,0.0
5986904,0.9270104895104896,0.6499999999999999,0.07298951048951048,0.06,0.0
1822818,0.30277777777777776,0.6999999999999998,0.6972222222222223,0.0,1.0
5980551,1.1137667887667888,0.6666666666666666,-0.11376678876678875,0.6133333333333333,0.0
2384083,1.1302414021164022,0.4666666666666666,-0.13024140211640214,0.0,1.0
5985961,1.0862822967200958,0.7000000000000001,-0.3894102073226475,1.428393097366935,0.0
5983439,0.7972985347985349,0.5333333333333333,0.2027014652014652,0.6133333333333334,0.0
5987525,1.2777777777777777,0.5333333333333333,-0.2777777777777777,0.56,0.0
2560805,0.935079365079365,0.5333333333333333,0.06492063492063492,0.0,1.0
1972807,1.2568013468013468,0.6333333333333333,-0.2568013468013468,0.0,1.0
2654638,0.8211263736263735,0.7000000000000001,0.17887362637362636,0.0,1.0
1656882,1.4650531045751636,1.0137268084520756,-0.4650531045751634,0.0,1.0
5994433,1.0652777777777778,0.6333333333333334,-0.06527777777777778,0.4266666666666667,0.0
5988846,1.022222222222222,0.7000000000000001,-0.022222222222222216,1.1466666666666667,0.0
5985946,1.2003968253968254,0.6333333333333333,-0.20039682539682535,0.6,0.0
2195829,1.2472222222222222,0.5333333333333333,-0.24722222222222226,0.0,1.0
5989853,1.4581973581973582,0.6999999999999998,-0.4581973581973582,0.8066666666666666,0.0
5985667,0.8925925925925925,0.5333333333333333,0.10740740740740744,1.5,0.0
1821214,1.2361111111111112,0.6666666666666666,-0.23611111111111116,0.0,1.0
5979894,1.4584595959595958,0.6333333333333334,-0.4584595959595959,0.6133333333333333,0.0
5999388,1.2123015873015872,0.6666666666666666,-0.2123015873015873,0.9133333333333334,0.0
5987176,1.4487433862433865,0.474767186842783,-0.4487433862433862,0.09333333333333334,0.0
3180070,0.7227777777777776,0.6333333333333333,0.2772222222222222,0.0,1.0
5987856,1.6198412698412696,0.5666666666666668,-0.6198412698412699,0.43333333333333335,0.0
2398868,1.4613591269841268,0.5,-0.461359126984127,0.0,1.0
5997946,1.2833333333333334,0.5666666666666668,-0.2833333333333333,0.68,0.0
1512644,0.9055555555555554,0.5666666666666665,0.09444444444444444,0.0,1.0
5980205,0.8180555555555555,0.6,0.18194444444444446,0.26,0.0
5999107,1.1122222222222222,0.5666666666666668,-0.11222222222222224,0.9066666666666668,0.0
2986503,1.7619281045751636,0.6333333333333333,-0.7619281045751634,0.0,1.0
5981674,0.9674382716049382,0.7333532508088556,0.03256172839506166,0.20000000000000004,0.0
5990238,1.6646825396825395,0.4333333333333333,-0.6646825396825397,0.98,0.0
5991243,1.2831060606060607,0.5333333333333333,-0.28310606060606064,0.66,0.0
5988260,1.5895337301587302,0.4666666666666666,-0.5895337301587301,0.6266666666666667,0.0
5978514,1.5457671957671961,0.5606699761945979,-0.5457671957671958,0.7466666666666666,0.0
5980389,1.5724867724867726,0.4410204753632215,-0.5724867724867725,0.5333333333333333,0.0
5996976,1.0694444444444444,0.6,-0.06944444444444446,1.3066666666666666,0.0
5980879,1.8921957671957672,0.5666666666666668,-0.8921957671957671,0.5533333333333333,0.0
5993844,1.2964997964997964,0.7333333333333334,-0.2964997964997965,0.5066666666666667,0.0
5995260,1.4343616786685935,0.7000000000000001,-0.42590513070091535,0.290049285853738,0.0
5987327,0.6452861952861952,0.5333333333333333,0.3547138047138048,1.1133333333333335,0.0
5991275,1.2950732600732602,0.4333333333333333,-0.2950732600732601,0.7933333333333333,0.0
5987507,1.2505555555555554,0.5666666666666668,-0.25055555555555553,1.4266666666666663,0.0
5996246,1.4365079365079363,0.5666666666666668,-0.4365079365079365,0.46,0.0
5978125,0.9780753968253968,0.5666666666666667,0.021924603174603208,1.06,0.0
5990385,0.7851343101343101,0.4518214331918588,0.21486568986568985,0.7399999999999999,0.0
2205965,1.4350749559082894,0.5666666666666668,-0.4350749559082892,0.0,1.0
5978577,0.8087418300653595,0.5333333333333333,0.19125816993464054,0.3466666666666667,0.0
2249836,0.935,0.6333333333333334,0.06500000000000003,0.0,1.0
1806689,0.9674559384252438,0.4666666666666666,0.036349206349206346,0.0,1.0
5998499,0.7688492063492064,0.5,0.23115079365079366,1.18,0.0
5987255,1.3083333333333331,0.2910025909260581,-0.3083333333333333,1.1733333333333336,0.0
5979173,0.8638888888888889,0.5,0.1361111111111111,0.82,0.0
2543745,1.3039072039072042,0.5666666666666668,-0.3039072039072039,0.0,1.0
5982763,1.0916666666666668,0.5,-0.09166666666666667,1.54,0.0
5995643,1.7968253968253969,0.5666666666666668,-0.7968253968253968,0.08666666666666667,0.0
5984452,1.791086691086691,0.6,-0.7910866910866908,1.04,0.0
5994493,1.0875,0.6666666666666666,-0.08750000000000001,0.9866666666666668,0.0
5989788,1.2825771604938272,0.7666666666666666,-0.28257716049382714,0.4,0.0
5979581,1.3033088235294121,0.4666666666666666,-0.3033088235294117,1.106666666666667,0.0
5983699,1.35,0.6666666666666666,-0.3499999999999999,0.20666666666666667,0.0
2444373,0.9777472527472528,0.5333333333333333,0.022252747252747247,0.0916568342181056,1.0
5988436,0.6041666666666666,0.6,0.3958333333333333,1.53,0.0
5979172,1.1444444444444446,0.5333333333333333,-0.14444444444444446,0.8799999999999999,0.0
2016729,1.1459249084249084,0.6666666666666666,-0.14592490842490846,0.0,1.0
1567703,0.9859395424836602,0.7000000000000001,0.014060457516339863,0.0,1.0
2891941,1.4991334343323286,0.5666666666666668,-0.7661904761904763,0.0,1.0
5998713,0.979502442002442,0.5,0.020497557997558,1.1333333333333333,0.0
3161230,0.6342592592592592,0.6666666666666666,0.3657407407407408,0.0,1.0
5998169,1.263888888888889,0.6,-0.2638888888888889,0.66,0.0
5990985,1.2870370370370372,0.5333333333333333,-0.28703703703703703,0.3133333333333333,0.0
5990452,1.1992063492063492,0.6333333333333333,-0.19920634920634925,0.4550996559543359,0.0
5990367,0.9732397232397232,0.4666666666666666,0.02676027676027674,0.6666666666666666,0.0
5987462,1.1951388888888892,0.6333333333333333,-0.1951388888888889,0.8933333333333332,0.0
2798601,1.3058531746031743,0.5333333333333333,-0.30585317460317457,0.0,1.0
5978092,1.4681318681318682,0.4666666666666666,-0.4681318681318682,1.32,0.0
2440898,1.2978114478114475,0.9021765443035848,-0.2978114478114478,0.0,1.0
5989978,1.2174242424242423,0.6666666666666666,-0.21742424242424244,0.5933333333333334,0.0
2208535,0.8069023569023569,0.5333333333333333,0.1930976430976431,0.0,1.0
5980481,1.5837301587301589,0.6333333333333333,-0.5837301587301588,0.7733333333333334,0.0
5995462,1.104118104118104,0.4666666666666666,-0.10411810411810414,1.4466666666666663,0.0
5987203,1.4328042328042327,0.6,-0.4328042328042328,0.7533333333333333,0.0
5985370,0.6944444444444443,0.6666666666666666,0.3055555555555555,0.92,0.0
5992649,1.6238400488400488,0.6333333333333333,-0.6238400488400488,1.16,0.0
5979857,1.0769221657464083,0.7000000000000001,-0.11792248955139395,1.1020664723836755,0.0
3203812,1.7525437525437526,0.6333333333333334,-0.7525437525437525,0.0,1.0
5985498,1.2934796684796686,0.6666666666666666,-0.2934796684796685,1.5666666666666669,0.0
2238813,0.4821548821548822,0.5,0.5178451178451179,0.0,1.0
5991858,0.9435185185185184,0.5,0.056481481481481466,1.9533333333333331,0.0
3360809,1.2582671957671956,0.6333333333333333,-0.25826719576719576,0.0,1.0
2058319,1.6115079365079366,0.5333333333333333,-0.922948048266926,0.0,1.0
2304491,1.0871031746031747,0.5666666666666668,-0.08710317460317459,0.0,1.0
5988006,0.8956349206349206,0.5333333333333333,0.10436507936507933,0.37333333333333335,0.0
5988370,0.947020757020757,0.6333333333333334,0.052979242979242974,1.7133333333333336,0.0
5992453,1.1777777777777778,0.5333333333333333,-0.1777777777777778,0.7733333333333333,0.0
3348376,0.9130952380952382,0.7195925070750018,0.08690476190476193,0.0,1.0
2498508,0.9558913308913308,0.4666666666666666,0.044108669108669125,0.0,1.0
5979923,1.1095454545454546,0.6666666666666666,-0.10954545454545454,1.4266666666666667,0.0
5989323,1.1663359788359788,0.6333333333333333,-0.16633597883597884,1.16,0.0
2117739,0.9728174603174604,0.5666666666666668,0.02718253968253966,0.0,1.0
5988808,1.1333333333333333,0.5666666666666668,-0.13333333333333333,0.9733333333333332,0.0
5982099,0.8056878306878307,0.6,0.19431216931216927,1.0922006742732366,0.0
5993556,1.5154761904761902,0.7666666666666666,-0.5154761904761905,0.3933333333333333,0.0
3114138,0.5944444444444444,0.5333333333333333,0.4055555555555556,0.0,1.0
5978988,0.7952020202020202,0.5333333333333333,0.20479797979797984,0.58,0.0
5979403,0.7763888888888889,0.5,0.22361111111111112,0.2733333333333333,0.0
5979837,1.5570707070707073,0.6333333333333333,-0.5570707070707072,1.4333333333333331,0.0
2537139,1.2831684981684979,0.5666666666666667,-0.2831684981684981,0.0,1.0
5986755,1.2529623154623153,0.7000000000000001,-0.5172670071501829,0.5000000000000001,0.0
5991443,1.4405423280423282,0.5333333333333333,-0.4405423280423279,1.66,0.0
2029996,1.2709272209272209,1.6893798452697302,-0.2709272209272209,0.0,1.0
5981238,1.1431138306138309,0.5666666666666667,-0.14311383061383062,1.106666666666667,0.0
3065699,0.6444223985890652,0.5666666666666665,0.3555776014109347,0.0,1.0
2203542,1.115563725490196,0.6666666666666666,-0.07986016808156954,0.0,1.0
2520538,0.7833333333333332,0.6,0.21666666666666667,0.0,1.0
2498270,1.253904428904429,0.5,-0.2539044289044289,0.0,1.0
5985398,1.4381613756613756,0.5666666666666668,-0.4381613756613757,1.7533333333333332,0.0
5994438,1.690873015873016,0.7666666666666666,-0.690873015873016,1.26,0.0
5985534,1.4666666666666668,0.6333333333333333,-0.4666666666666666,1.1666666666666667,0.0
2514035,1.3305555555555555,0.5333333333333333,-0.33055555555555555,0.0,1.0
5981257,1.1160984848484852,0.5666666666666668,-0.11609848484848485,0.7466666666666667,0.0
5997630,0.4611111111111111,0.4666666666666666,0.5388888888888889,0.7000000000000001,0.0
2409253,0.8731481481481481,0.6,0.12685185185185185,0.0,1.0
5989675,0.8011097494553377,0.5666666666666668,0.19889025054466236,1.26,0.0
5991340,0.8472222222222223,0.5666666666666667,0.15277777777777776,1.68,0.0
5983462,1.1416666666666666,0.5333333333333333,-0.14166666666666666,1.7933333333333332,0.0
2278727,1.1070919820919822,0.5333333333333333,-0.1070919820919821,0.0,1.0
5991831,1.7629629629629628,0.6666666666666666,-0.762962962962963,1.2595830764864482,0.0
5996940,0.9663720538720538,0.7333333333333334,0.03362794612794614,0.5933333333333334,0.0
5997888,0.981517094017094,0.55,0.018482905982905945,1.14,0.0
5986054,0.6488766339869282,0.4666666666666666,0.30333944497561666,0.7933333333333333,0.0
5985980,1.6654761904761906,0.7333333333333334,-0.6654761904761904,0.6133333333333334,0.0
5982193,1.1388278388278388,0.6,-0.13882783882783878,0.62,0.0
3247234,1.2504629629629629,0.5,-0.2504629629629629,0.0,1.0
5997515,1.2149470899470902,0.5635537545281513,-0.21494708994709,0.3066666666666667,0.0
5987377,0.9722643097643098,0.5666666666666667,0.027735690235690225,1.1333333333333333,0.0
1762194,1.306654456654457,0.6333333333333334,-0.3066544566544566,0.0,1.0
3055410,1.2414021164021165,0.5333333333333333,-0.2414021164021164,0.0,1.0
5997201,1.1175925925925927,0.6666666666666666,-0.11759259259259258,0.9866666666666668,0.0
2557654,0.7905753968253969,0.7000000000000001,0.010550931913133887,0.0,1.0
5994817,1.444047619047619,0.6333333333333333,-0.44404761904761897,0.32666666666666666,0.0
3319500,1.213293650793651,0.6333333333333333,-0.2132936507936508,0.0,1.0
5981413,0.9681818181818184,0.7,0.031818181818181815,0.9,0.0
5986763,1.2601010101010102,0.7000000000000001,-0.2601010101010101,0.3466666666666666,0.0
5995221,1.4605311355311354,0.43333333333333335,-0.4605311355311355,0.58,0.0
3379572,0.8108585858585858,0.5333333333333333,0.1891414141414142,0.0,1.0
5991077,1.122053872053872,0.6333333333333333,-0.12205387205387208,0.9466666666666668,0.0
5985159,1.5464257964257964,0.7333333333333334,-0.5464257964257965,0.5,0.0
5979796,1.1272727272727272,0.5333333333333333,-0.12727272727272726,0.8733333333333332,0.0
5988338,1.7432081807081807,0.5333333333333333,-0.7432081807081806,0.06,0.0
1507545,1.2935457516339872,0.6333333333333333,0.020134645061728396,0.0,1.0
5984112,0.8045454545454546,0.6666666666666666,0.19545454545454544,0.15333333333333332,0.0
5998360,1.2979312354312351,0.6,-0.2979312354312354,1.1866666666666668,0.0
5984122,1.3861111111111108,0.5333333333333333,-0.3861111111111111,0.5133333333333333,0.0
2328656,1.418009768009768,0.6999999999999998,-0.41800976800976797,0.0,1.0
5994788,1.14745115995116,0.6666666666666666,-0.14745115995115995,1.2866666666666666,0.0
5982798,0.9561660561660562,0.6666666666666666,0.043833943833943824,0.6466666666666666,0.0
5995830,0.8125,0.5333333333333333,0.1875,1.323926816082372,0.0
1607659,1.6140873015873016,0.8000000000000002,-0.6140873015873015,0.0,1.0
2051169,1.0638888888888889,0.8000000000000002,-0.06388888888888891,0.0,1.0
5997894,1.6141135620915037,0.5666666666666668,-0.6141135620915033,1.2,0.0
5981961,1.426146076146076,0.5196419657517272,-0.4261460761460762,0.26666666666666666,0.0
5992728,1.2684493284493286,0.5333333333333333,-0.26844932844932845,0.6133333333333334,0.0
1865836,0.9833333333333334,0.6999999999999998,0.01666666666666668,0.0,1.0
2677789,1.6022486772486768,1.0022279210972656,-0.6022486772486773,0.0,1.0
5989004,0.94253663003663,0.7999999999999999,0.05746336996336995,0.4933333333333334,0.0
5984592,1.4453907203907204,0.6666666666666666,-0.4453907203907204,1.5466666666666666,0.0
5984941,0.9205555555555556,0.7000000000000001,0.07944444444444439,1.86,0.0
5983885,1.2706349206349206,0.7000000000000001,-0.2706349206349206,0.37333333333333335,0.0
5983767,1.3053571428571429,0.6666666666666666,-0.3053571428571429,0.7866666666666666,0.0
5995630,1.3878086419753084,0.7000000000000001,-0.3878086419753086,1.24,0.0
1957021,0.9369949494949495,0.7333333333333334,0.06300505050505052,0.4007022998399983,1.0
5997763,0.7830808080808079,0.6,0.216919191919192,1.04,0.0
5993774,0.6491656491656491,0.6,0.3508343508343508,0.5408274854277247,0.0
2850202,1.5611772486772486,0.6666666666666666,-0.5611772486772487,0.0,1.0
5989336,0.961904761904762,0.5,0.03809523809523807,0.6666666666666666,0.0
5994138,1.075,0.6333333333333333,-0.075,1.913333333333333,0.0
5999003,1.3967171717171718,0.5666666666666668,-0.39671717171717175,1.5,0.0
5995653,0.9620535714285716,0.5666666666666667,0.03794642857142857,1.28,0.0
2821870,0.9521825396825396,0.43333333333333335,0.047817460317460286,0.0,1.0
5997915,1.5088888888888887,1.1155603764033732,-0.5088888888888888,1.0,0.0
1864077,1.2592592592592593,0.5,-0.25925925925925924,0.0,1.0
5991467,1.5916666666666668,0.6999999999999998,-0.5916666666666667,0.7799999999999999,0.0
5991191,1.0455225162786157,0.5666666666666667,0.44952810941727456,2.2836325596972786,0.0
1998195,1.310818070818071,0.8000000000000002,-0.31081807081807084,0.0,1.0
5986746,0.5775107548399357,0.6,0.184708605664488,0.7866666666666666,0.0
2360419,1.2508333333333332,0.7000000000000001,-0.2508333333333333,0.0,1.0
5991661,1.7624320124320123,0.7666666666666666,-0.7624320124320124,0.4133333333333333,0.0
2950973,2.7404094515042283,0.5,-0.0722222222222222,0.0,1.0
3175100,1.0,0.5,0.0,0.0,1.0
5993259,1.6196428571428572,0.6,-0.6196428571428572,0.8666666666666667,0.0
2527725,0.6407968574635241,0.6333333333333334,0.3592031425364759,0.0,1.0
2989074,0.9589225589225588,0.6666666666666666,0.04107744107744106,0.0,1.0
5979665,1.064141414141414,0.6666666666666666,-0.06414141414141414,0.5866666666666668,0.0
5978456,1.256327160493827,0.6333333333333334,-0.25632716049382714,0.2466666666666667,0.0
5994952,1.4464597902097902,0.6666666666666666,-0.4464597902097902,0.52,0.0
5992173,1.6034798534798531,0.5333333333333333,-0.6034798534798534,0.9866666666666668,0.0
2518473,1.1466218966218966,0.6000000000000001,-0.14662189662189665,0.0,1.0
5978886,0.6383838383838384,0.6333333333333333,0.3616161616161617,1.3466666666666665,0.0
5990236,0.4361111111111111,0.5505157779382088,0.5638888888888889,1.2000000000000002,0.0
5996956,0.8162367724867724,0.5,0.1837632275132275,0.2466666666666667,0.0
5992250,1.1290445665445663,0.5666666666666668,-0.12904456654456656,0.6133333333333334,0.0
5988102,1.931459379110748,0.6333333333333333,-0.681470746044268,0.5199972719359551,0.0
5985299,0.9722222222222222,0.6333333333333333,0.027777777777777752,1.64,0.0
5978137,20.972928338001868,0.5333333333333333,-0.1743055555555555,0.3466666666666667,0.0
5989385,1.303936803936804,0.6,-0.30393680393680395,0.25999999999999995,0.0
5984603,0.946626984126984,0.5333333333333333,0.05337301587301591,2.12,0.0
5986761,1.2231481481481479,0.5,-0.22314814814814815,0.3666666666666667,0.0
5994359,1.296824009324009,0.5666666666666668,-0.2968240093240093,0.22,0.0
5983109,0.8017526455026456,0.6333333333333334,0.1982473544973545,0.4733333333333333,0.0
5997621,0.9852371406489548,0.5333333333333333,-0.1210776048080196,0.3666666666666667,0.0
5979979,1.1397817460317459,0.6,-0.13978174603174606,0.6533333333333333,0.0
5996208,1.815873015873016,0.4261739471631664,-0.815873015873016,0.54,0.0
5988404,1.2607448107448107,0.7000000000000001,-0.2607448107448108,0.22666666666666666,0.0
3178386,1.2665824915824917,0.6,-0.26658249158249153,0.0,1.0
5996249,1.1471031746031746,0.6,-0.1471031746031746,1.653333333333333,0.0
5990306,0.9594975490196078,0.6666666666666666,0.04050245098039215,0.7733333333333334,0.0
1558751,1.3861111111111108,0.7333333333333334,-0.3861111111111111,0.0,1.0
5990392,1.0421296296296296,0.4666666666666666,-0.04212962962962963,0.9666666666666668,0.0
1816532,1.1847222222222222,0.6,-0.3204537175216188,0.8882965399283025,1.0
5988563,1.2394453522601767,0.6843288728574765,-0.42174603174603176,0.42,0.0
5981615,1.278937728937729,0.6333333333333333,-0.2789377289377289,1.84,0.0
5981763,1.7833905228758171,0.6666666666666666,-0.783390522875817,0.6533333333333333,0.0
5979189,1.4382605820105825,0.5047374217932371,-0.4382605820105821,0.7400000000000001,0.0
5987621,0.9642929292929292,0.5333333333333333,0.035707070707070715,0.64,0.0
5982071,1.690873015873016,2.255777851456522,-0.690873015873016,0.5666666666666667,0.0
5996162,0.5277777777777778,0.6666666666666666,0.4722222222222223,1.586666666666667,0.0
5986844,0.9746642246642248,0.5666666666666667,0.02533577533577532,1.02,0.0
2279902,0.8611111111111109,0.6,0.13888888888888887,0.0,1.0
2708152,0.8169151688453159,0.7999999999999999,0.33309882425267456,0.0,1.0
1700090,1.14745115995116,0.6666666666666666,-0.14745115995115995,0.0,1.0
5981767,0.7943948412698413,0.5333333333333333,0.2056051587301587,1.2066666666666668,0.0
5978268,0.7722222222222223,0.5,0.22777777777777775,0.5333333333333333,0.0
5986236,0.7049662356676639,0.6666666666666666,0.7568292621869497,1.2905442909305007,0.0
5990128,1.300887075887076,0.6,-0.30088707588707586,0.9133333333333332,0.0
5992010,0.7818986568986569,0.6666666666666666,0.2181013431013431,0.6133333333333334,0.0
2192688,1.8558201058201056,0.5666666666666668,-0.8558201058201057,0.0,1.0
2393564,1.5425925925925927,0.6333333333333333,-0.5425925925925926,0.0,1.0
5991115,0.7902116402116403,0.5333333333333333,0.20978835978835975,1.4266666666666667,0.0
5992468,1.4156565656565656,0.43333333333333335,-0.4156565656565657,0.16,0.0
5990447,0.9837962962962964,0.7659622935428456,0.016203703703703703,0.5466666666666666,0.0
5979455,0.43402777777777785,0.5666666666666667,0.5659722222222222,0.7066666666666667,0.0
1808673,1.0553571428571429,0.5333333333333333,-0.05535714285714288,0.0,1.0
2192777,0.9612942612942612,0.5333333333333333,0.038705738705738714,0.0,1.0
5998282,1.4668997668997672,0.43333333333333335,-0.4668997668997668,0.36000000000000004,0.0
5981923,1.2464590964590965,0.6333333333333333,-0.2464590964590965,0.4933333333333334,0.0
5985639,1.5833994708994708,0.43333333333333335,-0.5833994708994709,0.4533333333333333,0.0
2184311,1.4546977124183007,0.7333333333333334,-0.4546977124183007,0.0,1.0
5978340,1.7227078477078477,0.6333333333333333,-0.7227078477078477,0.5333333333333333,0.0
2114334,0.4617845117845118,0.6,0.5382154882154883,0.0,1.0
1519515,1.14484126984127,1.514058022787769,-0.14484126984126985,0.0,1.0
5983390,1.6038194444444442,0.4666666666666666,-0.6038194444444445,0.6933333333333334,0.0
1632699,0.7347222222222222,0.6666666666666666,0.2652777777777778,0.0,1.0
5978909,1.2855963480963482,0.5666666666666667,-0.2855963480963481,0.7066666666666666,0.0
3022898,1.475,0.7000000000000001,-0.475,0.0,1.0
2682111,1.2598484848484848,0.7666666666666666,-0.25984848484848483,0.0,1.0
5988483,0.9463980463980464,0.5666666666666668,0.053601953601953564,1.18,0.0
2916491,1.1972222222222222,0.7000000000000001,-0.19722222222222224,0.0,1.0
2112216,0.6098710317460317,0.6666666666666666,0.3901289682539682,0.0,1.0
5985746,0.7083333333333334,0.6333333333333334,0.2916666666666667,0.22666666666666666,0.0
5989348,1.4166666666666667,0.5,-0.4166666666666667,0.6933333333333334,0.0
3143057,1.1357326007326007,0.6666666666666666,-0.1357326007326007,0.0,1.0
5981921,1.6719246031746031,0.6,-0.6719246031746032,0.54,0.0
5993352,0.8962962962962964,0.6,0.10370370370370367,1.4066666666666665,0.0
5990595,0.9474206349206348,0.5333333333333333,-0.2562182779429367,0.4,0.0
5987123,1.1389029180695849,0.5666666666666665,-0.13890291806958474,1.3,0.0
2476615,1.4724562474562477,0.5666666666666668,-0.4724562474562475,0.0,1.0
5980997,1.2229166666666669,0.6666666666666666,-0.22291666666666665,0.3666666666666667,0.0
5986115,1.5066137566137563,0.5333333333333333,-0.5066137566137566,1.0333333333333334,0.0
5997396,1.8045039682539683,0.5,-0.8045039682539682,0.4533333333333333,0.0
5989339,1.4055860805860807,0.6666666666666666,-0.4055860805860805,0.5266666666666667,0.0
3050778,0.6898148148148149,0.7000000000000001,0.3101851851851852,0.0,1.0
2024885,1.5638888888888893,0.5666666666666668,-0.5638888888888888,0.0,1.0
5991196,1.3287037037037035,0.6666666666666666,-0.3287037037037037,0.84,0.0
5982690,1.2369378306878307,0.4666666666666666,-0.2369378306878307,0.9733333333333332,0.0
5983415,1.4596230158730157,0.6333333333333333,-0.4596230158730159,0.6333333333333333,0.0
2661902,0.9465608465608464,0.6,0.05343915343915345,0.0,1.0
5980493,1.4166666666666667,1.2168703332067763,-0.4166666666666667,1.38,0.0
5978037,1.2333333333333334,0.4000000000000001,-0.2333333333333333,1.0733333333333337,0.0
3081285,1.0450396825396824,0.6999999999999998,-0.045039682539682525,0.0,1.0
5996188,1.0733630952380953,0.6,-0.07336309523809527,0.10666666666666667,0.0
5993653,0.9772206959706959,0.6333333333333333,0.022779304029304042,1.9666666666666668,0.0
5996902,1.2985863095238095,0.5333333333333333,-0.2985863095238095,0.32666666666666666,0.0
2043663,1.6061507936507935,0.5666666666666667,-0.6061507936507936,0.0,1.0
5998437,1.616856060606061,0.5333333333333333,-0.6168560606060606,0.9,0.0
5994900,0.7444444444444445,0.5333333333333333,0.2555555555555556,0.5466666666666667,0.0
2570315,1.209722222222222,0.5333333333333333,-0.20972222222222225,0.0,1.0
1667986,1.6055250305250304,0.6999999999999998,-0.6055250305250305,0.0,1.0
5982993,0.8833333333333333,0.6333333333333333,0.11666666666666665,0.5533333333333333,0.0
5985245,1.3025392817059485,0.7000000000000001,-0.3025392817059484,0.7200000000000001,0.0
5993759,1.3088217338217338,0.5333333333333333,-0.30882173382173383,0.46,0.0
5983392,1.3091707516339872,0.6666666666666666,-0.3091707516339869,0.5266666666666667,0.0
1847645,1.4005050505050505,0.7000000000000001,-0.4005050505050505,0.0,1.0
5998177,1.1625,0.7333333333333334,-0.1625,0.8333333333333334,0.0
2902495,1.094078144078144,0.5333333333333333,-0.09407814407814408,0.0,1.0
5990728,1.6209595959595962,0.5333333333333333,-0.6209595959595959,1.4666666666666668,0.0
5981221,1.638562091503268,0.6666666666666666,-0.6385620915032679,0.5266666666666667,0.0
5991300,1.515079365079365,0.7000000000000001,-0.5150793650793651,0.88,0.0
5991339,1.5471296296296295,0.4666666666666666,-0.5471296296296296,0.9733333333333332,0.0
5978772,1.7571428571428571,0.7000000000000001,-0.7571428571428571,0.7599999999999999,0.0
5999204,1.5781565656565657,0.5,-0.5781565656565656,0.5333333333333333,0.0
2774648,0.8141349391349392,0.6999999999999998,0.18586506086506085,0.0,1.0
2770138,1.1125212236414324,0.7333333333333334,-0.24493896021608816,0.0,1.0
5989233,1.948809523809524,0.5,-0.9488095238095238,0.8500000000000001,0.0
5999156,1.3383597883597884,0.6333333333333333,-0.3383597883597884,0.6,0.0
3061205,1.096988196988197,0.7333333333333334,-0.09698819698819698,0.0,1.0
1577100,1.1071428571428572,0.6333333333333333,-0.10714285714285714,0.0,1.0
5997942,1.2862962962962965,0.7000000000000001,-0.2862962962962963,0.68,0.0
1697601,0.8930555555555556,0.5333333333333333,0.10694444444444448,0.0,1.0
5996838,1.236111111111111,0.5666666666666667,-0.23611111111111116,1.16,0.0
3199982,0.6121031746031745,0.6333333333333334,0.3878968253968254,0.0,1.0
5998032,1.3038156288156288,0.6000000000000001,-0.3038156288156288,0.7266666666666667,0.0
5978269,0.9722222222222222,0.6,0.02777777777777779,0.2,0.0
1709677,1.4735286935286938,0.43333333333333335,-0.4735286935286935,0.0,1.0
2063785,1.598229548229548,0.5666666666666668,-0.5982295482295482,0.0,1.0
5981304,1.4034391534391537,0.6,-0.40343915343915343,1.1,0.0
5996369,1.3209700828673179,0.6333333333333333,-0.6339774114774115,0.5733333333333334,0.0
5979549,1.3888888888888893,0.5666666666666667,-0.3888888888888889,1.593333333333333,0.0
2833895,1.3698412698412696,0.43333333333333335,-0.36984126984126986,0.0,1.0
5998644,0.8888888888888888,0.7000000000000001,0.1111111111111111,0.6666666666666666,0.0
5980354,1.4152097902097902,0.6666666666666666,-0.4152097902097902,0.36666666666666653,0.0
2123463,1.4617216117216116,0.6,-0.4617216117216117,0.0,1.0
5991674,0.9380647130647132,0.6333333333333333,0.06193528693528694,1.02,0.0
1670781,0.6518583268583269,0.6000000000000001,0.3481416731416731,0.0,1.0
2424982,0.8019536019536019,0.6,0.19804639804639804,0.0,1.0
5981830,1.133366402116402,0.5,-0.13336640211640213,1.1866666666666668,0.0
5978379,0.9111111111111112,0.6,0.08888888888888889,0.8533333333333334,0.0
5978271,0.9176587301587302,0.7000000000000001,0.08234126984126983,0.6066666666666667,0.0
5983778,1.2304639804639803,0.5333333333333333,-0.23046398046398045,0.7466666666666667,0.0
2318741,0.9929851162945741,0.5666666666666665,0.26944444444444443,0.0,1.0
5997700,1.2638047138047137,0.5333333333333333,-0.26380471380471376,0.5266666666666667,0.0
5982996,1.5981150793650796,0.6,-0.5981150793650793,0.22,0.0
5991015,1.3143956043956044,0.6666666666666666,-0.3143956043956044,0.9466666666666668,0.0
2298451,1.126521164021164,0.5666666666666668,-0.12652116402116398,0.0,1.0
5994483,1.4631127450980392,0.6,-0.4631127450980392,0.3,0.0
5988552,1.8175925925925924,0.5666666666666668,-0.8175925925925926,0.48,0.0
1843825,0.6432539682539683,0.6,0.3567460317460318,0.0,1.0
5982337,1.4182539682539683,0.5666666666666668,-0.41825396825396827,0.17333333333333334,0.0
1958724,0.8181474673202614,0.4643730517331415,0.18185253267973853,0.0,1.0
2337842,1.1164326414326415,0.5,-0.11643264143264148,0.0,1.0
5983687,0.9711474867724867,0.6666666666666666,0.02885251322751322,0.5066666666666667,0.0
5993179,0.946195286195286,0.6333333333333333,0.0538047138047138,0.8466666666666667,0.0
5989103,1.603367003367003,0.6333333333333333,-0.6033670033670034,0.5260526438388073,0.0
3245703,0.85,0.7037826244649372,0.15000000000000002,0.0,1.0
1755581,4.493406677432774,0.5,-0.3777777777777778,0.0,1.0
5980404,0.6406565656565656,0.6999999999999998,0.35934343434343435,0.8333333333333334,0.0
5999435,1.462130647130647,0.6666666666666666,-0.4621306471306471,0.8733333333333334,0.0
5997432,1.4685784313725492,0.6,-0.468578431372549,0.6133333333333334,0.0
5978924,1.3293650793650793,0.6500000000000001,-0.32936507936507936,0.6,0.0
5990856,1.1239057239057235,0.4666666666666666,-0.1239057239057239,0.3133333333333333,0.0
2138687,0.9677960927960928,0.6922830788721764,0.03220390720390722,0.0,1.0
5994899,0.6597222222222222,0.6,0.3402777777777777,1.2333333333333334,0.0
2728157,1.2718915343915345,0.6666666666666666,-0.2718915343915344,0.0,1.0
5986215,1.4680555555555557,0.5333333333333333,-0.4680555555555555,0.3,0.0
5985932,1.1761111111111109,0.6333333333333333,-0.17611111111111108,1.0066666666666666,0.0
5992452,1.4163232600732605,0.5666666666666667,-0.41632326007326,0.58,0.0
5994933,1.6168345543345544,0.7000000000000001,-0.5297326851828176,0.3666666666666667,0.0
5992840,1.4761846405228758,0.4000000000000001,-0.4761846405228758,0.98,0.0
5988324,0.9654040404040404,0.6,0.034595959595959604,1.14,0.0
5987182,1.628434065934066,0.6333333333333333,-0.628434065934066,0.3666666666666667,0.0
5982925,1.4524470899470898,0.7333333333333334,-0.45244708994709,0.9733333333333332,0.0
5978351,1.1541666666666666,0.6,-0.15416666666666667,1.0599999999999998,0.0
3309195,1.5362433862433862,0.6,-0.5362433862433862,0.0,1.0
1918306,1.4394781144781146,0.6666666666666666,-0.4394781144781144,0.0,1.0
5994888,1.3138888888888889,0.6999999999999998,-0.3138888888888889,0.8266666666666667,0.0
2957813,1.200793650793651,0.6000000000000001,-0.2007936507936508,0.0,1.0
5990669,0.9722056878306878,0.8065218559868548,0.027794312169312156,0.9866666666666668,0.0
5994932,0.9550264550264549,0.6333333333333334,0.044973544973545,1.1425302414327685,0.0
2296655,1.4499834656084658,0.6666666666666666,-0.4499834656084656,0.0,1.0
3226144,0.9296296296296296,0.5333333333333333,0.07037037037037036,0.0,1.0
5980817,1.2994444444444444,0.6666666666666666,-0.2994444444444444,0.6,0.0
5990539,0.6328703703703704,0.7333333333333334,0.3671296296296296,1.4266666666666663,0.0
5989667,0.7446602967131369,0.5666666666666668,0.0017118257994523196,0.46,0.0
5983515,1.4386904761904757,0.6666666666666666,-0.4386904761904762,0.3533333333333333,0.0
5991140,1.5,0.6666666666666666,-0.5,1.58,0.0
5984335,1.2694444444444446,0.5666666666666667,-0.26944444444444443,1.0666666666666669,0.0
5992396,1.4293040293040291,0.6,-0.4293040293040293,1.86,0.0
5985648,0.7694444444444445,0.7000000000000001,0.23055555555555554,0.04,0.0
3116738,1.6385225885225887,0.6,-0.6385225885225885,0.0,1.0
2738220,1.3759920634920637,0.5666666666666665,-0.3759920634920635,0.0,1.0
5988284,1.5844356261022927,0.6,-0.5844356261022927,1.4733333333333334,0.0
5989868,1.1861111111111111,0.6000000000000001,-0.1861111111111111,0.913551075268817,0.0
1992552,0.9765849673202616,0.43333333333333335,0.023415032679738563,0.0,1.0
5989548,1.2500000000000002,0.6666666666666666,-0.2500000000000001,0.9266666666666667,0.0
5983154,1.4281352124183009,0.5666666666666668,-0.4281352124183007,1.5333333333333332,0.0
5996869,1.5152777777777775,0.5666666666666668,-0.5152777777777778,1.106666666666667,0.0
5987247,1.2547591297591296,0.6000000000000001,-0.2547591297591298,0.26666666666666666,0.0
5991102,1.627446895424837,0.5666666666666667,-0.6274468954248366,0.4,0.0
1898984,1.931746031746032,0.7666666666666666,-0.9317460317460317,0.0,1.0
5998603,1.4513431013431013,0.4666666666666666,-0.4513431013431014,1.1,0.0
1602115,1.1127652320507837,0.5666666666666667,-0.012698412698412695,0.0,1.0
5995194,0.8153540903540902,0.5666666666666667,0.18464590964590966,1.34,0.0
5998771,0.6329365079365079,0.6666666666666666,0.3670634920634921,0.9466666666666668,0.0
5991706,0.982440476190476,0.5,0.01755952380952381,0.81,0.0
5993581,0.7555555555555555,0.7333333333333334,0.2444444444444445,1.7599999999999998,0.0
1742432,1.0806138306138309,0.5333333333333333,-0.08061383061383062,0.0,1.0
5992821,0.968605006105006,0.7333333333333334,0.03139499389499386,1.2666666666666666,0.0
1515871,0.9685286935286936,0.6333333333333333,0.031471306471306436,0.0,1.0
2237997,0.9305555555555556,0.5,0.06944444444444446,0.0,1.0
5983031,1.0405225580951185,0.6333333333333334,0.07507979582999295,0.4796874989444357,0.0
5978504,0.7833333333333333,0.5,0.21666666666666667,2.22,0.0
5996656,0.8165646853146854,0.6333333333333333,0.18343531468531468,2.16,0.0
1594316,1.1555555555555554,0.7333333333333334,-0.15555555555555556,0.0,1.0
5987387,1.4547549019607844,0.6,-0.4547549019607843,0.05333333333333334,0.0
5989024,1.6261294261294261,0.6333333333333333,-0.6261294261294261,0.4466666666666667,0.0
5985365,0.975462962962963,0.5,0.02453703703703704,0.62,0.0
2060126,1.1,0.6333333333333333,-0.1,0.0,1.0
5987329,1.3100081699346406,0.6333333333333334,-0.3100081699346405,1.0,0.0
5997386,0.6666666666666666,0.6666666666666666,0.3333333333333333,1.8866666666666667,0.0
2035506,1.7920329670329669,0.5,-0.7920329670329671,0.0,1.0
2821470,1.269510582010582,0.6666666666666666,-0.26951058201058203,0.0,1.0
5988145,1.7654761904761906,0.6,-0.7654761904761904,0.18666666666666668,0.0
2782195,0.7804105616605618,0.6,0.21958943833943834,0.0,1.0
5994834,1.787626262626263,0.5666666666666665,-0.7876262626262626,0.7799999999999999,0.0
5985380,0.818996743996744,0.7000000000000001,0.18100325600325595,1.16,0.0
2309796,1.141346801346801,0.6,-0.14134680134680133,0.0,1.0
5984427,0.8102661227661229,0.7000000000000001,0.18973387723387725,0.38666666666666666,0.0
5990352,1.2595645095645096,0.5333333333333333,-0.2595645095645096,0.6266666666666667,0.0
5991867,1.236019536019536,0.7000000000000001,-0.23601953601953604,1.1,0.0
5998597,1.760294117647059,0.6,-0.7602941176470589,1.7600000000000005,0.0
5980984,1.1242238562091504,0.6,-0.12422385620915033,0.5533333333333333,0.0
5978273,1.2793518518518516,0.5,-0.2793518518518518,0.8200000000000002,0.0
5994998,1.7919261294261295,0.7333333333333334,-0.7919261294261295,0.92,0.0
5978310,0.7849747474747475,0.6666666666666666,0.2150252525252525,0.54,0.0
5987426,1.4298564031718222,0.7000000000000001,-0.2462289562289563,0.64,0.0
5996676,1.065277777777778,0.6,-0.06527777777777778,0.09333333333333334,0.0
5989964,0.9341931216931216,0.6666666666666666,0.06580687830687831,0.4266666666666667,0.0
2742361,0.9719308469308467,0.6666666666666666,0.028069153069153068,0.09355995165869772,1.0
5984586,1.1065972222222225,0.6,-0.10659722222222223,0.44,0.0
1846615,1.689153439153439,0.6666666666666666,-0.6891534391534391,0.0,1.0
5996065,1.0875,0.4666666666666666,-0.08750000000000002,0.32666666666666666,0.0
5987231,1.1339307823450449,0.5666666666666668,-0.2324768928961726,0.24,0.0
5979531,1.1436914936914937,0.6333333333333333,-0.1436914936914937,0.12666666666666668,0.0
5986249,0.9138888888888888,0.6,0.0861111111111111,1.5066666666666666,0.0
5978644,1.2782021604938272,0.4666666666666666,-0.2782021604938272,0.5733333333333334,0.0
5988537,1.1077546296296297,0.6666666666666666,-0.10775462962962963,1.346666666666667,0.0
5988008,1.2793709150326795,0.6333333333333334,-0.2793709150326797,1.5466666666666666,0.0
2094204,0.9572668650793652,0.6666666666666666,-0.8255766890089369,2.675912837357165,1.0
5979679,0.9930555555555556,0.5,0.006944444444444438,1.393333333333333,0.0
5993796,0.8277777777777778,0.4335228946547927,0.1722222222222222,1.0933333333333333,0.0
2378136,0.9760437710437708,0.4407023013921166,0.023956228956228967,0.0,1.0
5994673,0.7876262626262626,0.4666666666666666,0.21237373737373733,0.9666666666666668,0.0
2063041,1.9509331110612824,0.5,-0.926851851851852,0.0,1.0
5984891,0.8402777777777777,0.7333333333333334,0.1597222222222222,1.2,0.0
3090369,1.013888888888889,0.6333333333333334,-0.013888888888888876,0.0,1.0
5993354,1.2707847707847708,0.6666666666666666,-0.2707847707847708,0.3866666666666667,0.0
5983901,1.1191750841750845,0.5,-0.11917508417508416,0.2266666666666667,0.0
5979712,1.2934523809523808,0.7333333333333334,-0.29345238095238096,1.586666666666667,0.0
5978486,0.3981847106426523,0.5333333333333333,0.34752215884169657,0.5096259326209988,0.0
5995034,1.4391830065359477,0.5,-0.4391830065359477,0.9333333333333332,0.0
2591612,1.5780303030303031,0.7000000000000001,-0.578030303030303,0.0,1.0
5978265,0.8472222222222223,0.7666666666666666,0.1527777777777778,1.08,0.0
5992852,0.7027777777777778,0.5333333333333333,0.2972222222222222,0.2933333333333333,0.0
5992822,1.0845954727793186,0.6666666666666666,-0.11498015873015872,1.84,0.0
2288366,1.3799162257495592,0.5666666666666668,-0.3799162257495591,0.0,1.0
5995771,1.4569248035914704,0.5,-0.4569248035914703,1.14,0.0
5987381,1.7166666666666668,0.5333333333333333,-0.7166666666666668,0.64,0.0
5998259,1.2946678321678322,0.7333333333333334,-0.29466783216783216,0.4266666666666667,0.0
5997938,1.3500925925925926,0.7666666666666666,-0.35009259259259257,0.8333333333333334,0.0
3338825,1.4706349206349207,0.6000000000000001,-0.4706349206349207,0.0,1.0
5981275,1.2459876543209876,0.7333333333333334,-0.24598765432098765,0.44,0.0
3162792,0.7910866910866908,0.6,0.20891330891330886,0.0,1.0
3125058,0.5750000000000001,0.3978640598856368,0.425,0.0,1.0
5979230,1.4687451437451438,0.7333333333333333,-0.4687451437451438,0.66,0.0
3223617,0.5916666666666667,0.6333333333333333,0.4083333333333334,0.0,1.0
5995553,1.3927777777777777,0.5666666666666667,-0.3927777777777777,0.2533333333333333,0.0
5993700,1.3108630952380953,0.8397802646552557,-0.31086309523809524,0.8266666666666667,0.0
3329262,1.0827380952380952,0.5333333333333333,-0.08273809523809525,0.0,1.0
2723153,0.9498778998778996,0.4666666666666666,0.05012210012210009,0.0,1.0
2200065,1.1252645502645502,0.6333333333333334,-0.12526455026455027,0.0,1.0
3264556,0.7951770451770451,0.5,0.2048229548229548,0.0,1.0
5996230,0.7966269841269842,0.6,0.20337301587301584,0.5866666666666667,0.0
2972939,1.4557239057239058,0.5,-0.4557239057239057,0.0,1.0
2571687,1.1382423025103101,0.6,0.20543509538077376,0.0,1.0
2355558,1.4590048840048842,0.4666666666666666,-0.459004884004884,0.0,1.0
5984411,0.9799206349206351,0.5,0.020079365079365103,0.39333333333333337,0.0
5996075,1.1441721132897602,0.6999999999999998,-0.14417211328976035,0.22,0.0
3401730,0.8166666666666665,0.6999999999999998,0.18333333333333332,0.0,1.0
5998915,1.4663888888888887,0.5666666666666668,-0.4663888888888889,0.5333333333333333,0.0
5997935,1.375,0.6,-0.375,0.7200000000000001,0.0
2044250,1.0972222222222223,0.43333333333333335,-0.09722222222222222,0.0,1.0
5982412,1.4761599511599508,0.6,-0.4761599511599512,1.24,0.0
2447779,0.7805555555555556,0.6,0.21944444444444444,0.0,1.0
1574078,1.6688888888888886,0.6333333333333333,-0.668888888888889,0.0,1.0
2905475,1.3194444444444444,0.7333333333333333,-0.3194444444444444,0.0,1.0
5978500,0.9361111111111112,0.5666666666666668,0.06388888888888887,0.6866666666666666,0.0
2698194,0.774864024864025,0.4666666666666666,0.2251359751359752,0.0,1.0
5983262,0.9811762311762312,0.637707478666381,0.018823768823768804,0.7866666666666667,0.0
5996039,1.2764309764309762,0.6000000000000001,-0.2764309764309765,0.8533333333333334,0.0
5989985,1.4513791763791764,0.6333333333333333,-0.4513791763791764,1.913333333333333,0.0
1734057,1.6192129629629632,0.6327354691580319,-0.6192129629629629,0.0,1.0
3411052,1.132996632996633,0.6333333333333333,-0.132996632996633,0.0,1.0
5994250,1.1772222222222222,0.4666666666666666,-0.17722222222222225,0.03333333333333333,0.0
5983405,0.5805555555555556,0.6666666666666666,0.09487761276127613,0.5133333333333334,0.0
5978123,0.9738215488215488,0.6666666666666666,0.02617845117845121,1.66,0.0
5999155,1.1631944444444444,0.6333333333333333,-0.16319444444444445,0.38666666666666666,0.0
5992308,1.2416666666666667,0.6333333333333333,-0.2416666666666667,1.3999999999999997,0.0
2429802,0.4724358974358974,0.6499999999999999,0.5275641025641026,0.0,1.0
5987010,0.4834986772486773,0.6,0.5165013227513228,0.4666666666666666,0.0
2236732,1.8166666666666664,0.6333333333333334,-0.8166666666666668,0.0,1.0
2034227,0.9058080808080808,0.6,0.0941919191919192,0.0,1.0
5993458,1.4410052910052908,0.5666666666666667,-0.44100529100529107,1.18,0.0
5989216,1.1458333333333333,0.6666666666666666,-0.14583333333333334,0.7666666666666666,0.0
5979930,0.6081349206349207,0.6999999999999998,0.39186507936507936,0.8399999999999999,0.0
5999361,1.2745370370370372,0.5333333333333333,-0.27453703703703697,1.58,0.0
5980200,0.9284722222222224,0.7666666666666666,0.07152777777777779,1.5533333333333337,0.0
5996539,0.7263888888888889,0.6999999999999998,-0.3612742865816636,0.18000000000000002,0.0
5978614,0.4922374847374848,0.5666666666666667,0.5077625152625153,0.7999999999999999,0.0
5981105,0.5513888888888889,0.6666666666666666,0.4486111111111111,1.5599999999999998,0.0
2016378,1.0472222222222225,0.43333333333333335,-0.04722222222222222,0.3564831240748672,1.0
5997983,0.6011408730158729,0.6,0.3988591269841269,0.8066666666666666,0.0
3236246,1.7750203500203503,0.6333333333333333,-0.7750203500203501,0.0,1.0
5986897,0.9076560362723376,0.6,-0.4705738705738705,0.9933333333333332,0.0
5985070,1.2416666666666667,0.6,-0.2416666666666667,0.48,0.0
5990844,1.4333333333333331,0.6,-0.43333333333333335,0.2,0.0
5979071,0.7777777777777777,0.5666666666666667,0.2222222222222222,0.7933333333333333,0.0
5996734,1.4306565656565655,0.6333333333333333,-0.4306565656565657,1.32,0.0
5991376,1.1503676470588236,0.6333333333333333,-0.15036764705882352,0.7799999999999999,0.0
3265520,0.8041035353535353,0.5333333333333333,0.19589646464646465,0.0,1.0
5987904,0.6944444444444443,0.5666666666666667,0.3055555555555556,0.4133333333333333,0.0
5979756,1.2656084656084656,0.6666666666666666,-0.2656084656084656,0.7066666666666667,0.0
2053367,1.5968864468864468,0.7000000000000001,-0.5968864468864469,0.0,1.0
5978763,0.8930555555555556,0.4666666666666666,0.10694444444444444,1.0199999999999998,0.0
5981064,1.4228937728937734,0.6333333333333333,-0.4228937728937729,0.9866666666666668,0.0
5986969,1.7555555555555555,0.6,-0.7555555555555555,1.26,0.0
2386107,1.4639880952380953,0.6000000000000001,-0.4639880952380953,0.0,1.0
5993827,0.6572753267973857,0.5333333333333333,0.3427246732026144,1.06,0.0
5982975,0.9354166666666668,0.6333333333333334,0.06458333333333333,1.42,0.0
5990289,0.8145930458430458,0.5333333333333333,-0.11508294958859933,1.08,0.0
5981472,0.9626262626262626,0.6333333333333333,0.03737373737373737,0.5133333333333333,0.0
5986594,1.313829365079365,0.5333333333333333,-0.31382936507936515,1.24,0.0
5979335,0.9644781144781144,0.6,0.03552188552188551,0.3066666666666667,0.0
5999465,0.7361111111111112,0.6,0.2638888888888889,1.5200000000000002,0.0
5998405,0.9329545454545456,0.6666666666666666,0.06704545454545456,0.3866666666666667,0.0
5994447,1.6613425925925924,0.6666666666666666,-0.6613425925925926,1.0133333333333334,0.0
5985429,1.2625,0.6333333333333333,0.01870725390913035,0.4666666666666666,0.0
5988957,0.8995251616673806,0.6666666666666666,-0.29584859584859585,0.2266666666666667,0.0
5992497,1.1583333333333334,0.5666666666666668,-0.15833333333333333,0.9066666666666668,0.0
5993253,1.1329365079365081,0.5333333333333333,-0.1329365079365079,0.6533333333333333,0.0
2787758,0.8133498445998445,0.6000000000000001,0.14706068533305444,0.0,1.0
5981020,0.5416666666666666,0.5666666666666667,0.4583333333333333,0.22,0.0
1674963,0.9393849206349209,0.5333333333333333,0.06061507936507937,0.0,1.0
5990553,1.637738095238095,0.6666666666666666,-0.6377380952380952,0.9133333333333334,0.0
2038346,0.8117658730158731,0.4666666666666666,0.18823412698412698,0.0,1.0
2919142,1.1198809523809523,0.5666666666666668,-0.11988095238095235,0.0,1.0
3296154,0.8722222222222222,0.31025789613187715,0.1277777777777778,0.0,1.0
1737456,1.0502645502645505,0.6333333333333333,-0.05026455026455027,0.0,1.0
5980180,0.8129324379324379,0.6333333333333333,0.1870675620675621,0.58,0.0
5986160,0.9486161986161984,0.6,0.051383801383801414,1.24,0.0
2283031,0.9741421568627452,0.5333333333333333,0.025857843137254848,0.0,1.0
5986374,1.2734126984126986,0.5666666666666668,-0.2734126984126984,0.4133333333333333,0.0
1807076,1.4745424836601309,0.5021883401585624,-0.4745424836601308,0.0,1.0
5993813,0.4166666666666667,0.5,0.5833333333333334,0.66,0.0
2738755,0.8224673202614381,0.5333333333333333,0.17753267973856204,0.0,1.0
5996327,0.7579365079365079,0.6666666666666666,0.2420634920634921,1.2333333333333334,0.0
5990078,0.8093209876543209,0.5,0.190679012345679,0.7466666666666667,0.0
5998157,1.4524827024827025,0.5666666666666668,-0.4524827024827025,1.0933333333333335,0.0
5991408,1.2615079365079365,0.7333333333333334,-0.2615079365079365,1.12,0.0
2327234,1.6125152625152623,0.5666666666666668,-0.6125152625152626,0.0,1.0
5984523,1.2916666666666667,0.8969621708662917,-0.2916666666666667,0.7266666666666666,0.0
5987246,1.3337962962962964,0.4000000000000001,-0.3337962962962963,0.62,0.0
5997268,0.8019841269841269,0.5666666666666668,0.19801587301587303,0.64,0.0
2404672,0.7027777777777778,0.5666666666666668,0.2972222222222222,0.0,1.0
5980981,1.4661551411551412,0.6333333333333333,-0.4661551411551412,0.7933333333333333,0.0
1863667,0.4871147371147371,0.5333333333333333,0.5128852628852628,0.0,1.0
5982420,1.0694444444444444,0.6,-0.06944444444444446,0.6066666666666666,0.0
5989992,1.1017676767676765,0.8120538056543345,-0.10176767676767676,0.8533333333333334,0.0
5982343,1.3046231546231546,0.5,-0.3046231546231546,0.7933333333333333,0.0
5992024,1.1555555555555554,0.6333333333333333,-0.1555555555555556,0.9266666666666666,0.0
5988339,1.1791666666666667,0.6666666666666666,-0.17916666666666667,0.54,0.0
3393717,1.1496561929682558,0.4333333333333333,0.08897306397306398,0.0,1.0
5989616,1.2333333333333334,0.5666666666666668,-0.2333333333333333,0.5266666666666667,0.0
1699624,0.8036871693121693,0.7333333333333334,0.19631283068783065,0.0,1.0
1773939,1.4753676470588235,0.5,-0.4753676470588235,0.0,1.0
3020138,1.5616161616161617,0.7333333333333334,-0.5616161616161617,0.0,1.0
2746958,1.1310286935286935,0.7333333333333334,-0.1310286935286935,0.0,1.0
5992204,1.2369444444444444,0.6124173661038316,-0.23694444444444446,1.3666666666666665,0.0
3304503,1.175,0.6333333333333334,-0.17500000000000002,0.0,1.0
3214106,1.0907828282828282,0.5666666666666668,-0.09078282828282827,0.0,1.0
1724803,1.7684343434343437,1.4408235509733622,-0.7684343434343434,0.0,1.0
5980050,0.7256944444444443,0.5666666666666668,0.2743055555555556,0.9,0.0
5988476,1.7974867724867725,0.6,-0.7974867724867725,1.5133333333333334,0.0
5995187,1.056712962962963,0.6,-0.056712962962962965,0.5133333333333333,0.0
5980311,0.6469035947712419,0.5,0.3530964052287581,1.3733333333333333,0.0
5978062,1.103174603174603,0.5,-0.1031746031746032,1.42,0.0
2501107,1.68125,0.55,-0.68125,0.0,1.0
2531934,1.4083333333333334,0.5470585361367118,-0.4083333333333334,0.0,1.0
5989322,1.3638888888888892,0.6666666666666666,-0.3638888888888889,0.9466666666666668,0.0
3320316,0.45,0.5666666666666668,0.5499999999999999,0.0,1.0
5994196,0.9814814814814816,0.5,0.018518518518518528,0.8266666666666667,0.0
5993867,1.265707671957672,0.5666666666666667,-0.2657076719576719,0.6133333333333333,0.0
2174330,1.4175925925925927,0.7000000000000001,-0.41759259259259257,0.0,1.0
1682247,1.3805555555555555,0.5666666666666668,-0.3805555555555555,0.0,1.0
5995201,1.0708333333333333,0.6,-0.07083333333333335,0.7799999999999999,0.0
5979905,1.2758986928104574,0.6666666666666666,-0.2758986928104575,0.7200000000000001,0.0
5985387,1.7774509803921568,0.6666666666666666,-0.7774509803921568,1.84,0.0
5990656,0.8199273957424035,0.6,-0.2930976430976431,0.2066666666666667,0.0
5984687,1.396825396825397,0.6666666666666666,-0.3968253968253968,0.2866666666666667,0.0
5992195,0.9111111111111112,0.5333333333333333,0.0888888888888889,0.7400000000000001,0.0
5980882,1.6247271825396823,0.7333333333333333,-0.6247271825396825,1.5066666666666666,0.0
5982976,1.1328703703703704,0.6666666666666666,-0.1328703703703704,0.37333333333333335,0.0
5982892,1.4564255189255189,0.6,-0.4564255189255189,0.7200000000000001,0.0
5983650,1.4748445998445998,0.6666666666666666,-0.4748445998445998,0.3533333333333333,0.0
5986667,0.4569444444444444,0.7333333333333334,0.5430555555555555,1.133333333333333,0.0
5995656,1.1352272727272728,0.6,-0.13522727272727275,0.7799999999999999,0.0
3288913,1.795479302832244,0.5666666666666665,-0.795479302832244,0.0,1.0
2127765,1.1031491656491657,0.6333333333333333,-0.10314916564916564,0.0,1.0
1642413,1.2868253968253969,0.5333333333333333,-0.2868253968253968,0.0,1.0
5983006,0.7799603174603176,0.5,0.2200396825396825,0.7399999999999999,0.0
5995025,0.978390522875817,0.8000000000000002,0.021609477124183003,0.7733333333333333,0.0
5998599,1.1629629629629628,0.7666666666666667,-0.162962962962963,1.5,0.0
2580389,1.2779761904761904,0.5666666666666667,-0.2779761904761905,0.0,1.0
5996549,1.448905723905724,0.5333333333333333,-0.4489057239057239,1.7866666666666668,0.0
1868248,1.0583333333333331,0.6333333333333334,-0.05833333333333333,0.0,1.0
5992570,1.0694444444444444,0.43333333333333335,-0.06944444444444442,0.9733333333333332,0.0
5990488,0.6333333333333333,0.5666666666666668,0.3666666666666667,1.1266666666666667,0.0
1886319,0.6712962962962963,0.5666666666666668,0.3287037037037037,0.0,1.0
2260064,1.1337373737373737,0.6333333333333333,-0.13373737373737374,0.0,1.0
5980160,0.7736111111111111,0.6999999999999998,0.2263888888888889,0.2,0.0
5990599,0.952157738095238,0.6333333333333333,0.04784226190476189,1.34,0.0
2599036,0.9758838383838384,0.5666666666666668,0.024116161616161612,0.0,1.0
2872897,0.6402625152625153,0.6333333333333334,0.35973748473748474,0.0,1.0
1545939,1.11515522875817,0.5333333333333333,-0.11515522875816996,0.0,1.0
5997717,0.6298562548562548,0.6333333333333334,0.3701437451437451,1.0,0.0
3312597,1.8222222222222224,0.7333333333333333,-0.8222222222222223,0.0,1.0
5992373,0.4903464590964591,0.7000000000000001,0.5096535409035409,0.8133333333333334,0.0
5995686,1.0944444444444443,0.5666666666666668,-0.4994536682276145,0.52,0.0
1690458,1.2452380952380953,0.6666666666666666,-0.2452380952380953,0.0,1.0
5978982,1.564141414141414,0.6333333333333333,-0.5641414141414142,0.58,0.0
5981760,0.6833333333333332,0.4353559872124959,0.31666666666666665,2.904348414807433,0.0
1967267,0.7731818181818181,0.5,0.2268181818181818,0.0,1.0
5981097,1.1433251933251931,0.4666666666666666,-0.1433251933251933,0.5866666666666666,0.0
5984229,1.4580808080808083,0.6000000000000001,-0.458080808080808,0.96,0.0
5995067,1.76468253968254,0.5,-0.7646825396825396,0.7333333333333334,0.0
2012568,1.0055555555555555,0.5,-0.005555555555555554,0.0,1.0
5988729,1.4371610449735452,0.6,-0.43716104497354497,0.12,0.0
2717822,1.2027777777777775,0.5333333333333333,-0.2027777777777778,0.0,1.0
5982308,1.1332232582232582,0.6666666666666666,-0.1332232582232582,0.6666666666666666,0.0
5983813,1.4727960927960926,0.5666666666666665,-0.4727960927960928,0.4466666666666667,0.0
2520215,1.2590909090909093,0.5666666666666668,-0.2590909090909091,0.0,1.0
5987990,1.1833333333333331,0.7000000000000001,-0.18333333333333332,0.8999999999999999,0.0
5980196,1.296916971916972,0.5,-0.2969169719169719,2.3400000000000003,0.0
1999831,1.231426746211054,0.596142090298582,-0.5253160051710535,0.0,1.0
5991072,1.0486111111111112,0.5,-0.04861111111111111,0.2933333333333334,0.0
5982239,0.8421296296296296,0.6,-0.16350075528700908,1.02,0.0
5992160,0.5847883597883597,0.5666666666666667,0.4152116402116402,0.2733333333333333,0.0
5994297,1.7946775446775447,0.7000000000000001,-0.7946775446775448,1.54,0.0
3439224,1.3996632996632996,0.5333333333333333,-0.3996632996632997,0.0,1.0
5981425,1.0925925925925926,0.43333333333333335,-0.0925925925925926,1.2533333333333332,0.0
5981461,0.6466422466422467,0.5333333333333333,0.3533577533577533,0.96,0.0
5995143,1.243320105820106,0.6,-0.24332010582010585,1.58,0.0
5987672,1.7147546398948703,0.6333333333333334,-0.4588381941781862,1.4078298320780134,0.0
2601329,0.8033670033670033,0.7000000000000001,0.19663299663299666,0.0,1.0
1675324,0.9611111111111112,0.6666666666666666,0.038888888888888896,0.0,1.0
5981719,0.97493894993895,0.6666666666666666,0.025061050061050083,0.06,0.0
5989037,0.8402777777777777,0.7666666666666667,0.1597222222222222,1.4733333333333334,0.0
2870709,0.9724969474969476,0.4666666666666666,0.027503052503052444,0.0,1.0
3062214,1.3049325980392157,0.6666666666666666,-0.3049325980392157,0.0,1.0
5997945,1.4473774509803918,0.5333333333333333,-0.4473774509803921,0.5666666666666668,0.0
5980751,1.4210419210419207,0.6333333333333333,-0.421041921041921,1.32,0.0
5990201,1.0652777777777778,0.5333333333333333,-0.05140862206079596,0.7600000000000001,0.0
5996059,1.2888888888888892,0.7333333333333334,-0.2888888888888889,1.7733333333333334,0.0
5994803,1.4138888888888892,0.6666666666666666,-0.4138888888888889,1.18,0.0
1906847,0.7988888888888889,0.4858970398691733,0.20111111111111116,0.0,1.0
5993717,0.9627946127946126,1.0416111742437846,0.037205387205387214,0.9133333333333332,0.0
5994399,0.7978937728937728,0.6666666666666666,0.20210622710622714,1.16,0.0
5989032,1.5773809523809526,0.6666666666666666,-0.5773809523809524,0.8666666666666667,0.0
5982490,1.596833721833722,0.4666666666666666,-0.5968337218337219,1.38,0.0
5997458,1.4138888888888888,0.6666666666666666,-0.4138888888888889,0.66,0.0
5986416,1.2274603174603174,0.6333333333333333,-0.22746031746031745,0.20666666666666667,0.0
5992163,1.2503968253968254,0.7000000000000001,-0.2503968253968254,0.46,0.0
5995940,0.4879629629629629,0.5149970127636736,0.5120370370370371,0.6066666666666667,0.0
5986209,1.0625,0.5333333333333333,-0.0625,0.98,0.0
2621516,1.2313492063492064,0.5,-0.2313492063492064,0.0,1.0
5990893,1.422914122914123,0.5666666666666668,-0.4229141229141229,0.9733333333333332,0.0
5999332,1.7166666666666668,1.0609997169216518,-0.7166666666666667,0.28,0.0
2609767,1.0325396825396824,0.4666666666666666,-0.03253968253968253,0.0,1.0
5996403,1.1222222222222222,0.6,-0.12222222222222225,1.22,0.0
5981127,1.148637663398693,0.5333333333333333,-0.14863766339869286,0.3733333333333333,0.0
5999409,1.0674242424242424,0.7333333333333334,-0.06742424242424243,1.0666666666666669,0.0
2350065,1.279141414141414,0.5333333333333333,-0.2791414141414141,0.0,1.0
5989469,0.8069907407407407,0.6333333333333333,0.19300925925925927,0.19333333333333336,0.0
2395046,1.0396825396825398,0.5666666666666668,-0.03968253968253973,0.0871218135207535,1.0
5999057,0.7855324074074074,0.5666666666666668,0.2144675925925926,0.32,0.0
5998821,1.2888888888888892,0.5,-0.2888888888888889,0.9533333333333333,0.0
1854877,0.8192612942612943,0.5666666666666667,0.18073870573870576,0.0,1.0
5981132,1.6888888888888889,0.6333333333333333,-0.6888888888888888,0.6466666666666666,0.0
5987479,1.1235119047619049,0.5333333333333333,-0.12351190476190475,1.4400000000000002,0.0
5993362,1.4476129426129427,0.6999999999999998,-0.44761294261294265,0.6666666666666666,0.0
1653678,1.0646825396825397,0.4666666666666666,-1.0844087876696575,0.0,1.0
5992732,0.8472222222222223,0.6666666666666666,0.1527777777777778,0.38,0.0
3079511,1.0550925925925927,0.6666666666666666,-0.05509259259259258,0.0,1.0
5997372,1.4474969474969477,0.5,-0.4474969474969475,0.22,0.0
1591570,1.2976262626262625,0.43333333333333335,-0.2976262626262626,0.0,1.0
5984734,1.1175264550264552,0.43333333333333335,-0.11752645502645502,0.9866666666666668,0.0
1990316,1.133234126984127,0.6,-0.13323412698412698,0.0,1.0
5988730,1.1220734126984129,0.6333333333333333,-0.12207341269841272,1.06,0.0
5984463,0.32384940028803866,0.65,0.2686678143062885,0.5455103287565962,0.0
2808974,1.0353174603174604,0.7000000000000001,-0.0353174603174603,0.0,1.0
5999059,1.1712962962962965,0.5666666666666667,-0.17129629629629628,0.7666666666666666,0.0
5997451,0.9655691530691533,0.5333333333333333,0.03443084693084692,1.7066666666666668,0.0
5978599,0.8168572984749455,0.6666666666666666,0.18314270152505446,0.6333333333333333,0.0
5982952,0.6508850762527233,0.5333333333333333,0.34911492374727665,0.88,0.0
5980101,1.176984126984127,0.6999999999999998,-0.17698412698412697,1.4266666666666663,0.0
2099337,0.9490079365079364,0.7333333333333334,0.0509920634920635,0.0,1.0
1813662,0.6173611111111111,0.6666666666666666,0.3826388888888888,0.0,1.0
5981824,1.099206349206349,0.4666666666666666,-0.0992063492063492,1.6466666666666665,0.0
2082187,1.0602843915343916,0.5333333333333333,-0.06028439153439155,0.0,1.0
5980472,1.4545479302832245,0.6,-0.4545479302832244,0.18666666666666668,0.0
5988289,1.7604828042328042,0.6666666666666666,-0.7604828042328041,0.5066666666666667,0.0
1980836,1.2832653457653456,0.5,-0.2832653457653457,0.0,1.0
5980143,1.4550505050505051,0.5333333333333333,-0.4550505050505051,1.593333333333333,0.0
5987125,1.0766666666666664,0.6,-0.07666666666666666,0.5733333333333333,0.0
2221771,0.8055555555555557,0.4666666666666666,0.19444444444444445,0.0,1.0
5979541,0.9638071895424836,0.6000000000000001,0.036192810457516336,1.1666666666666667,0.0
5985881,1.2123015873015872,0.7000000000000001,-0.2123015873015873,1.24,0.0
5998432,1.4275252525252524,0.7666666666666666,-0.4275252525252526,0.5466666666666667,0.0
2499056,1.000925925925926,0.4766216389463767,-0.0009259259259259227,0.0,1.0
5987271,1.15,0.4666666666666666,-0.15,0.46,0.0
1561109,0.7710437710437711,0.6666666666666666,0.2289562289562289,0.0,1.0
5996352,0.9379960317460316,0.5666666666666665,0.06200396825396825,1.16,0.0
2136427,0.9944444444444444,0.6,0.005555555555555536,0.0,1.0
5991308,1.0130952380952385,0.5370851197698574,-0.013095238095238085,0.7466666666666666,0.0
5998542,0.7083333333333334,0.6666666666666666,0.2916666666666667,0.7200000000000001,0.0
3156979,0.9651124338624338,0.43333333333333335,0.034887566137566134,0.0,1.0
5996306,1.6296041921041917,0.6000000000000001,-0.629604192104192,0.56,0.0
5998709,1.875925925925926,0.6333333333333333,-0.8759259259259259,0.3,0.0
5997102,1.293341503267974,0.6666666666666666,-0.2933415032679739,0.5466666666666667,0.0
5991211,0.6349999999999999,0.5666666666666668,0.365,0.9533333333333333,0.0
5998065,0.9537037037037036,0.4666666666666666,0.04629629629629632,0.4666666666666666,0.0
5992612,0.6449074074074074,0.4666666666666666,0.35509259259259257,0.7200000000000001,0.0
5987065,0.6203703703703703,0.5333333333333333,0.3796296296296296,1.22,0.0
5995929,1.1914682539682542,0.5333333333333333,-0.191468253968254,0.7533333333333333,0.0
5984560,0.8972222222222221,0.6,0.1027777777777778,1.2533333333333332,0.0
5978315,1.083089133089133,0.6666666666666666,-0.08308913308913309,0.7200000000000001,0.0
5996008,0.8847222222222223,0.7333333333333334,0.11527777777777776,1.3,0.0
5997308,1.4788398692810458,0.4666666666666666,-0.4788398692810458,1.12,0.0
5986010,1.9671568627450982,0.7333333333333334,-0.967156862745098,0.4266666666666667,0.0
5997328,1.374074074074074,0.6333333333333333,-0.3740740740740741,0.8066666666666666,0.0
5990311,1.5748321123321125,0.6666666666666666,-0.5748321123321124,0.8666666666666666,0.0
1778249,0.5826719576719577,0.6,0.4173280423280423,0.0,1.0
5982319,1.4587962962962964,0.6333333333333334,-0.4587962962962963,0.7866666666666666,0.0
1900874,0.6999999999999998,0.4666666666666666,0.3,0.0,1.0
5993200,0.9536019536019535,0.5,0.04639804639804638,0.7333333333333334,0.0
5999301,1.138733660130719,0.7000000000000001,-0.13873366013071894,0.10666666666666667,0.0
5989442,1.4656898656898658,0.6333333333333333,-0.4656898656898657,0.96,0.0
5988583,1.400181839841972,0.43333333333333335,-0.16488139991644032,1.1184327634502835,0.0
2358330,1.6944444444444444,0.5333333333333333,-0.6944444444444445,0.0,1.0
5997968,0.943968253968254,0.6,0.056031746031746016,1.0266666666666666,0.0
5989441,0.8194444444444443,0.6333333333333334,0.1805555555555556,0.18666666666666668,0.0
5978180,1.6483961640211642,0.5666666666666668,-0.6483961640211641,0.5733333333333334,0.0
5986411,0.8051892551892553,0.5333333333333333,0.1948107448107448,1.413333333333333,0.0
5996434,0.6271825396825397,0.4666666666666666,0.3728174603174603,0.5466666666666666,0.0
5979645,1.3700396825396826,0.5666666666666667,-0.37003968253968256,1.2,0.0
2669410,0.8680555555555557,0.5666666666666668,0.13194444444444445,0.0,1.0
5986829,0.5492921572367558,0.7000000000000001,0.13558692819807786,0.7640067321289967,0.0
5991761,1.1759259259259258,0.7666666666666666,-0.17592592592592593,0.7000000000000001,0.0
5989649,1.4583028083028082,0.43333333333333335,-0.4583028083028083,0.14,0.0
5980952,1.3940476190476192,0.6666666666666666,-0.39404761904761904,0.5466666666666666,0.0
5985570,0.8129545454545455,0.6,0.18704545454545451,1.3,0.0
5998351,1.43219696969697,0.5666666666666668,-0.4321969696969696,1.32,0.0
5985672,1.0987103174603174,0.5333333333333333,-0.09871031746031746,1.2866666666666666,0.0
2231252,0.4896418396418397,0.6333333333333333,0.5103581603581603,0.0,1.0
5980066,1.1680555555555554,0.6,-0.16805555555555554,0.6133333333333334,0.0
5995392,1.0766666666666669,0.6666666666666666,-0.07666666666666667,1.24,0.0
5998751,1.1394892144892144,0.5666666666666668,-0.13948921448921447,0.64,0.0
5982080,2.1702786181588083,0.7,-1.0390571156455402,1.2004521242222903,0.0
5994045,0.8124967624967625,0.6666666666666666,0.1875032375032375,1.4399999999999995,0.0
5978300,1.448737373737374,0.6333333333333333,-0.4487373737373737,0.6933333333333334,0.0
1513612,0.9511784511784512,0.6333333333333333,0.04882154882154882,0.0,1.0
3182616,0.7992063492063491,0.5,0.2007936507936508,0.0,1.0
3195672,1.1359432234432234,0.5666666666666665,-0.13594322344322346,0.3607930891890408,1.0
5985366,0.9364814814814816,0.6,0.06351851851851853,0.5333333333333333,0.0
3294300,0.9384920634920636,0.5,0.061507936507936525,0.0,1.0
1839909,1.0375,0.5,-0.03749999999999998,0.0,1.0
5996696,1.4027777777777777,0.4666666666666666,-0.40277777777777785,0.8133333333333334,0.0
5986953,1.5654761904761905,0.5,-0.5654761904761905,0.7533333333333333,0.0
5990767,1.0694444444444444,0.7666666666666666,-0.06944444444444445,0.5533333333333333,0.0
5991750,0.8888888888888888,0.5666666666666665,0.1111111111111111,1.9933333333333327,0.0
5987680,0.8054584304584305,0.6666666666666666,0.19454156954156954,0.5066666666666667,0.0
2984849,0.9133597883597884,0.6,0.08664021164021164,0.0,1.0
5989726,1.9665445665445669,0.6999999999999998,-0.9665445665445666,1.6933333333333334,0.0
5991358,1.2721405228758171,0.6,-0.27214052287581697,0.6023250640824681,0.0
5997485,2.8058135355432654,0.8000000000000002,0.3888888888888888,0.5266666666666667,0.0
5990261,0.75,0.6666666666666666,0.25,0.32666666666666666,0.0
5996232,1.1476107226107226,0.5666666666666668,-0.14761072261072264,0.8733333333333334,0.0
5978174,1.052910052910053,0.5,-0.052910052910052914,1.88,0.0
1826717,0.40277777777777785,1.9873224606215212,0.5972222222222222,0.0,1.0
1523583,0.8194444444444445,0.6555658650542188,0.1805555555555556,0.2807706082402865,1.0
1995881,1.2724747474747475,0.6,-0.2724747474747475,0.0,1.0
3298238,0.9257936507936508,0.7666666666666666,0.07420634920634922,0.0,1.0
1907377,0.7839438339438339,0.6333333333333333,0.21605616605616604,0.0,1.0
5993525,0.8638888888888888,0.6666666666666666,0.13611111111111113,0.9533333333333336,0.0
5979157,1.1255555555555554,0.6,-0.12555555555555556,0.16,0.0
2356993,0.9759858197358198,0.6666666666666666,0.15573310820106553,0.0,1.0
5978490,0.9507115305292272,0.6333333333333333,-0.09674633787770492,0.7866666666666667,0.0
2744071,1.4155753968253968,0.5666666666666667,-0.4155753968253968,0.0,1.0
5991068,1.3021520146520145,0.5,-0.30215201465201463,1.346666666666667,0.0
5983370,1.4713878713878714,0.6666666666666666,-0.4713878713878714,0.02,0.0
5983670,0.7502777777777778,0.6333333333333334,0.2497222222222222,1.1,0.0
5995340,0.923415709122458,0.6333333333333333,-0.14052436540206864,0.2,0.0
1816409,1.375,0.6499999999999999,-0.375,0.0,1.0
5987447,0.6527777777777778,0.6,0.3472222222222221,0.7066666666666667,0.0
5985272,1.4226236726236727,0.5333333333333333,-0.4226236726236727,0.26666666666666666,0.0
2231938,1.14156746031746,0.7333333333333334,-0.14156746031746034,0.0,1.0
5992532,0.4861952861952862,0.6000000000000001,0.5138047138047137,1.0499999999999998,0.0
5978105,1.270998445998446,0.6000000000000001,-0.270998445998446,0.3200000000000001,0.0
2067713,1.0449074074074074,0.5666666666666667,-0.0449074074074074,0.0,1.0
2101572,0.9601613562091504,0.5666666666666668,0.03983864379084967,0.0,1.0
3219599,0.9073232323232324,0.7333333333333334,0.09267676767676764,0.0,1.0
5979607,0.970909645909646,0.5,0.029090354090354063,0.4266666666666667,0.0
5984598,1.2208333333333332,0.5,-0.22083333333333333,0.9,0.0
1828645,1.0138888888888888,1.8869486575818917,-0.013888888888888876,0.0,1.0
5991432,0.9972222222222222,0.36835431817973213,0.002777777777777768,0.4133333333333333,0.0
3086038,0.6509129759129759,0.7522565993318342,0.3490870240870241,0.0,1.0
5988881,0.9334588769104668,0.6,-0.2080621114111979,0.31685713926328946,0.0
2192594,1.2055555555555555,0.6666666666666666,-0.2055555555555556,0.0,1.0
5995095,1.575661375661375,0.6666666666666666,-0.5756613756613757,0.3,0.0
5994649,0.8130351307189544,0.6,0.18696486928104572,1.9066666666666665,0.0
5996798,1.4492424242424242,0.6666666666666666,-0.4492424242424242,0.6933333333333334,0.0
5983084,1.593919968919969,0.5333333333333333,-0.5939199689199689,0.5466666666666666,0.0
3195952,0.5013888888888889,0.6666666666666666,0.4986111111111111,0.0,1.0
2992767,0.9757440476190476,0.7000000000000001,0.024255952380952375,0.0,1.0
2151571,1.2625,0.6,-0.2625,0.0,1.0
5980258,0.5,0.4666666666666666,0.5,0.8666666666666667,0.0
2735778,1.8888888888888893,0.6,-0.8888888888888891,0.0,1.0
5985774,1.8733465608465607,0.6333333333333333,-0.8733465608465608,0.7999999999999999,0.0
5994464,1.7536798273564684,0.4666666666666666,-0.4041666666666666,0.8000000000000002,0.0
5979092,0.4861531986531986,0.5333333333333333,0.5138468013468013,0.2,0.0
5988850,0.4883928571428571,0.7333333333333334,0.5116071428571428,0.4533333333333333,0.0
5997844,0.7792438271604939,0.4666666666666666,0.2207561728395062,1.04,0.0
5983646,1.0564814814814814,0.43333333333333335,-0.05648148148148147,0.6162628705788535,0.0
5981191,1.2831290849673205,0.6,-0.28312908496732025,0.7133333333333333,0.0
5993674,1.3005901505901507,0.6,-0.30059015059015065,0.8933333333333334,0.0
5982895,1.5515873015873014,0.6,-0.5515873015873015,1.02,0.0
2029760,1.3830555555555557,0.5666666666666667,-0.3830555555555555,0.0,1.0
5983903,0.6438112745098039,0.6333333333333333,0.35618872549019603,0.4133333333333333,0.0
5980676,0.8416666666666667,0.6,0.15833333333333333,0.92,0.0
2919508,1.761031746031746,0.6,-0.7610317460317461,0.0,1.0
5985457,1.28510101010101,0.7333333333333334,-0.2851010101010101,0.15333333333333335,0.0
1701573,1.139021164021164,0.6,-0.13902116402116402,0.0,1.0
5997488,1.1498065476190475,0.6,-0.14980654761904766,1.24,0.0
5987172,1.4544094794094793,0.6333333333333333,-0.4544094794094794,1.82,0.0
5982816,0.8036616161616162,0.6333333333333333,0.19633838383838376,0.9333333333333332,0.0
5989165,1.1777777777777778,0.7333333333333334,-0.17777777777777773,0.86,0.0
5995529,0.9180555555555556,0.5,0.08194444444444443,0.3933333333333333,0.0
5978626,0.7829545454545453,0.5333333333333333,0.2170454545454545,0.9733333333333332,0.0
5984690,0.933095238095238,0.7666666666666666,0.0669047619047619,0.8466666666666667,0.0
5988577,1.1053030303030305,0.6666666666666666,-0.1053030303030303,0.8066666666666666,0.0
2993893,0.8100942460317461,0.6666666666666666,0.189905753968254,0.0,1.0
2168988,1.2829545454545457,0.6,-0.28295454545454546,0.0,1.0
2962322,1.027777777777778,3.5239818762849717,-0.02777777777777778,0.0,1.0
5989008,1.0833333333333333,0.4333333333333333,-0.08333333333333333,0.5399999999999999,0.0
5978723,0.7945707070707071,0.5333333333333333,0.20542929292929293,0.5199999999999999,0.0
5998424,1.2876678876678875,0.5333333333333333,-0.2876678876678877,1.7000000000000002,0.0
5987012,1.129039479039479,0.6666666666666666,-0.12903947903947904,0.7066666666666666,0.0
5988446,0.5625,0.8,0.4375,1.5599999999999998,0.0
5996286,1.2810317460317457,0.6333333333333334,-0.281031746031746,1.1719766055925058,0.0
5999082,1.0425925925925927,0.6333333333333333,-0.042592592592592585,0.5733333333333334,0.0
5994365,1.4614814814814814,0.45,-0.4614814814814815,1.19,0.0
5988389,0.9305555555555556,0.5,0.06944444444444446,0.36000000000000004,0.0
5994280,1.3229166666666667,0.5333333333333333,-0.3266400743165842,0.3333333333333333,0.0
2356747,1.1805555555555556,0.6000000000000001,-0.18055555555555555,0.0,1.0
5984454,0.8888888888888888,0.7333333333333334,0.11111111111111112,0.37333333333333335,0.0
5987787,1.1350925925925928,0.6666666666666666,-0.13509259259259254,1.4466666666666663,0.0
2183108,1.127777777777778,0.5666666666666667,-0.1277777777777778,0.0,1.0
5991898,1.4006734006734007,0.4952323799875662,-0.4006734006734008,0.48,0.0
3095638,0.6541717541717542,0.5333333333333333,0.1761499833913316,0.0,1.0
5984143,1.25515873015873,0.5666666666666668,-0.2551587301587301,1.086666666666667,0.0
5993567,1.5569444444444442,0.43333333333333335,-0.5569444444444445,1.5533333333333337,0.0
3081297,0.96986531986532,0.5666666666666668,0.03013468013468014,0.0,1.0
5990605,1.1239197530864198,0.5666666666666668,-0.12391975308641975,1.36,0.0
5988084,0.6390542328042328,0.5,0.3609457671957672,0.18000000000000002,0.0
2145173,1.6080555555555556,0.4000000000000001,-0.6080555555555556,0.0,1.0
1938248,1.2293650793650794,0.5333333333333333,-0.22936507936507936,0.0,1.0
5980933,0.8147652116402115,0.5666666666666667,0.18523478835978835,1.4866666666666666,0.0
5993051,1.4485958485958488,0.6999999999999998,-0.4485958485958486,1.5466666666666666,0.0
5998810,1.0628968253968254,0.6000000000000001,-0.06289682539682538,15.226072481572482,0.0
5987798,0.5972222222222222,0.6,0.40277777777777785,0.4533333333333333,0.0
5993055,1.4665824915824917,0.6333333333333333,-0.4665824915824916,0.26666666666666666,0.0
5989151,0.9771464646464646,0.6666666666666666,0.02285353535353535,1.2933333333333334,0.0
5988870,1.282258597883598,0.4618203988083958,-0.28225859788359786,1.3266666666666669,0.0
5991205,1.2572222222222222,0.7000000000000001,-0.25722222222222224,1.1,0.0
5998764,0.8944444444444444,0.65,0.10555555555555557,0.84,0.0
5997631,1.4554894179894182,0.6738141335659575,-0.4554894179894179,1.4466666666666663,0.0
5981632,1.2331349206349207,0.5333333333333333,-0.2331349206349207,0.6133333333333333,0.0
5991657,1.089474151959262,0.6999999999999998,0.18978937728937728,0.37333333333333335,0.0
5987980,1.0375,0.4666666666666666,-0.03749999999999998,0.96,0.0
5987399,1.227777777777778,0.7333333333333334,-0.22777777777777775,0.3666666666666667,0.0
1958319,1.4403439153439157,0.6666666666666666,-0.4403439153439153,0.0,1.0
3017669,1.2,0.5333333333333333,-0.2,0.0,1.0
3426348,1.5343915343915342,0.5333333333333333,-0.5343915343915344,0.0,1.0
5995563,1.4666666666666668,0.5,-0.4666666666666666,0.28,0.0
5990774,0.800248015873016,0.5666666666666668,0.1997519841269841,1.06,0.0
1980087,1.1096781305114638,0.5,-0.10967813051146386,0.0,1.0
5980055,1.3597883597883598,0.6,-0.35978835978835977,0.7866666666666667,0.0
2709691,1.6175505050505048,0.7333333333333334,-0.617550505050505,0.0,1.0
2536031,0.470909645909646,0.4333333333333333,0.5290903540903541,0.0,1.0
5978864,0.7644444444444445,0.6333333333333333,0.23555555555555555,1.2333333333333332,0.0
5993870,1.5472222222222225,0.7333333333333334,-0.5472222222222222,1.1266666666666667,0.0
5987249,1.2743818681318682,0.4610078009468386,-0.27438186813186816,1.34,0.0
5980593,1.1431827431827433,0.6333333333333333,-0.14318274318274318,1.2533333333333332,0.0
5986925,1.0211342191226045,0.5333333333333333,-0.27652065970087675,0.8880608813918219,0.0
5999359,0.6877777777777778,0.4666666666666666,0.31222222222222223,1.0933333333333333,0.0
3166025,1.063425925925926,0.6,-0.06342592592592593,0.0,1.0
1626485,1.2509920634920637,0.5,-0.2509920634920635,0.0,1.0
2011769,1.2752525252525249,0.5333333333333333,-0.27525252525252525,0.0,1.0
5988349,0.8014652014652014,0.6333333333333333,0.19853479853479847,0.2533333333333333,0.0
5989207,1.4243386243386242,0.6333333333333333,-0.4243386243386243,1.215199416209148,0.0
2410237,1.3526785714285714,0.5333333333333333,-0.35267857142857145,0.0,1.0
5990469,0.9775735294117648,0.5666666666666668,0.022426470588235287,0.68,0.0
5980177,0.7323863636363637,0.5,0.26761363636363633,1.6800000000000002,0.0
5993898,0.8624999999999999,0.6,0.13749999999999998,0.6,0.0
5991799,0.9126262626262626,0.6,0.0873737373737374,0.58,0.0
5987430,0.9649101307189544,0.5333333333333333,0.03508986928104574,0.37333333333333335,0.0
3009646,1.4166666666666667,0.5333333333333333,-0.4166666666666667,0.0,1.0
5996858,1.7927609427609426,0.6666666666666666,-0.7927609427609427,1.7400000000000002,0.0
5980276,1.5932539682539684,0.6333333333333333,-0.5932539682539683,1.0333333333333332,0.0
5990041,1.1109126984126985,0.6666666666666666,-0.1109126984126984,1.32,0.0
5991500,0.7448412698412699,0.6666666666666666,0.2551587301587302,0.6866666666666666,0.0
5981062,0.7694444444444445,0.6333333333333333,0.23055555555555554,0.22666666666666666,0.0
5979490,0.7778083028083028,0.6333333333333333,0.2221916971916972,1.24,0.0
5994796,1.8662698412698413,4.446488248665332,-0.8662698412698413,0.8266666666666668,0.0
5997611,1.218584656084656,0.6666666666666666,-0.21858465608465613,1.14,0.0
5978896,1.1292929292929297,0.5,-0.1292929292929293,0.3133333333333333,0.0
5995898,1.3111417483660128,0.7047284152126796,-0.3111417483660131,1.5199999999999998,0.0
5994430,1.4005291005291003,0.4001463960469279,-0.4005291005291005,0.6466666666666666,0.0
5989501,1.584325396825397,0.7666666666666667,-0.5843253968253969,0.7066666666666667,0.0
5995639,1.601851851851852,0.6333333333333333,-0.6018518518518517,0.2733333333333333,0.0
5989208,1.1154882154882155,0.4666666666666666,-0.11548821548821547,0.8133333333333334,0.0
5991729,1.1320105820105821,0.6666666666666666,-0.13201058201058202,0.46,0.0
1786675,0.8212962962962962,0.4,0.17870370370370373,0.0,1.0
5994839,1.1234477124183009,0.6,-0.12344771241830065,0.7466666666666666,0.0
3101981,0.8009595959595959,0.6333333333333333,0.199040404040404,0.0,1.0
5984483,0.6544566544566545,0.6666666666666666,0.3455433455433455,1.3066666666666666,0.0
5991728,1.311029411764706,0.6666666666666666,-0.3110294117647059,0.3333333333333333,0.0
5989906,1.145535714285714,0.6546903803305923,0.164774417699002,0.26,0.0
5998654,0.8037450396825397,0.7000000000000001,0.19625496031746034,0.6333333333333333,0.0
5982748,1.243771043771044,0.585378481933297,-0.2437710437710437,1.34,0.0
5994716,0.8155474155474155,0.5666666666666667,0.18445258445258447,0.7333333333333334,0.0
5980145,1.922707847707848,0.43333333333333335,-0.9227078477078478,1.14,0.0
2627784,1.621813725490196,0.4790742597626858,-0.6218137254901961,0.0,1.0
5996133,1.289918414918415,0.6000000000000001,-0.2899184149184149,0.6333333333333333,0.0
1560684,1.3634920634920633,0.6,-0.3634920634920635,0.0,1.0
5996496,0.6302248677248677,0.6333333333333334,0.3697751322751322,0.3133333333333333,0.0
2342050,1.0840277777777778,0.5666666666666668,-0.08402777777777777,0.0,1.0
5990411,1.3098901098901101,0.6999999999999998,-0.3098901098901099,1.2533333333333332,0.0
3094324,1.0941468253968254,0.6000000000000001,-0.09414682539682544,0.0,1.0
5996665,1.7660195360195359,0.5333333333333333,-0.766019536019536,0.7200000000000001,0.0
5995523,0.6162698412698413,0.7666666666666667,-0.4192442154366313,1.5599999999999998,0.0
1674840,1.5724747474747476,0.4000000000000001,-0.5724747474747475,0.0,1.0
5983158,1.2533333333333332,0.5666666666666668,-0.0675,0.09333333333333332,0.0
5994576,0.7989621489621489,0.6999999999999998,0.20103785103785105,0.9533333333333333,0.0
2036461,1.0997474747474747,0.7333333333333334,-0.09974747474747477,0.0,1.0
2350731,1.12003367003367,0.6666666666666666,-0.40429081507332737,0.0,1.0
5994594,1.9207671957671961,0.6,-0.9207671957671958,0.14,0.0
5993172,1.309163752913753,0.6,-0.3091637529137529,0.3800000000000001,0.0
5984801,0.7190476190476189,0.5,0.2809523809523809,0.5666666666666667,0.0
5989729,1.2792565359477124,0.5714955783520828,-0.27925653594771244,0.8866666666666667,0.0
2352847,0.9707773707773708,0.5333333333333333,0.029222629222629214,0.0,1.0
5985710,0.9421296296296297,0.5666666666666667,0.057870370370370385,2.06,0.0
5985846,1.2974074074074071,0.5,-0.2974074074074074,0.34,0.0
5993123,1.2390357345323055,0.7000000000000001,-0.26913707785528257,0.6086058606728804,0.0
5986438,1.3074175824175824,0.5666666666666668,-0.30741758241758244,0.7533333333333333,0.0
5979600,1.3898148148148148,0.43333333333333335,-0.3898148148148148,1.38,0.0
1704237,1.4448412698412698,0.5666666666666665,-0.4448412698412698,0.0,1.0
5989256,1.3821733821733824,0.7666666666666666,-0.3821733821733822,1.0533333333333337,0.0
3228886,1.125,0.4666666666666666,-0.125,0.0,1.0
5990653,1.1777777777777778,0.5,-0.17777777777777778,0.5933333333333333,0.0
3142168,0.9660714285714284,0.5333333333333333,0.03392857142857142,0.0,1.0
5995175,1.2395622895622895,0.6333333333333334,-0.2395622895622896,1.3333753599929952,0.0
3449919,0.9444444444444444,0.6,0.05555555555555556,0.0,1.0
5992678,1.302020202020202,0.4745219975328266,-0.30202020202020197,0.3666666666666667,0.0
5984964,1.4585317460317462,0.6,-0.45853174603174607,0.84,0.0
2154467,0.4565972222222222,0.7,0.5434027777777778,0.0,1.0
5997542,1.2822527472527472,0.6666666666666666,-0.28225274725274724,0.98,0.0
5993432,1.8246031746031743,0.5666666666666667,-0.8246031746031747,1.26,0.0
1715903,1.6298366013071897,0.6000000000000001,-0.6298366013071895,0.0,1.0
5994218,1.1296092796092798,0.5333333333333333,-0.12960927960927962,0.9,0.0
5993324,0.9421717171717172,0.6666666666666666,0.057828282828282826,0.02666666666666667,0.0
5981606,1.129189814814815,0.7333333333333334,-0.1291898148148148,0.22,0.0
5988679,1.107638888888889,0.6666666666666666,-0.1076388888888889,0.5733333333333334,0.0
5988803,1.8044253812636164,0.6666666666666666,-0.8044253812636165,0.8722691447198448,0.0
5996333,0.8976190476190476,0.6,0.1023809523809524,1.2466666666666666,0.0
5979510,1.092087542087542,0.5333333333333333,-0.09208754208754208,1.0533333333333337,0.0
5996882,0.8671957671957672,0.5333333333333333,0.1328042328042328,1.1866666666666663,0.0
5994642,1.614331501831502,0.5666666666666668,-0.6143315018315019,0.9266666666666667,0.0
5991049,1.1155555555555556,0.5,-0.11555555555555555,0.7999999999999999,0.0
5998641,0.9581349206349206,0.7333333333333334,0.04186507936507936,1.36,0.0
5988041,1.4301587301587302,0.5333333333333333,-0.4301587301587301,0.4266666666666667,0.0
5992324,1.596454567116688,0.4000000000000001,-0.350872852373555,0.9736745144229398,0.0
5983786,1.4605387205387206,0.6,-0.4605387205387205,0.5133333333333333,0.0
5981644,1.7809343434343434,0.4666666666666666,-0.7809343434343434,0.7066666666666667,0.0
2247780,1.1319444444444444,0.5333333333333333,-0.13194444444444445,0.15364708130905771,1.0
5989282,1.3142156862745098,0.5,-0.3142156862745098,1.7,0.0
5992011,1.2804738562091504,0.6,-0.28047385620915033,0.7066666666666667,0.0
5995916,1.2909382284382285,0.5,-0.31989430436476624,1.4,0.0
5997233,1.5631944444444443,0.6666666666666666,-0.5631944444444444,0.7133333333333334,0.0
5999091,1.4444444444444444,0.4666666666666666,-0.4444444444444444,0.7133333333333334,0.0
5997015,1.1135521885521886,0.4666666666666666,-0.11355218855218857,0.3,0.0
1967022,1.3207440658101934,0.5666666666666665,-0.4214962203899148,0.0,1.0
5981390,0.947912457912458,0.7666666666666666,0.052087542087542085,0.66,0.0
5987071,1.1087136243386244,0.6333333333333333,-0.10871362433862436,0.7866666666666666,0.0
2239543,1.3984126984126986,0.6666666666666666,-0.44917323111693,0.0,1.0
5984395,1.3072099673202615,0.6333333333333334,-0.30720996732026146,1.3266666666666669,0.0
3057692,0.9834325396825396,0.6666666666666666,0.016567460317460314,0.0,1.0
2960356,1.2949481074481075,0.6,-0.29494810744810745,0.0,1.0
5983683,1.0728930293825931,0.5333333333333333,-0.43997668997669004,0.3800000000000001,0.0
2333627,1.3112724673202616,0.4666666666666666,-0.16234123219003352,0.0,1.0
2405565,1.25,0.4666666666666666,-0.25,1.7245482684773756,1.0
5992788,1.3097069597069595,0.6666666666666666,-0.3097069597069597,1.346666666666667,0.0
5988918,1.90521978021978,0.65,-0.9052197802197802,1.58,0.0
5982969,1.6901785714285715,0.7,-0.6901785714285714,0.41,0.0
5994169,0.6277777777777778,0.6000000000000001,0.37222222222222223,0.5266666666666667,0.0
5996220,1.2250330687830688,0.6,-0.22503306878306875,0.32,0.0
5993406,1.3661726509142211,0.6666666666666666,-0.1721073801048294,0.3432878324971271,0.0
5978124,1.2596240179573512,0.5333333333333333,-0.2596240179573513,0.16,0.0
5996546,0.9627104377104376,0.6666666666666666,0.03728956228956231,1.28,0.0
2119133,1.0541666666666667,0.5333333333333333,-0.05416666666666666,0.0,1.0
5987265,1.302020202020202,0.6333333333333333,-0.30202020202020197,0.7999999999999999,0.0
5982042,0.65504884004884,0.7666666666666666,0.34495115995115994,0.5333333333333333,0.0
5995182,3.6597170740347447,0.4666666666666666,-1.6935114587219513,1.3776957061064437,0.0
5981989,1.2505050505050506,0.6333333333333334,-0.2505050505050505,1.4733333333333334,0.0
2002921,0.9430708180708182,0.6,0.05692918192918193,0.0,1.0
5990759,0.6611111111111111,0.7000000000000001,0.33888888888888885,0.5333333333333333,0.0
5983554,1.3925925925925926,0.6333333333333334,-0.3925925925925926,0.44,0.0
5991145,1.4643253968253969,0.6333333333333334,-0.4643253968253968,0.5,0.0
5980968,0.7923824232635853,0.6333333333333333,0.01722632606860361,1.0001426988780775,0.0
5984550,1.2643956043956044,0.7333333333333334,-0.2643956043956044,0.3800000000000001,0.0
2404828,7.633073661139697,0.5333333333333333,-0.3194444444444445,0.0,1.0
5979921,0.96983164983165,0.43333333333333335,0.030168350168350174,0.8533333333333334,0.0
5992236,1.5182539682539682,0.6333333333333333,-0.5182539682539683,1.1666666666666667,0.0
2268279,1.2690586419753085,0.5333333333333333,-0.26905864197530865,0.0,1.0
5988934,1.3015928515928517,0.5333333333333333,-0.30159285159285165,0.9466666666666668,0.0
2313157,1.2444444444444442,0.5666666666666668,-0.2444444444444445,0.0,1.0
2409495,1.3062576312576313,0.43333333333333335,-0.3062576312576312,0.0,1.0
1522152,0.6185515873015873,0.5333333333333333,0.3814484126984127,0.0,1.0
5995247,1.2880952380952382,0.6,-0.2880952380952381,0.64,0.0
5980927,0.6220238095238095,0.6666666666666666,0.3779761904761905,1.5733333333333337,0.0
1778314,1.2121031746031743,0.6000000000000001,-0.21210317460317465,0.0,1.0
5987155,1.3041181041181042,0.6333333333333334,-0.3041181041181041,0.86,0.0
5986600,0.9621184371184373,0.4666542504140681,0.03788156288156288,1.88,0.0
5978047,1.2789562289562288,0.4000000000000001,-0.2789562289562289,1.1333333333333333,0.0
2821586,0.9806013431013432,1.584855335535181,0.019398656898656903,0.0,1.0
1959634,0.8118686868686869,0.4666666666666666,0.1881313131313132,0.0,1.0
5984485,0.9788215488215488,0.6666666666666666,0.021178451178451147,0.86,0.0
5998265,1.138338513338513,0.6333333333333333,-0.13833851333851335,1.2333333333333334,0.0
5978730,1.477777777777778,0.6666666666666666,-0.4777777777777778,0.44,0.0
5986328,1.5903540903540905,0.7000000000000001,-0.5903540903540904,1.4533333333333334,0.0
3204205,1.3720238095238095,0.6333333333333333,-0.3720238095238095,0.0,1.0
1744518,1.6071296296296296,0.7333333333333334,-0.6071296296296296,0.0,1.0
5981835,1.500925925925926,0.6333333333333333,-0.5009259259259259,0.26666666666666666,0.0
5990549,0.6544032356532357,0.5441462307241918,0.34559676434676434,0.6066666666666666,0.0
2461945,0.9184920634920634,0.5,0.08150793650793649,0.0,1.0
5997665,1.552323232323232,0.5666666666666668,-0.5523232323232322,1.0533333333333337,0.0
5979444,1.1972222222222222,0.6,-0.19722222222222227,0.10666666666666667,0.0
5985674,1.2856227106227107,0.6,-0.28562271062271066,1.3999999999999997,0.0
5993833,1.2666666666666666,0.6999999999999998,-0.26666666666666666,1.2533333333333334,0.0
5980944,1.175,0.6333333333333333,-0.17500000000000002,1.2,0.0
5984558,1.5341269841269842,0.5666666666666667,-0.5341269841269841,1.9466666666666668,0.0
5992120,1.5104761904761907,0.6666666666666666,-0.5104761904761904,1.28,0.0
1894703,1.0946428571428573,0.7583725901456683,-0.09464285714285714,0.0,1.0
5983264,0.9697191697191696,0.6,0.03028083028083027,1.5266666666666666,0.0
5979361,1.2946924603174603,0.5333333333333333,-0.2946924603174603,0.4200000000000001,0.0
5991882,0.8777777777777778,0.6,0.12222222222222222,1.5933333333333335,0.0
3029864,0.9130291005291004,0.6,0.08697089947089946,0.0,1.0
5983207,1.1368437118437118,0.7333333333333334,-0.13684371184371186,1.2133333333333334,0.0
5989396,0.6384920634920634,0.5666666666666668,0.3615079365079365,0.5866666666666667,0.0
5979320,1.3,0.5666666666666668,-0.3,0.6,0.0
5998589,1.4138888888888892,0.5666666666666667,-0.4138888888888889,1.2099366003235252,0.0
5985814,1.2426190476190475,0.5,-0.2426190476190476,0.82,0.0
5998752,0.8045800264550264,0.5666666666666667,0.19541997354497356,0.9,0.0
1989918,1.6646825396825395,0.5,-0.6646825396825397,0.0,1.0
1652376,1.0444444444444445,0.3667154394719645,-0.04444444444444445,0.0,1.0
5991631,1.5117460317460318,0.43333333333333335,-0.5844344517468004,0.7999999999999999,0.0
3353258,0.9444444444444444,0.6000000000000001,0.055555555555555546,0.0,1.0
5998044,0.98106684981685,0.6333333333333333,0.01893315018315017,0.96,0.0
5979094,1.9356753812636167,0.8000000000000002,-0.6370902149101293,0.94,0.0
2360141,1.1694444444444445,0.7333333333333333,-0.16944444444444445,0.0,1.0
5981412,1.2772727272727271,0.5666666666666667,-0.2772727272727273,0.9466666666666668,0.0
2444610,1.3087301587301587,0.6666666666666666,-0.30873015873015874,0.0,1.0
1866778,1.3861111111111108,0.7333333333333334,-0.3861111111111111,0.0,1.0
5993170,0.9597718253968256,0.7666666666666666,0.040228174603174585,0.14666666666666667,0.0
5991162,1.4541208791208793,0.4666666666666666,-0.4541208791208791,0.48,0.0
5980458,1.7907203907203908,0.6141374402235108,-0.7907203907203907,1.02,0.0
5980112,1.301087801087801,0.5666666666666667,-0.3010878010878011,1.1466666666666667,0.0
5995318,1.4745039682539682,0.7999999999999999,-0.4745039682539682,0.52,0.0
5990389,1.1372405372405372,0.6666666666666666,-0.13724053724053722,0.9333333333333336,0.0
3429319,0.7291666666666666,0.6333333333333333,0.2708333333333333,0.0,1.0
2888403,1.618253968253968,0.6666666666666666,-0.6182539682539683,0.0,1.0
5979878,0.8611111111111109,0.5,0.13888888888888884,0.62,0.0
5994465,1.1193948412698411,0.7333333333333334,-0.11939484126984128,0.52,0.0
3136833,1.0759676284018824,0.6333333333333333,0.5472222222222222,0.0,1.0
1911664,1.2818121693121691,0.6,-0.2818121693121693,0.0,1.0
1772863,0.6581781045751635,0.5666666666666667,0.3418218954248366,0.0,1.0
5986471,1.0719047619047621,0.4666666666666666,-0.0719047619047619,1.3666666666666665,0.0
2184975,1.4465079365079363,0.6333333333333334,-0.4465079365079365,0.0,1.0
2463497,1.6023148148148147,0.6666666666666666,-0.6023148148148149,0.0,1.0
5999466,0.6063492063492063,0.5666666666666665,0.3936507936507936,1.2333333333333334,0.0
5990265,0.7785714285714285,0.5,0.22142857142857145,1.153333333333333,0.0
5985017,0.6248425988064907,0.4666666666666666,0.184512566581416,0.5027829394373456,0.0
5979804,0.8125,0.5666666666666667,0.1875,1.4933333333333334,0.0
5980833,0.9673611111111112,0.5666666666666665,0.03263888888888889,1.0599999999999998,0.0
5993025,0.6502665544332211,0.6,0.12278505879004023,0.5466666666666667,0.0
5997798,0.9627104377104376,0.5666666666666667,0.03728956228956231,0.32,0.0
5999146,1.4502480158730158,0.5666666666666668,-0.4502480158730158,0.7799999999999999,0.0
3258097,1.0839808339808341,0.7000000000000001,-0.083980833980834,0.0,1.0
5993819,0.9166666666666666,0.5666666666666668,0.08333333333333333,0.6266666666666666,0.0
5978915,1.2794730392156863,0.6333333333333333,-0.2794730392156863,0.7733333333333333,0.0
5984023,1.6047222222222224,0.6333333333333333,-0.6047222222222223,0.5533333333333333,0.0
5998399,1.0717171717171716,0.5,-0.0717171717171717,0.9533333333333336,0.0
5980442,0.934722222222222,0.7666666666666666,0.06527777777777778,1.153333333333333,0.0
5994082,0.9373366013071897,0.5333333333333333,0.06266339869281046,0.5933333333333334,0.0
2628688,0.5451899389698397,0.6,0.5729448657110102,0.0,1.0
5990297,0.966574074074074,0.4666666666666666,0.03342592592592593,0.9533333333333336,0.0
5983438,1.6527777777777777,0.7000000000000001,-0.6527777777777778,1.4400000000000002,0.0
2273714,1.1275183150183148,0.7666666666666666,-0.12751831501831504,0.0,1.0
5979525,0.9444444444444444,0.6999999999999998,0.05555555555555556,0.7400000000000001,0.0
5990610,0.7230158730158731,0.5666666666666667,0.276984126984127,0.7733333333333334,0.0
3298947,1.2472222222222222,0.6,-0.24722222222222226,0.0,1.0
5998724,1.4333333333333331,0.41035000650412456,-0.43333333333333335,1.5,0.0
5982753,0.9386904761904762,0.6,0.06130952380952383,0.7999999999999999,0.0
5985605,2.0483171729488934,0.7333333333333334,0.20992063492063487,0.9466666666666668,0.0
5979429,1.5931216931216932,0.5666666666666667,-0.5931216931216929,0.09333333333333334,0.0
5986646,1.9617724867724868,0.5666666666666667,-0.9617724867724868,1.84,0.0
5984552,1.149404761904762,0.5666666666666665,-0.1494047619047619,1.5,0.0
5999010,1.305067155067155,0.7333333333333334,-0.30506715506715504,1.32,0.0
1751013,1.4207459207459208,0.6666666666666666,-0.4207459207459208,0.0,1.0
5994001,1.4138888888888892,0.8000000000000002,-0.4138888888888889,0.12,0.0
5999399,1.496031746031746,0.6333333333333333,-0.4960317460317461,0.26,0.0
2584724,0.7444444444444445,0.5666666666666668,0.2555555555555556,0.0,1.0
3049503,1.4422466422466422,0.6333333333333333,-0.44224664224664223,0.0,1.0
5998260,1.7174603174603176,0.5333333333333333,-0.7174603174603175,0.39333333333333337,0.0
2044409,1.1467261904761905,0.5666666666666665,-0.14672619047619048,0.0,1.0
5990161,0.979452614379085,0.6,-0.18278658314774698,0.6,0.0
5986856,0.32222222222222224,0.6,0.6777777777777777,1.2466666666666668,0.0
5990203,1.121412037037037,0.5333333333333333,-0.12141203703703705,0.44,0.0
5998723,1.1427960927960927,0.7000000000000001,-0.14279609279609282,0.94,0.0
2481348,1.1081349206349207,0.6333333333333333,-0.10813492063492064,0.0,1.0
1506159,1.3863095238095238,0.5333333333333333,-0.3863095238095238,0.0,1.0
5993443,1.6147671568627453,0.7333333333333334,-0.6147671568627451,0.4933333333333334,0.0
2790089,0.9766705516705516,0.4611929653388608,0.02332944832944835,0.0,1.0
5982636,1.1147486772486772,0.6,-0.11474867724867728,0.48,0.0
5982674,0.8010085978835978,0.5333333333333333,0.1989914021164021,0.5266666666666666,0.0
2367853,0.7833333333333333,0.7333333333333333,0.21666666666666665,0.0,1.0
2366020,0.981953601953602,0.7666666666666666,0.018046398046398,0.0,1.0
5978945,1.2255291005291005,0.4666666666666666,-0.2255291005291005,0.9,0.0
3137920,1.273095238095238,0.5666666666666668,-0.2730952380952381,0.0,1.0
5996957,1.647222222222222,0.6999999999999998,-0.6472222222222221,0.4,0.0
5987330,0.486026936026936,0.6,0.5139730639730639,0.5599999999999999,0.0
5989736,0.998148148148148,0.5666666666666667,0.001851851851851845,0.56,0.0
5983949,1.2729938271604937,0.5,-0.27299382716049386,1.0133333333333334,0.0
5985993,1.190277777777778,0.7333333333333334,-0.19027777777777774,0.7776033848103102,0.0
5990818,1.4317460317460318,0.6666666666666666,-0.4317460317460317,1.78,0.0
2218541,0.654562908496732,0.6333333333333333,0.3454370915032679,0.0,1.0
5996578,0.75,0.5,0.25,1.7400000000000002,0.0
5999286,1.7713955026455028,0.7666666666666666,-0.7713955026455026,0.32666666666666666,0.0
5982758,0.875,0.7333333333333333,0.125,0.6933333333333334,0.0
5993272,1.0666666666666669,0.5333333333333333,-0.06666666666666668,1.1333333333333333,0.0
5979650,1.0035714285714288,0.6333333333333333,-0.0035714285714285774,0.4933333333333334,0.0
5985614,0.9285936285936286,0.5666666666666668,0.07140637140637136,1.1933333333333334,0.0
1531028,1.35,0.6666666666666666,-0.35000000000000003,0.0,1.0
5989360,1.5611111111111111,0.5666666666666667,-0.5611111111111111,0.3933333333333333,0.0
5997164,0.9055555555555556,0.4000000000000001,0.09444444444444444,0.64,0.0
1540401,0.5838888888888888,0.7333333333333334,0.4161111111111111,2.040136177422978,1.0
1942320,1.4610297110297108,0.5333333333333333,-0.461029711029711,0.0,1.0
5978492,1.3860229276895943,0.9065317463800832,-0.3860229276895944,0.86,0.0
5981057,1.213095238095238,0.6666666666666666,-0.2130952380952381,0.19333333333333336,0.0
1571615,0.6527777777777778,0.5666666666666665,0.3472222222222223,0.0,1.0
5987336,1.258922558922559,0.6000000000000001,-0.2589225589225589,0.36000000000000004,0.0
1691602,1.1660714285714286,0.6,-0.16607142857142854,0.0,1.0
5983636,1.3623015873015871,0.6,-0.36230158730158735,0.6866666666666666,0.0
3069286,1.4038888888888887,0.7000000000000001,-0.4038888888888889,0.0,1.0
3440728,1.2836441336441335,0.6,-0.2836441336441337,0.0,1.0
5998587,1.127868427868428,0.4695432436356796,-0.12786842786842784,0.2933333333333333,0.0
5999166,0.7924603174603174,0.6,0.20753968253968252,0.6866666666666666,0.0
2322784,0.9657407407407408,0.6333333333333333,0.03425925925925926,0.0,1.0
5985221,0.925,0.65,0.07500000000000001,1.42,0.0
5994474,0.6434343434343434,0.5333333333333333,0.3565656565656566,1.9333333333333331,0.0
1853504,1.754563492063492,0.5666666666666668,-0.7545634920634919,0.0,1.0
2820781,0.7647222222222222,0.6333333333333333,0.23527777777777786,0.0,1.0
1777525,1.2914021164021163,0.6,-0.2914021164021164,0.0,1.0
5990738,1.105808080808081,0.7000000000000001,-0.1058080808080808,0.36000000000000004,0.0
5992812,1.057043650793651,0.6333333333333334,-0.05704365079365078,0.7600000000000001,0.0
5992740,0.5611111111111112,0.6,0.4388888888888889,1.3866666666666667,0.0
5994137,0.9724969474969476,0.7000000000000001,0.02750305250305248,0.5085456687436879,0.0
5989491,1.125,0.6,-0.125,0.8000000000000002,0.0
5998034,0.7742363689883164,0.5333333333333333,-0.225,0.6,0.0
2518207,0.4683366402116402,0.6999999999999998,0.5316633597883598,0.0,1.0
5992172,1.0313492063492065,0.5311158778800112,-0.03134920634920635,0.3333333333333333,0.0
5985708,0.9737789987789988,0.6666666666666666,0.0262210012210012,0.54,0.0
5984843,0.9314814814814816,0.39730440217126856,0.06851851851851852,0.9533333333333333,0.0
5979135,0.9636104636104637,0.5333333333333333,0.03638953638953638,0.8533333333333334,0.0
2267620,0.9241071428571428,0.6666666666666666,0.07589285714285714,0.0,1.0
3173707,0.9696428571428573,1.2903589985405666,0.030357142857142864,0.0,1.0
5981700,1.0796296296296295,0.6666666666666666,-0.07962962962962965,0.5733333333333334,0.0
2371708,1.2419642857142856,0.4666666666666666,-0.2419642857142857,0.0,1.0
2664232,1.5831699346405232,0.5,-0.5831699346405229,0.0,1.0
5978733,0.8001262626262626,0.5,0.13832143332371585,0.19662013855128832,0.0
2613593,1.2852272727272729,0.6000000000000001,-0.2852272727272727,0.0,1.0
1547959,0.967002442002442,0.6,0.032997557997557964,0.0,1.0
5982175,1.0966049382716048,0.5666666666666668,-0.09660493827160496,0.6733333333333333,0.0
5978040,0.977777777777778,0.8155159534311925,0.022222222222222227,0.4733333333333333,0.0
5992217,1.2993813131313132,0.6,-0.2993813131313132,0.68,0.0
5992206,1.0723718054453226,0.5,0.18966047912426695,1.7896972403479754,0.0
5980989,0.5277777777777778,0.5,0.4722222222222223,1.2066666666666668,0.0
2984953,1.1447666257504108,0.40432770630699705,-0.01345314193195668,0.0,1.0
5981764,1.0591931216931216,0.6333333333333334,-0.05919312169312167,0.6066666666666667,0.0
5988222,0.7371075535814351,0.43333333333333335,0.1213914097849692,1.2847285694456378,0.0
5991190,1.3644841269841268,0.5333333333333333,-0.36448412698412697,1.4866666666666666,0.0
5984151,0.6375,0.65,0.3625,0.8099999999999999,0.0
5978922,1.7813186813186814,0.7333333333333334,-0.7813186813186813,0.92,0.0
5984982,1.3074242424242424,0.4666666666666666,-0.30742424242424243,1.0266666666666666,0.0
5988628,1.1319940476190478,0.6666666666666666,-0.13199404761904762,1.0,0.0
5993886,0.7820238095238095,0.4666666666666666,0.21797619047619046,1.16,0.0
5986705,1.265781440781441,0.6333333333333334,-0.2657814407814408,1.0066666666666666,0.0
2218002,1.2612017612017612,0.6333333333333333,-0.2612017612017612,0.0,1.0
2943729,0.9567460317460318,0.5333333333333333,-0.0095976494265968,0.0,1.0
2939780,1.2603174603174605,0.5333333333333333,-0.26031746031746034,0.0,1.0
5989473,1.3018009768009768,0.6333333333333333,-0.30180097680097684,1.15060526843942,0.0
1526225,1.443968253968254,0.5333333333333333,-0.443968253968254,0.0,1.0
2707872,0.6170055750786821,0.5333333333333333,0.12312780085056375,0.0,1.0
5985788,1.7684343434343437,0.5666666666666668,-0.7684343434343434,0.5533333333333333,0.0
2568836,1.4544668294668297,0.5,-0.4544668294668295,0.0,1.0
5998572,1.0576719576719578,0.6,-0.05767195767195767,1.3066666666666666,0.0
5993936,0.910978835978836,0.6333333333333333,0.08902116402116399,0.98,0.0
2080774,1.025,0.5333333333333333,-0.024999999999999984,0.0,1.0
5986120,0.6328703703703704,0.7333333333333334,0.3671296296296296,0.4866666666666666,0.0
5982811,2.7121920197865053,0.6666666666666666,-0.7592231125162517,1.16,0.0
5998824,1.0773148148148148,0.6333333333333333,-0.07731481481481481,1.0266666666666666,0.0
5987646,1.3932539682539682,0.6,-0.39325396825396813,2.04,0.0
5984185,0.4725274725274725,0.7,0.5274725274725275,0.34,0.0
5991724,1.308712121212121,0.5666666666666667,-0.3087121212121212,1.2866666666666666,0.0
5982109,1.1258699633699634,0.43333333333333335,-0.1258699633699634,11.452417043740573,0.0
5989452,1.2782407407407408,0.5333333333333333,-0.27824074074074073,0.2933333333333334,0.0
5989858,0.7859102253028715,0.6,-0.00785289856005548,1.1672537194932469,0.0
5985393,1.1082493894993894,0.5333333333333333,-0.1082493894993895,0.8866666666666667,0.0
5990073,1.3404761904761904,0.5333333333333333,-0.34047619047619043,0.9,0.0
5985332,1.1666666666666667,0.5666666666666668,-0.16666666666666666,1.2133333333333334,0.0
2253423,0.9238888888888888,0.6666666666666666,0.07611111111111113,0.0,1.0
5987710,1.6035052910052912,0.5333333333333333,-0.603505291005291,1.04,0.0
5985826,1.225,0.5666666666666667,-0.225,0.3466666666666667,0.0
5984949,1.7787240537240538,0.6333333333333333,-0.7787240537240537,1.28,0.0
5990530,0.9368386243386244,0.4666666666666666,0.06316137566137565,0.9066666666666666,0.0
5986434,0.9587301587301588,0.6,0.04126984126984131,0.8466666666666667,0.0
3336231,0.9055555555555556,0.43333333333333335,0.09444444444444444,0.0,1.0
5981611,1.1357295482295482,0.5333333333333333,-0.13572954822954822,1.2666666666666666,0.0
5991866,1.4186868686868686,0.6333333333333334,-0.4186868686868687,0.6466666666666666,0.0
3174823,0.9786220043572984,0.5,0.021377995642701524,0.0,1.0
2234693,1.1151903651903652,0.6,-0.11519036519036517,0.0,1.0
3239416,0.6468013468013468,0.5666666666666665,0.35319865319865323,0.0,1.0
5994222,1.1486111111111112,0.6333333333333334,-0.1486111111111111,0.5133333333333333,0.0
1610028,0.9680708180708182,0.6,0.031929181929181934,0.0,1.0
5995342,0.4442460317460317,0.6666666666666666,0.5557539682539682,1.4,0.0
5982787,1.2731074481074482,0.7333333333333334,-0.2731074481074481,0.7599999999999999,0.0
5991648,1.2263636363636363,0.55,-0.22636363636363635,0.8400000000000001,0.0
3066006,1.9689499389499392,0.5666666666666668,-0.968949938949939,0.0,1.0
5990758,1.439141414141414,0.6666666666666666,-0.4391414141414141,1.24,0.0
1598614,0.4569444444444444,0.5666666666666667,0.5430555555555555,0.0,1.0
5985164,1.9654761904761904,0.6666666666666666,-0.9654761904761904,1.0733333333333333,0.0
5982865,1.5602272727272728,0.5333333333333333,-0.5602272727272727,1.38,0.0
5980915,1.4069023569023569,0.6333333333333333,-0.4069023569023569,1.02,0.0
5987728,1.2388888888888892,0.5,-0.23888888888888885,0.5,0.0
2833509,1.0361111111111112,0.5666666666666668,-0.03611111111111113,0.0,1.0
5981375,1.309271978021978,0.7000000000000001,-0.16512542536834388,0.6081562824391941,0.0
5981754,0.9208333333333332,0.5,0.07916666666666668,0.8533333333333334,0.0
5988491,1.1833333333333331,0.4666666666666666,-0.18333333333333332,1.3066666666666666,0.0
5986651,0.975912975912976,0.6666666666666666,0.02408702408702409,0.5666666666666667,0.0
5983483,1.4767113095238098,0.5,-0.4767113095238095,2.02,0.0
5991790,1.1207870370370372,0.5,-0.12078703703703705,0.8933333333333332,0.0
2805269,1.3690476190476193,0.6333333333333333,-0.3690476190476191,0.0,1.0
5994957,0.7796296296296296,0.5176127490604897,0.2203703703703704,0.7666666666666666,0.0
2148692,1.1382407407407409,0.6666666666666666,-0.13824074074074075,0.0,1.0
5988465,1.61737567987568,0.6999999999999998,-0.6173756798756799,1.5133333333333334,0.0
5992378,1.0671296296296295,0.6666666666666666,-0.06712962962962964,1.1466666666666667,0.0
5981351,1.3638888888888892,0.7000000000000001,-0.3638888888888889,0.26666666666666666,0.0
5978457,1.2013888888888888,0.5333333333333333,-0.20138888888888887,2.353333333333333,0.0
5993176,1.1694444444444445,0.6333333333333334,-0.16944444444444445,0.3800000000000001,0.0
5995277,0.8125,0.5666666666666667,0.1875,0.7999999999999999,0.0
5990282,1.114814814814815,0.5666666666666668,-0.11481481481481474,0.9066666666666668,0.0
5978761,0.4813827614379085,0.5333333333333333,0.5186172385620914,0.4066666666666667,0.0
5990407,0.8162087912087911,0.4666666666666666,0.1837912087912088,0.92,0.0
1805142,0.9633089133089132,0.6333333333333333,0.036691086691086686,0.0,1.0
5981493,1.0388888888888892,0.5,-0.038888888888888896,0.5266666666666667,0.0
1889785,0.793452380952381,0.6333333333333334,0.20654761904761906,0.0,1.0
5988249,1.0,0.6333333333333333,0.0,0.9466666666666668,0.0
5991794,0.9373015873015872,0.6666666666666666,0.0626984126984127,1.46,0.0
5988088,1.4693218954248366,0.6333333333333333,-0.4693218954248366,0.6866666666666666,0.0
5978738,0.6527777777777778,0.4666666666666666,0.3472222222222223,1.7066666666666663,0.0
2129871,1.11609477124183,0.6666666666666666,-0.1160947712418301,0.0,1.0
5989198,1.269673382173382,0.6,-0.26967338217338216,1.36,0.0
5983710,1.4241647241647242,0.5666666666666668,-0.42416472416472417,1.6733333333333336,0.0
5993863,1.1359885620915031,0.4666666666666666,-0.13598856209150326,0.7866666666666666,0.0
5984838,1.389455562617827,0.5333333333333333,0.11317513354559385,2.346945037871432,0.0
2301892,0.6393259518259519,0.6666666666666666,0.3606740481740482,0.0,1.0
5991540,1.4379960317460316,0.5333333333333333,-0.4379960317460318,0.2733333333333334,0.0
5998412,0.9682239057239056,0.6,0.03177609427609427,1.2133333333333332,0.0
5979901,1.1183954933954934,0.6999999999999998,-0.1183954933954934,0.3333333333333333,0.0
5990803,1.4510416666666668,0.6499999999999999,-0.4510416666666667,0.32,0.0
5995344,0.791253306878307,0.5666666666666668,0.20874669312169314,0.2866666666666667,0.0
5993393,1.1060929810929812,0.6333333333333333,-0.1060929810929811,0.52,0.0
5978637,1.1127976190476192,0.6333333333333334,-0.11279761904761905,0.32666666666666666,0.0
5994988,0.8182595182595183,0.5,0.1817404817404817,0.5266666666666667,0.0
5990235,1.5138888888888888,0.55,-0.5138888888888888,0.5800000000000001,0.0
5980963,0.6013888888888889,0.5666666666666668,0.3986111111111111,0.4,0.0
3321487,1.1126984126984127,0.5666666666666668,-0.11269841269841267,0.0,1.0
5989414,1.1274621212121212,0.5666666666666668,-0.12746212121212122,0.4266666666666668,0.0
5991221,1.6299404761904759,0.6,-0.6299404761904762,0.8533333333333332,0.0
1601285,1.7665873015873017,0.7000000000000001,-0.7665873015873017,0.0,1.0
3374686,1.4496632996632997,0.7333333333333334,-0.4496632996632997,0.0,1.0
5994101,1.1262247474747475,0.5333333333333333,-0.12622474747474746,1.0133333333333334,0.0
5996636,1.8885185185185185,0.5666666666666665,-0.8885185185185186,0.38666666666666666,0.0
5980444,1.3412698412698412,0.6333333333333333,-0.3412698412698412,0.9,0.0
2760369,1.6332843137254904,0.5333333333333333,-0.6332843137254902,0.0,1.0
2178834,0.4305555555555556,0.6,0.5694444444444445,0.0,1.0
2516554,1.9022486772486773,0.7666666666666667,-0.9022486772486772,0.0,1.0
5993106,1.1380647130647128,0.5,-0.13806471306471305,0.7933333333333333,0.0
5991640,1.0735690235690234,0.5,-0.07356902356902358,0.9533333333333333,0.0
5998863,0.4277777777777778,0.5,0.5722222222222223,0.7466666666666666,0.0
3211686,0.4899954212454212,0.6999999999999998,0.5100045787545787,0.0,1.0
5996561,1.4674437830687832,0.6,-0.467443783068783,1.5,0.0
5992014,1.6478174603174605,0.6333333333333334,-0.6478174603174603,1.5066666666666666,0.0
5981270,1.3069826007326009,0.6,-0.3069826007326007,1.26,0.0
5996186,1.3944444444444446,0.6666666666666666,-0.3944444444444444,0.58,0.0
2235062,1.2976641414141414,0.4666666666666666,-0.29766414141414144,0.0,1.0
5995129,1.6069444444444445,0.6666666666666666,-0.6069444444444444,0.24,0.0
1750417,1.5059523809523807,2.9650534188034183,-0.5059523809523809,0.0,1.0
5994307,1.092857142857143,0.5,-0.09285714285714286,0.5,0.0
5996671,1.4075,0.65,-0.4075,0.14,0.0
5996792,0.6461111111111111,0.6,0.3538888888888889,0.5466666666666667,0.0
5984239,1.2990231990231988,0.6333333333333333,-0.29902319902319896,0.37333333333333335,0.0
5987024,1.4312003968253968,0.5,-0.4312003968253968,0.86,0.0
5993727,4.3234048634285,0.6999999999999998,-0.11666666666666665,0.4133333333333333,0.0
5988240,1.3930555555555555,0.6333333333333333,-0.3930555555555556,1.4400000000000002,0.0
5988127,1.3031986531986532,0.6333333333333333,-0.3031986531986532,0.8333333333333334,0.0
2703222,1.411470473970474,0.5,-1.0515519097706003,0.0,1.0
5980004,0.6350223850223851,0.7000000000000001,0.3649776149776149,1.5149842106695095,0.0
5998726,1.2543650793650796,0.6,-0.2543650793650793,1.2266666666666668,0.0
2336043,1.4542087542087545,0.7000000000000001,-0.4542087542087542,0.0,1.0
5980119,0.6387962962962963,0.4666666666666666,0.3612037037037037,1.4266666666666663,0.0
5986550,1.1611111111111112,0.5333333333333333,-0.16111111111111112,2.34,0.0
5986500,0.4859848484848485,0.6,0.5140151515151515,0.34,0.0
2887530,0.8160866910866909,0.5666666666666667,0.1839133089133089,0.0,1.0
3005751,1.3111418097336196,0.6666666666666666,-0.5096439556534669,0.0,1.0
5981570,0.9389550264550264,0.6666666666666666,0.06104497354497355,0.5666666666666667,0.0
5989494,0.8527777777777779,0.5666666666666668,0.14722222222222225,0.8733333333333334,0.0
5995032,1.5925925925925926,0.5666666666666667,-0.5925925925925926,0.22666666666666666,0.0
5995130,1.0965608465608467,0.6,-0.09656084656084657,1.3666666666666665,0.0
5993786,0.7847222222222222,0.5666666666666667,0.2152777777777778,0.4133333333333333,0.0
2460054,1.7820105820105825,0.6666666666666666,-0.782010582010582,0.0,1.0
5991024,0.4868742368742369,1.3356878644648844,0.5131257631257632,1.3266666666666669,0.0
5992516,1.0520833333333333,0.5,-0.05208333333333332,0.56,0.0
5993765,1.2545833333333334,0.6000000000000001,-0.2545833333333333,1.46,0.0
1822391,0.4791169402854714,0.5333333333333333,0.24304845178681336,0.0,1.0
5991580,0.9347222222222222,0.6,0.06527777777777781,0.7799999999999999,0.0
5998562,0.8791666666666668,0.6333333333333333,0.12083333333333332,0.6733333333333333,0.0
5986306,1.1605555555555556,0.6333333333333333,-0.16055555555555553,0.2733333333333334,0.0
5985663,1.2162698412698412,0.5666666666666668,-0.21626984126984125,0.7933333333333331,0.0
2393557,0.9186091686091684,0.6666666666666666,0.08139083139083138,0.0,1.0
3140661,1.2166666666666668,0.6,-0.21666666666666667,0.0,1.0
5996058,0.9036044973544972,0.7666666666666666,0.0963955026455026,0.08,0.0
1786626,1.6203379953379955,0.6,-0.6203379953379954,0.0,1.0
2065486,0.9484006734006736,0.5,0.05159932659932661,0.0,1.0
5988585,2.1116182091103086,1.3287596412708895,-0.1278478118934101,0.5866666666666668,0.0
5999044,1.0362433862433862,0.5,-0.03624338624338625,0.8333333333333334,0.0
5993775,1.4317460317460318,0.6,-0.4317460317460317,0.4933333333333334,0.0
5993327,1.4177248677248675,0.6,-0.4177248677248677,0.6266666666666667,0.0
3104378,1.0142857142857145,0.5666666666666667,-0.014285714285714271,0.0,1.0
3238099,1.0375,0.6333333333333333,-0.0375,0.0,1.0
2272041,1.2898148148148147,0.5666666666666667,-0.2898148148148148,0.0,1.0
2118382,1.6353349673202615,0.5666666666666668,-0.6353349673202615,0.0,1.0
5986512,0.7289186507936508,0.6333333333333333,0.27108134920634924,1.1466666666666667,0.0
5996177,0.7083333333333334,0.6999999999999998,0.2916666666666667,1.2933333333333332,0.0
5991833,1.1611111111111112,0.4666666666666666,-0.16111111111111112,0.5333333333333333,0.0
5988609,1.0845117845117846,0.7000000000000001,-0.0845117845117845,2.1,0.0
5978587,1.7325925925925925,0.6999999999999998,-0.7325925925925926,0.9466666666666668,0.0
3127131,1.2543650793650791,0.6666666666666666,-0.2543650793650794,0.0,1.0
5980400,0.6376678876678876,0.4333333333333333,0.3623321123321123,0.8866666666666667,0.0
5986699,0.7846542346542346,0.6,0.21534576534576533,1.18,0.0
5978233,1.2864898989898992,0.5,-0.28648989898989896,1.62,0.0
5981235,1.1245302287581698,0.7000000000000001,-0.12453022875816995,0.6733333333333333,0.0
5992966,1.140085784313725,0.5666666666666667,-0.14008578431372548,0.7266666666666667,0.0
1910633,1.636904761904762,0.5666666666666668,-0.6369047619047621,0.0,1.0
5996458,0.9628357753357752,0.6,0.03716422466422466,0.6466666666666666,0.0
5984707,1.4344696969696968,0.5333333333333333,-0.434469696969697,1.32,0.0
5992611,1.25,0.75,-0.25,0.7,0.0
5983393,1.1154040404040406,0.6333333333333333,-0.1154040404040404,0.5533333333333333,0.0
5997576,1.7774621212121209,0.6333333333333333,-0.7774621212121212,0.4533333333333334,0.0
5984139,1.4429573512906846,0.6333333333333333,-0.4429573512906846,5.1725768843688735,0.0
5981054,1.306279761904762,0.6000000000000001,-0.3062797619047619,1.62,0.0
5986008,1.5694444444444446,0.6166808640962843,-0.5694444444444445,1.04,0.0
2416812,0.8048260381593715,0.7000000000000001,0.19517396184062846,0.5154387645165476,1.0
1911469,0.7697163947163946,0.6333333333333334,0.23028360528360525,0.0,1.0
5979200,0.8106646825396826,0.6666666666666666,0.18933531746031748,1.0,0.0
5983115,0.6166666666666667,0.6,0.3833333333333333,1.3069129636743926,0.0
5978342,1.7146078431372551,0.6,-0.7146078431372549,1.36,0.0
2104111,1.1082556332556333,0.6333333333333333,-0.10825563325563324,0.0,1.0
2099590,1.1282509157509155,0.5666666666666667,-0.12825091575091574,0.0,1.0
1933914,0.6335648148148149,0.7333333333333334,0.3664351851851852,0.0,1.0
5994259,1.2949754901960784,0.4798571458607501,-0.29497549019607844,1.0333333333333334,0.0
5992115,1.1238095238095238,0.5666666666666665,-0.1238095238095238,0.7133333333333334,0.0
1833615,1.2734391534391534,0.6333333333333333,-0.2734391534391534,0.0,1.0
5987979,1.636169386169386,0.6333333333333334,-0.6361693861693861,1.2,0.0
5996794,1.0212690664380857,0.5641664136756861,0.09166666666666667,0.8533333333333334,0.0
5996536,1.2506798756798758,0.6333333333333333,-0.25067987567987565,1.5933333333333335,0.0
5990942,1.6183697089947089,0.6666666666666666,-0.618369708994709,0.4533333333333334,0.0
5989485,1.464983164983165,0.6666666666666666,-0.46498316498316494,0.6466666666666666,0.0
5983550,1.2879960317460315,0.5,-0.2879960317460318,0.30666666666666664,0.0
2626576,1.1127976190476192,0.4666666666666666,0.09508785912940326,0.0,1.0
3409466,0.9651936026936028,0.6,0.034806397306397306,0.0,1.0
1568675,0.798703022875817,0.5333333333333333,0.20129697712418304,0.0,1.0
3073199,1.6138071895424837,0.4666666666666666,-0.6138071895424837,0.0,1.0
5982346,1.2791819291819293,0.5666666666666668,-0.2791819291819292,0.04,0.0
5994044,1.1379370629370629,0.5,-0.13793706293706295,0.8733333333333334,0.0
5997725,1.021718094141292,0.6000000000000001,0.5224041005291005,0.7866666666666667,0.0
3204162,1.1694444444444445,0.8000000000000002,-0.16944444444444445,0.0,1.0
5996315,0.9106481481481482,0.5,0.08935185185185186,0.16,0.0
5980454,0.4715057319223986,0.5666666666666668,0.5284942680776014,1.2133333333333334,0.0
5988559,1.0551587301587302,0.7333333333333334,-0.05515873015873015,0.5066666666666667,0.0
5983766,1.9004629629629628,0.7,-0.900462962962963,0.56,0.0
3349130,1.8141474346966961,0.6333333333333334,-0.3003825045543362,0.0,1.0
5992059,0.9425262237762236,0.5333333333333333,0.0574737762237762,0.32,0.0
5987101,1.290959595959596,0.5333333333333333,-0.2909595959595959,0.7000000000000001,0.0
2108284,0.8833333333333333,0.6333333333333334,0.11666666666666665,0.0,1.0
3422902,1.6399673202614382,0.6333333333333333,-0.6399673202614379,0.0,1.0
2005862,1.2938492063492062,0.6333333333333333,-0.2938492063492064,0.3153221938347988,1.0
5996049,0.9598243464052288,0.5,0.04017565359477127,1.12,0.0
5994596,1.3,0.7333333333333334,-0.3,0.96,0.0
5980304,1.1194444444444445,0.6333333333333334,-0.11944444444444445,0.66,0.0
5990852,1.1376936026936026,0.43333333333333335,-0.13769360269360267,0.5933333333333334,0.0
1972498,1.4417929292929292,0.7000000000000001,-0.4417929292929293,0.0,1.0
5980328,1.6351037851037848,0.6333333333333333,-0.6351037851037851,0.52,0.0
5996238,0.8033216783216783,0.5666666666666668,0.19667832167832167,0.7799999999999999,0.0
5989507,0.4708624708624709,0.4,0.5291375291375291,0.46,0.0
5987036,0.5787037037037036,0.6666666666666666,-0.0705995382207553,0.7466666666666666,0.0
1806526,1.2650392817059484,0.6666666666666666,-0.2650392817059484,0.0,1.0
5993234,1.138507326007326,0.6,-0.138507326007326,0.48,0.0
5988226,1.0472222222222225,0.6,-0.04722222222222222,0.5266666666666667,0.0
5983971,1.2077380952380952,0.6499999999999999,-0.2077380952380952,0.24,0.0
5980765,1.518009232067021,0.5666666666666668,0.3620959595959597,0.5489502095787809,0.0
5983977,0.75,0.6666666666666666,0.25,1.1,0.0
5988647,1.4667277167277168,0.6333333333333333,-0.4667277167277167,0.37333333333333335,0.0
2557666,0.8833333333333333,0.75,0.11666666666666667,0.0,1.0
5997196,0.7507936507936508,0.5,0.2492063492063492,0.7533333333333334,0.0
5982602,0.4591269841269841,0.6,0.5408730158730158,0.9266666666666667,0.0
2007583,1.4759259259259259,0.6333333333333334,-0.4759259259259258,0.3386950684092302,1.0
5988412,0.7919312169312169,0.6666666666666666,0.20806878306878307,0.2866666666666667,0.0
5992152,1.4574397824397824,0.7666666666666666,-0.4574397824397825,0.2533333333333333,0.0
1647075,0.901934523809524,0.5333333333333333,0.0980654761904762,0.0,1.0
5999383,0.966038591038591,0.5333333333333333,0.033961408961408944,0.4,0.0
5995534,1.4387254901960784,0.6,-0.4387254901960784,0.52,0.0
2397581,1.059722222222222,0.6666666666666666,-0.059722222222222225,0.0,1.0
5986199,1.2825231481481485,0.6999999999999998,-0.2825231481481481,0.7999999999999999,0.0
5984781,1.08015873015873,0.6666666666666666,-0.08015873015873014,0.4,0.0
1824575,0.9724206349206348,0.5,0.02757936507936509,0.0,1.0
5995721,0.94375,0.6666666666666666,0.05625,0.92,0.0
2313295,1.4269199346405232,0.5666666666666667,-0.4269199346405229,0.0,1.0
2442438,0.4893181818181818,0.75,0.5106818181818182,0.0,1.0
5998616,1.6010989010989014,0.4333333333333333,-0.6010989010989011,1.24,0.0
5978190,0.7958485958485958,0.7333333333333334,0.20415140415140406,1.32,0.0
1518425,1.3070329670329672,0.7333333333333334,-0.30703296703296706,0.0,1.0
1578865,1.1362103174603175,0.6333333333333334,-0.13621031746031745,0.0,1.0
5987183,1.5773809523809526,0.7000000000000001,-0.5773809523809524,0.64,0.0
5986016,0.9771464646464648,1.1598259691457802,0.02285353535353533,1.9266666666666667,0.0
5980426,0.9263888888888888,0.6333333333333333,0.07361111111111111,1.32,0.0
5993318,0.9790048840048838,0.7333333333333334,0.020995115995116016,0.6533333333333333,0.0
5982775,1.1027777777777776,0.6213964509429811,-0.14299236936153772,0.92,0.0
5990291,0.9395604395604396,0.5,0.06043956043956045,1.1133333333333335,0.0
5986652,1.4135521885521884,0.4666666666666666,-0.4135521885521886,1.2133333333333336,0.0
5986726,0.6543709150326797,0.5333333333333333,0.34562908496732025,0.64,0.0
5993252,1.4149074074074075,0.6,-0.41490740740740745,0.7000000000000001,0.0
5992887,1.4353505291005288,0.6666666666666666,-0.43535052910052907,0.3066666666666667,0.0
2436941,1.031746031746032,0.5,-0.031746031746031744,0.0,1.0
5984910,1.2698412698412698,0.6,-0.2698412698412698,0.96,0.0
5994291,0.4648148148148148,0.4000000000000001,0.5351851851851852,1.4533333333333334,0.0
1996832,0.9305555555555556,17.031306442883878,0.06944444444444442,0.0,1.0
5999069,1.6268280228758172,0.5,-0.6268280228758171,0.9333333333333332,0.0
5980513,1.174404761904762,0.7,-0.1744047619047619,0.46,0.0
5998728,1.9483164983164984,0.6,-1.9919307422596892,0.7000000000000001,0.0
3026903,1.1291958041958043,0.5,-0.12919580419580415,0.0,1.0
5997734,1.2888807189542484,0.6666666666666666,-0.28888071895424833,0.3466666666666667,0.0
5995561,1.5993209876543208,0.6666666666666666,-0.5993209876543211,1.4333333333333331,0.0
2608653,1.6070707070707069,0.6666666666666666,-0.6070707070707071,0.0,1.0
5984608,0.7777777777777777,0.5,0.22222222222222224,0.7400000000000001,0.0
5998287,0.776984126984127,0.5333333333333333,0.22301587301587306,1.6533333333333335,0.0
1963719,0.9513888888888888,0.5666666666666667,0.04861111111111111,0.0,1.0
5984220,1.0014893392090547,0.6999999999999998,-0.22417015899003265,0.34597877032853336,0.0
5992040,1.6254304029304028,0.5,-0.625430402930403,2.233333333333334,0.0
5978923,1.5822406759906762,0.5396568077494404,-0.5822406759906761,0.9266666666666666,0.0
5983172,0.6958333333333333,0.6,0.3041666666666667,0.45,0.0
5987398,0.6311507936507936,0.6333333333333333,0.3688492063492063,0.3866666666666667,0.0
5986099,1.3028373015873016,0.501918332331989,-0.3028373015873016,0.84,0.0
1913704,1.2427248677248677,0.5,-0.24272486772486776,0.0,1.0
5988890,1.2273148148148147,0.8369216378514995,-0.22731481481481486,1.2866666666666668,0.0
5997453,1.4231481481481485,0.6000000000000001,-0.4231481481481481,1.0,0.0
1676991,0.9757440476190476,0.5333333333333333,0.024255952380952392,0.0,1.0
1562480,0.8805555555555556,0.6333333333333333,0.11944444444444445,0.0,1.0
3190866,1.1308913308913309,0.4666666666666666,-0.1308913308913309,0.0,1.0
5984026,1.4654040404040405,0.5666666666666668,-0.4654040404040404,1.2333333333333334,0.0
1536192,1.7904040404040404,0.7333333333333334,-0.7904040404040403,0.0,1.0
5981924,0.7966443278943279,0.6,0.2033556721056721,0.6666666666666666,0.0
5980972,1.0710648148148147,0.6333333333333333,-0.07106481481481483,1.0799999999999998,0.0
5987436,1.1249183006535948,0.5333333333333333,-0.12491830065359474,1.3066666666666666,0.0
5983578,1.4535714285714283,0.6666666666666666,-0.4535714285714286,1.2733333333333332,0.0
5980884,1.406283068783069,5.032486111111111,-0.4062830687830688,0.66,0.0
2042527,1.3997189153439151,0.6666666666666666,-0.39971891534391535,0.0,1.0
5995731,0.8180555555555555,0.4666666666666666,0.18194444444444446,1.1866666666666668,0.0
5984050,0.9390046296296296,0.5,0.06099537037037037,1.873333333333333,0.0
1719798,0.7611111111111111,0.43333333333333335,0.2388888888888889,0.0,1.0
5987574,1.130224867724868,0.5,-0.13022486772486774,0.4533333333333333,0.0
3276251,1.4501543209876544,0.5333333333333333,-0.4501543209876544,0.0,1.0
5994479,0.9776851851851852,0.6,0.022314814814814787,1.4866666666666666,0.0
5982884,1.3722222222222225,0.6333333333333333,-0.37222222222222223,1.24,0.0
5984787,1.45531045751634,0.6,-0.4553104575163399,0.9933333333333332,0.0
5992075,1.2264550264550265,0.6333333333333333,-0.22645502645502644,0.13333333333333333,0.0
2500559,0.9268518518518518,0.6666666666666666,0.07314814814814814,0.0,1.0
2239483,1.1379426129426131,0.6,-0.13794261294261298,0.0,1.0
5983806,0.9653357753357752,0.6,0.03466422466422466,0.24,0.0
5985722,1.4236111111111114,0.5333333333333333,-0.4236111111111112,0.3800000000000001,0.0
5985392,0.6145833333333334,0.5666666666666668,0.3854166666666667,1.906666666666667,0.0
5990348,1.1391865079365078,0.5666666666666668,-0.1391865079365079,0.7000000000000001,0.0
3404840,1.4675925925925926,0.5333333333333333,-0.4675925925925926,0.0,1.0
5978059,0.8130050505050505,0.6333333333333333,0.18699494949494944,0.6266666666666666,0.0
5992319,0.7736111111111111,0.6,-0.09662833148632824,0.32,0.0
5981704,1.0682539682539682,0.6002655342998718,-0.06825396825396822,0.2933333333333333,0.0
5986329,1.4176767676767676,0.5666666666666665,-0.4176767676767677,0.54,0.0
5979410,1.4250437062937065,0.5,-0.4250437062937063,0.8399999999999999,0.0
5998090,1.289484126984127,0.7000000000000001,-0.289484126984127,0.5,0.0
2279055,1.4586732711732713,0.6,-0.4586732711732712,0.0,1.0
2002299,1.6995145993376684,2.1537426584196533,-0.15286171971187024,0.0,1.0
5985535,1.8616161616161615,0.6999999999999998,-0.8616161616161616,0.8133333333333335,0.0
5989767,1.2585648148148147,0.5666666666666667,-0.2585648148148148,0.21333333333333332,0.0
2050581,1.4486772486772486,0.5333333333333333,-0.4486772486772487,0.0,1.0
5985248,1.4555555555555555,0.6,-0.4555555555555556,0.9933333333333332,0.0
3187289,1.5734126984126986,0.6999999999999998,-0.5734126984126985,0.0,1.0
1940812,0.6482308201058201,0.5,0.35176917989417983,0.0,1.0
1809925,0.8347222222222223,0.6333333333333333,0.16527777777777775,0.0,1.0
1532387,0.9527116402116405,0.6666666666666666,0.0472883597883598,0.0,1.0
5993821,1.1310866013071896,0.6,-0.13108660130718952,0.7999999999999999,0.0
5984870,1.9126845376845376,0.5666666666666668,-0.9126845376845376,0.5333333333333333,0.0
2253722,0.9286541005291004,0.6,0.07134589947089946,0.0,1.0
5982140,1.1166971916971915,0.6,-0.11669719169719173,1.1666666666666667,0.0
5985270,1.0083333333333333,0.5,-0.008333333333333331,0.7533333333333333,0.0
2947183,0.7625992063492063,0.6,0.2374007936507937,0.0,1.0
5990252,1.4376262626262626,0.6,-0.43762626262626253,0.4066666666666667,0.0
1944393,1.6297619047619047,0.7333333333333333,-0.6297619047619047,0.0,1.0
5980463,0.7563271604938272,0.6,0.24367283950617286,0.15333333333333332,0.0
5992911,1.0708994708994708,0.6,-0.07089947089947089,0.7533333333333333,0.0
5978816,1.2611111111111108,0.5666666666666667,-0.2611111111111111,0.82,0.0
1532409,1.4468434343434344,0.6666666666666666,-0.22378006011241394,0.0,1.0
5981058,1.1439926739926738,0.5666666666666668,-0.14399267399267401,0.7066666666666667,0.0
1952915,1.2414021164021165,0.6666666666666666,-0.2414021164021164,0.0,1.0
5993832,0.5333333333333333,0.6333333333333334,0.4666666666666666,0.68,0.0
2419298,1.0833333333333333,0.43333333333333335,-0.08333333333333333,0.0,1.0
5981347,1.311765873015873,0.5333333333333333,-0.311765873015873,1.0733333333333337,0.0
3234028,0.9636574074074076,0.5,0.036342592592592586,0.0,1.0
5998148,1.10015873015873,0.8000000000000002,-0.10015873015873013,0.8000000000000002,0.0
5984348,0.9298611111111108,0.5333333333333333,0.07013888888888888,0.98,0.0
5982181,1.3842857142857143,0.7000000000000001,-0.3842857142857143,0.94,0.0
5984083,0.9294444444444444,0.7333333333333334,0.07055555555555555,0.9466666666666668,0.0
2281059,1.5793650793650793,0.55,-0.5793650793650793,0.0,1.0
5997235,0.6944444444444443,0.5333333333333333,0.3055555555555555,0.2866666666666667,0.0
5996584,0.4953703703703703,0.6333333333333333,0.5046296296296297,1.02,0.0
5989981,1.0675925925925924,0.6,-0.06759259259259262,1.0,0.0
2095498,1.2933006535947713,0.5666666666666665,-0.29330065359477125,0.0,1.0
5993684,1.021825396825397,128.11819449164813,-0.021825396825396817,1.0133333333333334,0.0
1891543,1.3045454545454545,0.6333333333333333,-0.3045454545454545,0.0,1.0
5984863,1.2947954822954824,0.6000000000000001,-0.2947954822954823,0.86,0.0
5996468,1.2925084175084176,0.5333333333333333,-0.29250841750841755,1.2,0.0
5984178,1.413095238095238,0.5333333333333333,-0.41309523809523796,0.14,0.0
1711347,0.9863175684202802,0.7000000000000001,-0.2919873917784885,0.0,1.0
5997502,1.0611111111111111,0.7000000000000001,-0.06111111111111112,1.3999999999999997,0.0
5986387,0.6372023809523809,0.4666666666666666,0.36279761904761904,0.3333333333333333,0.0
5994539,0.9584876543209876,0.5666666666666665,0.04151234567901235,0.6266666666666666,0.0
2465190,1.2713869463869465,0.5,-0.27138694638694644,0.0,1.0
5981518,1.2791666666666666,0.7000000000000001,-0.2791666666666667,0.96,0.0
2819534,1.2539682539682542,0.6,-0.25396825396825395,0.0,1.0
2209037,1.1466269841269843,0.6666666666666666,-0.14662698412698413,0.0,1.0
2102491,1.7936507936507935,0.6666666666666666,-0.7936507936507936,0.0,1.0
5987127,1.1178086419753086,0.4812795161290324,-0.11780864197530865,0.7399999999999999,0.0
5989956,1.3285714285714283,0.5333333333333333,-0.32857142857142857,0.7200000000000001,0.0
5995703,1.1258750508750508,0.6666666666666666,-0.12587505087505088,1.3333333333333333,0.0
2201141,1.0322222222222222,0.6999999999999998,-0.03222222222222223,0.0,1.0
2221597,1.2736772486772487,0.5666666666666667,-0.2736772486772487,0.0,1.0
5989783,1.1011784511784513,0.6000000000000001,-0.10117845117845116,0.14,0.0
5991486,0.6365079365079365,0.7000000000000001,0.3634920634920635,1.5333333333333332,0.0
5983227,0.9221099887766556,0.8339754360670874,-0.5958295141012795,1.4,0.0
5988095,0.6796296296296296,0.5666666666666667,0.3203703703703704,1.2733333333333334,0.0
5979187,1.4718559218559217,0.5333333333333333,-0.4718559218559219,0.7400000000000001,0.0
2249621,1.4581349206349206,0.5333333333333333,-0.4581349206349206,0.0,1.0
2194117,1.4308531746031743,0.6333333333333334,-0.43085317460317457,0.0,1.0
5987616,1.9674183006535948,0.5333333333333333,-0.6960902173812369,1.1666666666666667,0.0
5997928,1.117087542087542,0.5333333333333333,-0.11708754208754207,1.4,0.0
5983121,1.80406746031746,0.5,-0.8040674603174603,0.32666666666666666,0.0
3122580,1.4306915306915304,0.5666666666666667,-0.4306915306915307,0.0,1.0
5986253,1.133943833943834,0.5333333333333333,-0.13394383394383394,0.62,0.0
5996934,0.9665445665445666,0.6000000000000001,0.033455433455433434,0.6933333333333334,0.0
5999437,1.5787698412698414,0.6666666666666666,-0.5787698412698413,1.0466666666666666,0.0
5990293,1.2208333333333334,0.7666666666666666,-0.22083333333333333,1.54,0.0
5999182,0.8143939393939394,0.6333333333333333,0.18560606060606066,1.2933333333333332,0.0
5991264,1.3031135531135531,0.34159427907121914,-0.30311355311355315,0.6533333333333333,0.0
1936905,1.4138888888888892,0.6333333333333334,-0.4138888888888889,0.0,1.0
1899504,1.6666666666666667,0.4666666666666666,-0.6666666666666666,0.0,1.0
5987969,0.8944444444444445,0.6,0.10555555555555557,0.6533333333333333,0.0
5991583,1.4410714285714288,0.5,-0.44107142857142856,1.2,0.0
1566443,1.6675925925925923,0.6333333333333333,-0.6675925925925926,0.0,1.0
5998757,0.7978174603174603,0.8000000000000002,0.2021825396825397,2.04,0.0
5978885,1.2758424908424908,0.6,-0.27584249084249085,0.20666666666666667,0.0
5978087,1.0555555555555556,0.6666666666666666,-0.055555555555555546,0.98,0.0
5995136,0.6570436507936508,0.6,0.3429563492063492,0.7533333333333334,0.0
5988265,1.2638888888888888,0.43333333333333335,-0.2638888888888889,0.4133333333333333,0.0
5980172,1.4784640522875818,0.5666666666666667,-0.4784640522875818,0.4533333333333333,0.0
5997735,0.6226190476190476,0.5666666666666668,0.3773809523809524,0.32666666666666666,0.0
1662427,1.0342380268474136,0.5333333333333333,-0.07926290725000529,0.0,1.0
2600573,1.4063492063492065,0.5,-0.4063492063492064,0.0,1.0
5979068,1.2835978835978836,0.43333333333333335,-0.2835978835978836,0.30666666666666664,0.0
5982830,0.5111111111111111,0.5333333333333333,0.4888888888888889,1.1933333333333334,0.0
5992930,1.596094276094276,0.5666666666666668,-0.5960942760942761,1.6466666666666665,0.0
5981293,1.0555555555555556,0.6,-0.055555555555555546,0.09333333333333332,0.0
1694345,1.2185714285714286,0.5666666666666668,-0.21857142857142856,0.0,1.0
5996787,1.2943935693935693,0.6666666666666666,-0.29439356939356937,1.2,0.0
5980519,1.094246031746032,0.5666666666666668,-0.09424603174603174,1.6533333333333335,0.0
5995828,1.5338383838383838,0.6666666666666666,-0.5338383838383839,0.32,0.0
3164893,1.2225529100529098,0.7333333333333334,-0.22255291005291006,0.0,1.0
5981946,1.9023569023569025,0.6666666666666666,-0.9023569023569024,0.96,0.0
1535213,0.7027777777777778,0.6,0.2972222222222222,0.0,1.0
3226785,0.6055555555555555,0.6681509850171053,0.20769136269136268,0.0,1.0
5991797,1.1888888888888889,0.5333333333333333,-0.18888888888888888,0.7000000000000001,0.0
3361947,0.9534336419753086,0.5,0.04656635802469137,0.0,1.0
5983280,0.5996031746031746,0.5,0.4003968253968255,0.92,0.0
1710857,0.9728535353535354,0.43333333333333335,0.027146464646464603,0.0,1.0
5991852,1.5,0.5666666666666668,-0.5,0.5466666666666666,0.0
2927258,1.2515873015873016,0.6666666666666666,-0.2515873015873016,0.0,1.0
5998700,1.5711926961926963,0.5666666666666667,-0.5711926961926962,1.4800000000000002,0.0
5984265,1.0849867724867726,0.7333333333333334,-0.08498677248677249,0.96,0.0
5985431,0.9756565656565658,0.5333333333333333,0.02434343434343435,0.4466666666666667,0.0
2922242,1.6393790849673202,0.7333333333333334,-0.6393790849673202,0.0,1.0
1911589,0.8752777777777778,0.5333333333333333,0.12472222222222222,0.0,1.0
5988968,1.206439393939394,0.6,-0.206439393939394,0.87,0.0
5979025,1.4968913751754416,0.6,0.8747393739181969,2.4491060359778323,0.0
2493103,1.1450571895424837,0.5666666666666668,-0.14505718954248364,0.0,1.0
5990280,0.8902097298761907,0.6,-0.04219633600786755,1.102728572075727,0.0
5978728,1.5696186811985953,0.5,-0.099148547055755,0.7333333333333334,0.0
1604903,0.9241666666666668,0.5333333333333333,0.07583333333333334,0.0,1.0
5980525,1.4231481481481485,0.4666666666666666,-0.4231481481481481,1.4400000000000002,0.0
5982367,7.992314400507678,0.5666666666666665,-0.9367724867724868,0.7200000000000001,0.0
5990241,1.5453768453768453,0.6666666666666666,-0.5453768453768454,0.5333333333333333,0.0
5989420,1.4667637917637921,0.6000000000000001,-0.4667637917637917,1.92,0.0
5990430,0.9594627594627596,0.6666666666666666,0.04053724053724054,1.1666666666666667,0.0
2433090,1.8108465608465607,0.6,-0.8108465608465608,0.0,1.0
5985585,1.1194648692810458,0.6999999999999998,-0.11946486928104574,0.9666666666666668,0.0
5988241,1.3041666666666667,0.5333333333333333,-0.30416666666666664,0.6733333333333333,0.0
5990740,0.7951261701261702,0.5333333333333333,0.20487382987382985,0.26,0.0
5997087,0.4722222222222222,0.6666666666666666,0.5277777777777778,0.4266666666666667,0.0
5978981,1.1416971916971916,0.6,-0.1416971916971917,0.44,0.0
2302775,1.5902356902356898,0.5333333333333333,-0.5902356902356902,0.0,1.0
5988554,1.2555555555555555,0.6000000000000001,-0.25555555555555554,0.7600000000000001,0.0
5989827,2.0427947480156314,0.5666666666666667,-0.26060606060606056,1.2666666666666668,0.0
5986373,1.1375763125763123,0.6333333333333334,-0.1375763125763126,0.9333333333333332,0.0
1680634,1.126564407814408,0.6,-0.12656440781440784,0.0,1.0
5986069,0.6563400488400489,0.5666666666666668,0.3436599511599511,0.44,0.0
5991194,0.9319444444444444,0.7000000000000001,0.0680555555555555,1.2466666666666666,0.0
5980788,1.3410212989511379,0.5333333333333333,-0.3580949047311812,0.9633795532624738,0.0
2199091,0.9733134920634922,0.5333333333333333,0.026686507936507915,0.0,1.0
5997504,0.970909645909646,0.5337558995631585,0.029090354090354063,0.7533333333333333,0.0
5987323,1.2819444444444443,0.4666666666666666,-0.28194444444444444,0.7799999999999999,0.0
5982835,1.2823412698412695,0.43333333333333335,-0.28234126984126984,1.0933333333333335,0.0
3114875,0.6528083028083028,0.6,0.3471916971916971,0.0,1.0
1698598,1.4468457468457467,0.5,-0.4468457468457469,0.0,1.0
1505270,0.8040345319707101,0.7000000000000001,-0.07184196632601085,0.0,1.0
5991472,0.7606646825396824,0.35563242015712393,0.23933531746031744,0.3533333333333333,0.0
3413646,0.6200396825396826,0.6333333333333334,0.37996031746031744,0.0,1.0
2889234,1.45453431372549,0.5666666666666667,-0.4545343137254903,0.0,1.0
5985793,1.4735702614379085,0.7000000000000001,-0.4735702614379085,0.4533333333333334,0.0
1673789,1.3681657848324515,0.5666666666666667,-0.3681657848324515,0.0,1.0
5980395,0.7991605616605616,0.6333333333333333,0.20083943833943832,1.153333333333333,0.0
5981217,1.1178613053613051,0.5666666666666668,-0.1178613053613054,1.129018134359971,0.0
5984676,0.8145016339869281,0.7333333333333334,0.1854983660130719,0.84,0.0
2003947,1.45510101010101,0.6,-0.4551010101010101,0.0,1.0
5991843,1.1166666666666667,0.6,-0.11666666666666665,0.5666666666666665,0.0
2888688,0.9613646384479718,0.4163782006524016,0.03863536155202822,0.0,1.0
5999390,1.305710955710956,0.5666666666666668,-0.3057109557109557,2.0468733250136606,0.0
2020067,1.2875925925925926,0.5,-0.28759259259259257,0.0,1.0
5983577,1.2615995115995116,0.5333333333333333,-0.2615995115995116,1.2333333333333334,0.0
5983640,1.8624247475242668,0.6,-0.25,1.3333333333333333,0.0
5990975,1.1397191697191695,0.5333333333333333,-0.13971916971916973,1.12,0.0
5991305,0.9863480392156864,0.5666666666666668,0.013651960784313723,1.88,0.0
3103731,1.0861111111111112,0.6666666666666666,-0.0861111111111111,0.0,1.0
5986560,1.1666666666666667,0.4666666666666666,-0.16666666666666666,1.4866666666666666,0.0
5992375,0.9532439782439782,0.4666666666666666,0.04675602175602175,0.5333333333333333,0.0
1797130,1.297470238095238,0.5,-0.2974702380952381,0.0,1.0
5993699,0.9544764433551198,0.8087642068127305,0.04552355664488017,0.7200000000000001,0.0
3226844,1.307936507936508,0.5666666666666667,-0.30793650793650795,0.0,1.0
5989063,0.9824074074074072,0.6333333333333333,0.01759259259259259,0.42,0.0
5995939,0.9630647130647132,0.5333333333333333,0.03693528693528695,1.593333333333333,0.0
2891677,0.9823199023199024,0.6333333333333334,0.01768009768009763,0.0,1.0
5982761,1.4698232323232323,0.6333333333333333,-0.4698232323232324,0.7133333333333334,0.0
1810215,1.6653889058939564,0.6000000000000001,-0.6889938314492499,0.0,1.0
5987067,1.34375,0.4429063005737316,-0.34375,0.7799999999999999,0.0
5993680,0.9763939763939764,0.7000000000000001,0.02360602360602361,1.2866666666666666,0.0
5992414,1.0708333333333333,0.5666666666666668,-0.07083333333333335,1.2133333333333332,0.0
5991067,1.2962301587301586,0.6333333333333334,-0.29623015873015873,0.7866666666666667,0.0
5979890,0.471802503052503,0.7000000000000001,0.528197496947497,1.22,0.0
5994617,1.2919413919413918,0.5333333333333333,-0.291941391941392,0.08666666666666667,0.0
1550356,0.9512896825396826,0.7666666666666666,-0.4727009693774667,0.0,1.0
5988246,0.8150738150738149,0.5666666666666668,-0.11292526247068448,1.16,0.0
5989629,1.1184126984126983,0.5333333333333333,-0.1184126984126984,0.58,0.0
2233906,1.1602350041224547,0.6000000000000001,-0.3671624394974988,0.0,1.0
2100294,0.5787037037037036,0.6,0.4212962962962963,0.0,1.0
5992446,1.2652777777777775,0.5333333333333333,-0.2652777777777778,0.28,0.0
5986587,1.3767676767676766,0.5333333333333333,-0.3767676767676768,0.8533333333333334,0.0
1588374,1.1429563492063493,0.5333333333333333,-0.14295634920634925,0.0,1.0
2249099,1.2709004884004884,0.5,-0.2709004884004884,0.0,1.0
5994722,0.7960437710437711,0.6,0.20395622895622906,1.061351979531486,0.0
5990375,1.446703296703297,0.5333333333333333,-0.4467032967032967,1.3866666666666667,0.0
5986404,1.2337301587301586,0.5666666666666667,-0.2337301587301587,0.5266666666666666,0.0
2438573,0.5871031746031746,0.5666666666666667,0.41289682539682543,0.0,1.0
2512820,0.8611111111111112,0.6333333333333333,0.13888888888888887,0.0,1.0
2415978,0.6504680504680506,0.5,0.3495319495319495,0.0,1.0
5984559,0.9222222222222222,0.7333333333333334,0.07777777777777778,0.4266666666666667,0.0
5997866,1.4378399378399378,0.7916191278150956,-0.43783993783993785,0.86,0.0
5984420,1.1006481481481485,0.4666666666666666,-0.10064814814814817,0.98,0.0
5998802,1.2772338772338772,0.7666666666666667,-0.2772338772338772,0.32,0.0
5994948,1.2993771043771043,0.6,-0.29937710437710435,1.0864986884529455,0.0
5987562,0.6936507936507937,0.6666666666666666,0.3063492063492064,1.2452473485657345,0.0
1803097,1.4279040404040406,0.6,-0.4279040404040405,0.0,1.0
5979137,1.1017857142857144,0.6333333333333333,-0.10178571428571427,0.9266666666666666,0.0
5987669,0.9583333333333334,0.6,0.04166666666666666,1.12,0.0
1750693,1.3050857843137254,0.6333333333333333,-0.3050857843137255,0.0,1.0
2968434,1.3759920634920637,0.6,-0.3759920634920635,0.0,1.0
2636898,1.028333333333333,0.6999999999999998,-0.028333333333333325,0.0,1.0
5990846,1.3551587301587298,0.6,-0.3551587301587302,1.1,0.0
5986834,0.971062271062271,0.5333333333333333,0.028937728937728932,1.0133333333333334,0.0
2671928,0.7334280303030303,0.7000000000000001,0.2665719696969697,0.0,1.0
5989578,1.235515873015873,0.6,-0.23551587301587304,0.8466666666666667,0.0
5993246,0.6365492724867725,0.5,0.3634507275132275,1.086666666666667,0.0
5995457,1.6274074074074072,0.5,-0.6274074074074073,0.64,0.0
5995159,1.6004761904761906,0.5333333333333333,-0.6004761904761905,0.6933333333333334,0.0
3077603,1.1387373737373738,0.6333333333333333,-0.13873737373737374,0.0,1.0
5987864,0.8361111111111112,0.9786081121422546,0.1638888888888889,0.8466666666666667,0.0
5983383,1.0416666666666667,0.6333333333333334,-0.04166666666666666,0.32,0.0
2267263,0.7615079365079365,0.5333333333333333,0.23849206349206356,0.0,1.0
1599756,1.2657407407407408,0.6666666666666666,-0.2657407407407408,0.0,1.0
5987253,0.7967452300785635,0.7666666666666667,0.20325476992143654,0.2866666666666667,0.0
5996314,0.7805555555555556,0.5,0.21944444444444444,1.831126090534979,0.0
5999380,1.309126984126984,0.5666666666666668,-0.3091269841269841,1.3333333333333333,0.0
1954477,1.5560846560846562,0.6333333333333333,-0.5560846560846561,0.0,1.0
1769328,1.065277777777778,0.5666666666666668,-0.06527777777777778,0.0,1.0
2143418,0.9186507936507936,0.6666666666666666,0.08134920634920634,0.0,1.0
5984527,1.271596459096459,0.6333333333333334,-0.2715964590964591,1.5266666666666666,0.0
5980110,1.7753802910052912,0.4666666666666666,-0.7753802910052909,0.88,0.0
2104784,1.1047178130511464,0.6666666666666666,-0.10471781305114636,0.0,1.0
5996849,1.2621693121693118,0.5333333333333333,-0.26216931216931216,1.0,0.0
5982651,1.6357448107448107,0.4333333333333333,-0.3393249345757857,1.18,0.0
2100658,1.0035714285714288,0.6,-0.003571428571428559,0.0,1.0
5981090,1.3078839869281047,0.6333333333333333,-0.3078839869281046,0.14,0.0
5984416,1.3089460784313725,0.5333333333333333,-0.30894607843137256,0.8866666666666667,0.0
5981143,1.637678571428571,0.4666666666666666,-0.6376785714285714,1.5466666666666666,0.0
5992245,1.4944444444444445,0.5666666666666665,-0.4944444444444445,1.1133333333333333,0.0
5994034,1.2990079365079366,0.5,-0.2990079365079365,0.7066666666666667,0.0
2838480,1.2784722222222222,0.6,-0.27847222222222223,0.0,1.0
5998891,1.9221001221001224,0.6333333333333334,-0.9221001221001222,0.13333333333333333,0.0
5988458,1.254208754208754,0.5666666666666668,-0.2542087542087542,0.7666666666666666,0.0
5991057,1.2294270833333334,0.6,-0.2294270833333333,2.22,0.0
5982033,0.946031746031746,0.5666666666666667,0.053968253968253985,1.66,0.0
5985126,0.6111111111111109,0.6999999999999998,0.3888888888888888,0.8333333333333334,0.0
1756003,1.2282407407407407,2.1080113368873112,-0.2282407407407407,0.0,1.0
5993847,0.961795843045843,0.6,0.038204156954156944,0.8266666666666665,0.0
5978501,0.7337301587301588,0.7666666666666666,0.2662698412698413,1.2266666666666668,0.0
1503369,1.1138888888888892,0.6000000000000001,-0.11388888888888887,0.0,1.0
5978294,1.3763227513227514,0.5666666666666665,-0.37632275132275134,0.5411143328637678,0.0
5997541,1.1005050505050504,0.6,-0.1005050505050505,0.7866666666666667,0.0
2304927,1.5622222222222222,0.6333333333333333,-0.5622222222222223,0.0,1.0
2237674,0.9402281746031744,0.6666666666666666,0.05977182539682543,0.0,1.0
5985205,1.4539682539682541,0.9539273584384508,-0.453968253968254,0.3666666666666667,0.0
5979440,1.013888888888889,0.7000000000000001,-0.013888888888888876,1.4266666666666667,0.0
1875767,1.1015873015873014,0.7333333333333334,-0.1015873015873016,0.0,1.0
5998138,0.9506944444444444,0.6666666666666666,0.04930555555555555,1.7,0.0
3029982,1.0944444444444443,0.5666666666666667,-0.09444444444444444,0.0,1.0
5985401,0.9055555555555556,0.5,0.09444444444444444,1.06,0.0
5987638,1.2398148148148147,0.5666666666666668,-0.2398148148148148,0.3066666666666667,0.0
5980865,1.792693602693603,0.5,-0.7926936026936028,1.64,0.0
5986074,0.7714141414141413,0.5333333333333333,0.2285858585858586,0.6594848627136273,0.0
5981049,0.9540343915343916,0.6999999999999998,0.04596560846560845,0.4666666666666667,0.0
5995391,1.1141636141636142,0.5666666666666668,-0.1141636141636142,2.0600000000000005,0.0
5978253,1.3010378510378509,0.6666666666666666,-0.3010378510378511,0.2266666666666667,0.0
5999065,1.6313899063899064,0.5666666666666665,-0.6313899063899063,0.7333333333333334,0.0
2771492,1.2682659932659932,0.6666666666666666,-0.2682659932659933,0.0,1.0
5983319,0.9869934640522876,0.5333333333333333,0.013006535947712429,1.2,0.0
3191092,1.477777777777778,0.4666666666666666,-0.4777777777777778,0.0,1.0
5994986,1.3055250305250303,0.7782109999370999,-0.3055250305250305,0.43333333333333335,0.0
2715307,1.1381969881969882,0.6666666666666666,-0.18092248281821746,0.0,1.0
3163942,1.2369852369852372,0.7000000000000001,-0.236985236985237,0.0,1.0
5988558,1.6427655228758171,0.5333333333333333,-0.642765522875817,1.5200000000000002,0.0
5980713,1.0728956228956228,0.6666666666666666,-0.0728956228956229,0.8044793888888888,0.0
5981543,1.2203604847858418,0.4666666666666667,-0.38100766813500425,0.2533333333333333,0.0
5995294,1.1263736263736264,0.5333333333333333,-0.12637362637362634,0.6133333333333333,0.0
1802653,1.1166666666666665,0.5,-0.11666666666666665,0.0,1.0
5995134,1.3432539682539684,0.7333333333333334,-0.3432539682539682,2.3266666666666667,0.0
2403960,1.9284493284493285,0.5333333333333333,-0.9284493284493284,0.0,1.0
5998549,1.4631664631664631,0.6333333333333333,-0.4631664631664632,0.7599999999999999,0.0
2396858,0.9111111111111112,0.6,0.08888888888888889,0.0,1.0
2143580,1.3715277777777777,0.5666666666666667,-0.37152777777777785,0.0,1.0
5990956,1.1438644688644688,0.7000000000000001,-0.14386446886446888,0.5266666666666666,0.0
1805134,1.2520604395604396,0.5333333333333333,-0.25206043956043955,0.0,1.0
5989346,0.9583333333333331,0.8,0.041666666666666664,1.3,0.0
5996550,0.9626262626262628,0.5666666666666668,0.03737373737373738,0.7999999999999999,0.0
1755371,1.3133394383394383,0.4666666666666666,-0.31333943833943834,0.0,1.0
2252515,1.2440509259259258,0.6333333333333333,-0.2440509259259259,0.0,1.0
5993698,1.106643356643357,0.5,-0.10664335664335664,1.1266666666666667,0.0
5988750,0.9350505050505049,0.6,0.06494949494949498,0.82,0.0
5998257,0.9591765873015872,0.6333333333333333,0.040823412698412685,0.02666666666666667,0.0
5993657,0.7765873015873016,0.4666666666666666,0.2234126984126984,1.586666666666667,0.0
5986050,1.0911111111111111,0.6999999999999998,-0.09111111111111113,1.42,0.0
5999471,1.4738970588235294,0.5666666666666665,-0.4738970588235294,0.07333333333333335,0.0
5994331,0.6434371184371184,0.5666666666666668,0.3565628815628816,0.3066666666666667,0.0
5985809,1.4083333333333332,0.7000000000000001,-0.4083333333333334,1.32,0.0
5990973,1.5904761904761904,0.5666666666666668,-0.5904761904761905,0.8133333333333334,0.0
5997435,0.8148106060606061,0.5333333333333333,0.18518939393939396,1.0466666666666666,0.0
3085494,0.7983007733007733,0.4666666666666666,0.20169922669922666,0.0,1.0
5985647,1.354993386243386,0.5666666666666667,-0.3549933862433862,0.6933333333333334,0.0
5985482,1.416958041958042,0.5333333333333333,-0.4169580419580421,0.6,0.0
5978235,0.9804466230936818,0.7666666666666666,0.01955337690631805,1.0,0.0
5993685,1.4368386243386244,0.7666666666666666,-0.4368386243386244,1.2133333333333332,0.0
5990560,0.6333657083657084,0.5333333333333333,0.14677762057977067,0.32,0.0
5997366,0.7944444444444444,0.6666666666666666,0.2055555555555556,1.18,0.0
5979466,0.9678571428571427,0.8,0.03214285714285711,0.68,0.0
3322385,1.1111111111111112,0.6666666666666666,-0.11111111111111112,0.0,1.0
5997914,0.8043345543345543,0.6999999999999998,0.19566544566544564,1.1133333333333333,0.0
5978290,1.1266203703703703,0.5333333333333333,-0.12662037037037036,0.6133333333333333,0.0
5993382,1.628968253968254,0.6666666666666666,-0.6289682539682541,0.6333333333333333,0.0
1513543,0.972183372183372,0.6,0.027816627816627817,0.0,1.0
2941726,1.282258597883598,0.6,-0.28225859788359786,0.0,1.0
5985578,1.6320436507936509,0.5333333333333333,-0.6320436507936508,0.6066666666666666,0.0
5998525,1.2937271062271063,0.5333333333333333,-0.29372710622710624,0.4605073775989269,0.0
5985540,4.098890988791768,0.5,0.057407407407407414,0.14,0.0
5994512,0.9371947496947496,0.5666666666666667,0.06280525030525026,0.6,0.0
3153151,0.8018518518518518,0.5333333333333333,0.19814814814814816,0.0,1.0
5992145,1.142887667887668,0.6,-0.1428876678876679,0.86,0.0
5979369,0.9769182206682206,0.6333333333333333,0.023081779331779316,0.7933333333333333,0.0
5979834,0.67563829816018,0.5333333333333333,0.004054374098137821,0.12666666666666668,0.0
2246176,1.1527777777777777,0.6000000000000001,-0.15277777777777776,0.0,1.0
5997169,0.6163299663299663,0.7000000000000001,0.3836700336700337,0.6066666666666666,0.0
5994993,0.7845017636684304,0.5666666666666665,0.2154982363315697,0.14666666666666664,0.0
5989259,0.9219437969437968,0.7000000000000001,0.07805620305620302,0.8266666666666667,0.0
1815736,1.2785714285714285,0.5,-0.2785714285714285,0.0,1.0
5978240,1.4664141414141414,2.814011680408324,-0.4664141414141415,0.9266666666666666,0.0
2370853,1.2077380952380954,0.7000000000000001,-14.918251787894645,0.0,1.0
5980428,0.9751178451178449,0.6333333333333334,0.02488215488215488,0.8866666666666667,0.0
5981662,1.2035714285714283,0.6333333333333333,-0.2035714285714286,0.92,0.0
2984000,1.1133838383838384,0.6000000000000001,-0.11338383838383838,0.0,1.0
1528326,0.5916666666666667,0.5,0.4083333333333334,0.0,1.0
5979013,0.8611111111111112,0.6333333333333333,0.1388888888888889,0.7733333333333334,0.0
2190974,0.6006944444444445,0.6,0.3993055555555555,0.0,1.0
5987464,1.545819262529361,0.5333333333333333,-0.2835978835978836,0.3866666666666667,0.0
1568890,1.3472222222222223,0.6000000000000001,-0.3472222222222223,0.0,1.0
5995992,1.2844246031746032,0.6666666666666666,-0.2844246031746032,1.0066666666666666,0.0
5997640,0.9722222222222222,0.6666666666666666,0.027777777777777773,0.9666666666666668,0.0
5996498,1.4521612573532838,0.5666666666666667,-0.12065114485661785,1.184916374663466,0.0
5988242,1.4690873015873016,0.5,-0.4690873015873016,2.1333333333333333,0.0
5996073,1.1264041514041514,0.6333333333333334,-0.12640415140415145,0.2533333333333333,0.0
5998489,1.5693602693602695,0.5,-0.5693602693602694,0.8666666666666667,0.0
5979145,1.1299603174603174,0.6666666666666666,-0.12996031746031747,0.9113497816978564,0.0
5997736,0.7873148148148147,0.5666666666666668,0.2126851851851852,0.88,0.0
2818177,0.9728956228956228,0.7666666666666666,0.02710437710437709,0.0,1.0
5996868,0.8176674836601308,0.5333333333333333,-0.02387950719837737,1.1266666666666667,0.0
5990058,0.7678571428571429,0.5333333333333333,0.2321428571428571,1.0466666666666666,0.0
5997340,1.4398809523809524,0.7,-0.4398809523809524,0.28,0.0
5979996,1.4145833333333335,0.6666666666666666,-0.4145833333333333,1.16,0.0
5991430,2.759155367853777,0.6333333333333333,-1.0745655634630715,0.4066666666666667,0.0
5981149,1.2531746031746032,0.5666666666666668,-0.2531746031746032,0.13333333333333333,0.0
2063829,1.4184065934065937,0.6,-0.4184065934065934,0.0,1.0
3366828,1.590784832451499,0.9482275385394944,-0.5907848324514992,0.0,1.0
3390745,1.5965525793650794,0.7333333333333333,-0.5965525793650793,0.0,1.0
5997602,0.9268013468013468,0.6333333333333333,0.07319865319865322,0.4266666666666667,0.0
5996894,1.2760225885225884,0.7666666666666666,-0.2760225885225885,0.32,0.0
1564932,1.089484126984127,0.5,-0.089484126984127,0.0,1.0
5982152,0.8004208754208754,0.6,0.1995791245791246,0.3,0.0
5995851,0.7555555555555555,0.5666666666666668,0.2444444444444445,0.6733333333333333,0.0
5986003,1.4568849206349206,0.5666666666666667,-0.4568849206349206,0.3733333333333333,0.0
5986981,1.1073611111111112,0.7333333333333334,-0.10736111111111113,0.4933333333333334,0.0
5996127,1.0394841269841268,0.6333333333333334,-0.03948412698412699,1.1933333333333334,0.0
2628371,0.8055555555555557,0.6333333333333333,0.19444444444444445,0.0,1.0
3021265,1.4539021164021164,0.4666666666666666,-0.4539021164021164,0.0,1.0
2456929,1.4646464646464643,0.6666666666666666,-0.4646464646464646,0.0,1.0
5978598,0.7809523809523811,0.5333333333333333,0.21904761904761905,0.28,0.0
2095047,1.7147486772486766,0.5,-0.7147486772486772,0.0,1.0
5992723,1.0800925925925926,0.6666666666666666,-0.08009259259259263,0.5066666666666667,0.0
5980362,1.2833485958485955,0.7333333333333333,-0.28334859584859584,0.6,0.0
5988773,1.1277116402116398,0.6666666666666666,-0.1277116402116402,0.5066666666666667,0.0
2449651,0.9659090909090908,0.4666666666666666,0.03409090909090908,0.0,1.0
5990054,1.4686507936507935,0.5,-0.4686507936507937,0.9466666666666668,0.0
5994956,0.9900737764139652,0.6333333333333333,-0.2949098092885579,0.10103611266058657,0.0
5984821,1.6322303921568626,0.5333333333333333,-0.6322303921568627,0.44,0.0
5988529,2.9469903373164748,0.7666666666666666,-0.09421296296296296,0.2533333333333333,0.0
5980528,1.0805555555555555,0.7000000000000001,-0.08055555555555559,0.6666666666666666,0.0
1935705,1.4123015873015872,0.7999999999999999,-0.41230158730158734,0.0,1.0
5985047,1.9221001221001224,0.5666666666666668,-0.9221001221001222,1.08,0.0
5985463,1.3472222222222219,0.5,-0.3472222222222223,0.88,0.0
5979312,0.4666860916860917,0.6999999999999998,0.5333139083139082,0.7000000000000001,0.0
5984361,1.7668294668294668,0.4755069609482612,-0.7668294668294667,0.18666666666666668,0.0
2150639,1.943562091503268,0.7000000000000001,-0.9435620915032679,0.0,1.0
5987700,1.2925925925925923,0.5,-0.29259259259259257,0.7733333333333333,0.0
5993908,1.4201599326599326,0.6333333333333334,-0.4201599326599326,0.9733333333333336,0.0
5991721,1.277876984126984,0.5333333333333333,-0.2778769841269841,0.7266666666666667,0.0
5993305,1.2741071428571429,0.5,-0.2741071428571429,0.7466666666666667,0.0
5990878,0.9797313797313796,0.6666666666666666,0.02026862026862027,1.2066666666666666,0.0
5999033,0.6545697358197359,0.6666666666666666,0.3454302641802642,0.68,0.0
5978184,0.7189814814814816,0.6333333333333333,0.2810185185185185,1.086666666666667,0.0
5990353,1.29781746031746,0.5666666666666667,-0.2978174603174603,1.0,0.0
5997423,1.2601851851851853,0.6666666666666666,-0.2601851851851852,0.5533333333333333,0.0
5980031,0.9083333333333332,0.43333333333333335,0.09166666666666667,1.0666666666666669,0.0
5993693,1.239073426573427,0.6666666666666666,-0.23907342657342665,0.5599999999999999,0.0
5983842,1.5416666666666667,0.5333333333333333,-0.5416666666666667,0.64,0.0
5993540,1.2151795542504098,0.6666666666666666,-0.6000204248366013,0.9466666666666668,0.0
5979181,1.244949494949495,0.5666666666666668,-0.2449494949494949,0.22666666666666666,0.0
5986957,1.4769369553376908,0.6,-0.4769369553376906,0.26,0.0
3036679,1.4287240537240538,0.6333333333333334,-0.4287240537240537,0.0,1.0
5998162,0.9572717247929928,0.6999999999999998,0.033902663760101065,0.826761582829641,0.0
5979084,1.6312576312576317,0.6333333333333333,-0.6312576312576312,0.4466666666666666,0.0
5997474,1.3698412698412696,0.5333333333333333,-0.36984126984126986,1.62,0.0
5984161,1.05,0.5333333333333333,-0.05000000000000001,0.8133333333333334,0.0
2066979,1.2877331002331005,0.6666666666666666,-0.2877331002331002,0.0,1.0
5981686,1.0922222222222222,0.5666666666666667,-0.09222222222222222,0.5,0.0
5980171,1.2378968253968254,0.5333333333333333,-0.2378968253968254,1.6,0.0
5979128,1.2628968253968254,0.5309333242430099,-0.2628968253968254,0.5599999999999999,0.0
5987268,1.1147892633860559,0.5666666666666665,0.1608062236314568,1.9675720857262335,0.0
5993183,1.2771978021978023,0.5666666666666668,-0.2771978021978022,0.5133333333333333,0.0
5989632,0.9462962962962962,0.6333333333333333,0.0537037037037037,1.0533333333333337,0.0
5996871,0.6249999999999999,0.5333333333333333,0.375,0.96,0.0
5988648,1.2536019536019536,0.6333333333333333,-0.2536019536019536,0.7266666666666667,0.0
3291259,1.457461347817933,0.6,-0.2712962962962963,0.0,1.0
5985920,1.257876220166813,0.6000000000000001,-0.17288359788359786,0.4866666666666666,0.0
5985311,0.6293981481481481,0.5333333333333333,0.3706018518518519,0.66,0.0
5991600,1.0862433862433862,0.43333333333333335,-0.08624338624338622,1.36,0.0
5978364,0.8923611111111109,0.6333333333333333,0.1076388888888889,1.606666666666667,0.0
1810980,0.8194444444444443,0.6666666666666666,0.1805555555555556,0.0,1.0
5998160,1.396296296296296,0.7333333333333333,-0.3962962962962963,0.2733333333333334,0.0
5981024,1.4552933177933178,0.4666666666666666,-0.4552933177933178,1.3733333333333333,0.0
5990299,1.3773809523809524,0.43333333333333335,-0.3773809523809524,0.12666666666666668,0.0
5990679,1.5812175881912374,0.5666666666666667,-0.12098214285714284,0.32,0.0
5999262,1.3916666666666666,0.5666666666666668,-0.3916666666666666,0.62,0.0
2375939,0.9180555555555556,0.954573711651742,0.08194444444444449,0.0,1.0
2882127,1.2617171717171718,0.5666666666666667,-0.2617171717171717,0.0,1.0
5986145,0.637826797385621,0.7333333333333334,0.3621732026143791,0.96,0.0
5986148,1.209722222222222,0.45,-0.2097222222222222,1.6,0.0
5990329,1.5874669312169312,0.5666666666666667,-0.5874669312169312,0.6333333333333333,0.0
1853076,1.461026936026936,0.5,-0.4610269360269361,0.0,1.0
2321213,1.2763888888888888,0.4666666666666666,-0.27638888888888885,0.6164469485772418,1.0
2119434,0.94484126984127,0.5,0.055158730158730164,0.0,1.0
3100740,0.7305555555555555,0.5333333333333333,0.26944444444444443,0.0,1.0
5995670,1.2710732323232323,0.5666666666666668,-0.2710732323232324,0.84,0.0
1836332,0.9001549024076728,0.5666666666666667,-0.1513698531366902,0.0,1.0
5993112,7.100551294191918,0.6999999999999998,-0.4191919191919193,1.3133333333333337,0.0
5981816,1.5845117845117844,0.6,-0.5845117845117845,1.5133333333333334,0.0
5987469,1.133872053872054,0.6,-0.1338720538720539,0.7266666666666667,0.0
5990141,4.41532939584281,0.6333333333333333,-0.12676767676767675,0.5,0.0
5992198,0.4625,0.75,0.5375,1.05,0.0
5991184,1.5216552605417877,0.6333333333333333,-0.779532967032967,0.66,0.0
5999108,0.8050562295165399,0.5,0.5114552065679521,0.5848602924760425,0.0
5989780,0.7851037851037851,0.4666666666666666,0.21489621489621488,1.3266666666666669,0.0
1665271,0.9305555555555556,0.6333333333333333,0.06944444444444438,0.0,1.0
5988793,1.100326797385621,1.3110464726791242,-0.10032679738562092,0.9333333333333332,0.0
5999246,1.3012302512302514,0.6333333333333334,-0.3012302512302512,0.9466666666666668,0.0
5998794,1.6063973063973065,0.43333333333333335,-0.6063973063973064,0.9066666666666666,0.0
2591128,0.9775793650793649,0.5,0.02242063492063491,0.0,1.0
5989209,0.9173842592592591,0.6666666666666666,0.08261574074074074,0.5399999999999999,0.0
2516895,1.5931481481481482,0.6333333333333333,-0.5931481481481481,0.0,1.0
5986549,1.0777777777777775,0.6,-0.07777777777777779,0.5733333333333334,0.0
5988340,1.0125,0.4666666666666666,-0.012499999999999992,0.7400000000000001,0.0
5998387,1.5271950271950272,0.5,-0.5271950271950272,0.44,0.0
2243274,0.9480820105820106,0.6333333333333333,0.05191798941798944,0.0,1.0
5998812,0.9536195286195288,0.5333333333333333,0.04638047138047141,1.86,0.0
5994613,0.7710858585858585,0.5333333333333333,0.22891414141414146,1.5133333333333334,0.0
1665604,1.0527777777777778,0.5666666666666667,-0.052777777777777785,0.0,1.0
2798106,1.0789562289562291,0.6333333333333333,-0.07895622895622896,0.0,1.0
5994047,0.6388991013071895,0.6999999999999998,0.3611008986928104,0.9466666666666668,0.0
5998666,1.9627594627594631,0.6333333333333333,-0.9627594627594628,0.48,0.0
5987340,1.2879731379731378,0.7000000000000001,-0.287973137973138,0.7200000000000001,0.0
5991742,1.299475986975987,0.7666666666666666,-0.2994759869759869,1.3733333333333333,0.0
1889475,1.294398148148148,0.6999999999999998,-0.2943981481481481,0.0,1.0
5982209,0.8142246642246643,0.6,0.18577533577533575,1.58,0.0
2805974,1.1464112276612275,0.6,-0.1464112276612277,0.0,1.0
3074771,0.8055555555555555,0.6666666666666666,0.1944444444444445,0.0,1.0
5995609,1.6172299922299922,0.6666666666666666,-0.6172299922299923,0.18000000000000002,0.0
5980090,1.4542929292929292,0.6000000000000001,-0.4542929292929293,2.286666666666666,0.0
3281235,0.9717757936507936,0.6666666666666666,0.028224206349206343,0.0,1.0
3143332,1.0650793650793648,0.7333333333333333,-0.06507936507936507,0.0,1.0
5981594,0.8117238562091503,0.7333333333333334,0.1882761437908497,0.9866666666666668,0.0
1913022,1.5058201058201055,0.6,-0.5058201058201058,0.0,1.0
5990221,1.274140211640212,0.6,-0.27414021164021163,0.8733333333333334,0.0
5979409,1.1130291005291004,0.5,-0.11302910052910052,0.8666666666666667,0.0
5978685,1.7855921855921857,0.4677223606126075,-0.7855921855921856,1.0733333333333337,0.0
5994873,1.4211309523809523,0.6,-0.4211309523809524,0.42,0.0
5985641,0.48978174603174607,0.5666666666666667,0.5102182539682539,1.04,0.0
5995580,1.5931944444444444,0.6666666666666666,-0.5931944444444445,0.3333333333333333,0.0
2096445,0.9756734006734008,0.6333333333333334,0.024326599326599325,0.0,1.0
5989065,1.2503968253968254,0.6333333333333333,-0.2503968253968253,0.8999999999999999,0.0
5996534,1.4689782439782442,0.6,-0.468978243978244,0.4666666666666666,0.0
5986005,1.4430114638447973,0.7333333333333334,-0.4430114638447972,1.086666666666667,0.0
3255918,1.0555555555555556,0.5666666666666667,-0.055555555555555546,0.0,1.0
5978355,0.9852843915343916,0.4666666666666666,0.014715608465608432,0.7200000000000001,0.0
5985598,0.6967592592592592,0.5333333333333333,0.3032407407407408,0.17333333333333334,0.0
5980249,1.0722222222222222,0.4666666666666666,-0.07222222222222223,0.6933333333333334,0.0
5997311,0.4388888888888889,0.6,0.561111111111111,1.0133333333333334,0.0
3046593,1.0513888888888892,0.7000000000000002,-0.051388888888888866,0.0,1.0
2845320,0.93234126984127,0.6,0.06765873015873017,0.2733555924584004,1.0
5978596,0.9175925925925926,0.6,0.08240740740740743,0.52,0.0
5987371,1.467796092796093,0.6333333333333333,-0.4677960927960928,0.2533333333333333,0.0
5998173,1.1194444444444445,0.4666666666666666,-0.11944444444444442,0.8000000000000002,0.0
5992143,1.6071733821733822,0.43333333333333335,-0.6071733821733822,0.32666666666666666,0.0
5990251,1.0633333333333332,0.6666666666666666,-0.06333333333333334,1.0911213458155269,0.0
3116131,1.0388888888888892,0.5333333333333333,-0.038888888888888896,0.0,1.0
2437822,1.0707175925925927,0.6666666666666666,-0.0707175925925926,0.0,1.0
5990139,1.2790343915343916,0.6333333333333333,-0.2790343915343915,0.4,0.0
5982310,0.9520833333333334,0.5,0.04791666666666666,1.52,0.0
3176252,0.9435185185185184,0.5666666666666667,0.0564814814814815,0.0,1.0
5998516,0.9292443667443668,0.6666666666666666,0.07075563325563324,1.2733333333333332,0.0
5995173,1.3035714285714286,0.6,-0.3035714285714285,1.1666666666666667,0.0
1769182,0.9305555555555556,0.5666666666666665,0.06944444444444448,0.0,1.0
5986094,0.6296296296296297,0.5333333333333333,0.3703703703703704,0.8266666666666667,0.0
2138527,1.210606060606061,0.75,-0.2106060606060606,0.0,1.0
5981695,0.9739379084967321,0.4666666666666666,0.026062091503267958,1.4333333333333331,0.0
5986464,1.0291666666666666,0.5333333333333333,-0.029166666666666674,0.05333333333333334,0.0
5989477,1.2852182539682542,0.6333333333333333,-0.28521825396825395,0.6466666666666666,0.0
5997426,1.3020089786756452,0.7333333333333334,-0.30200897867564536,0.17333333333333334,0.0
3070382,1.267361111111111,0.6450999514863626,-0.2673611111111111,0.0,1.0
2387713,1.1495535714285714,0.5666666666666668,-0.14955357142857142,0.0,1.0
5992929,0.7579365079365079,0.4666666666666666,0.2420634920634921,0.86,0.0
5992030,0.9697191697191696,0.5333333333333333,0.03028083028083028,1.5066666666666666,0.0
5980027,1.9310185185185187,0.6,-0.9310185185185186,0.96,0.0
2531689,1.2508241758241758,0.6,-0.2508241758241758,0.0,1.0
5985073,0.9340909090909092,0.5,0.06590909090909093,1.9666666666666668,0.0
5978231,1.6353349673202615,0.5666666666666667,-0.5124701835111037,0.8933333333333334,0.0
1718152,1.2398148148148147,0.5666666666666668,-0.2398148148148148,0.0,1.0
5999154,0.9398148148148148,0.6,0.06018518518518521,0.9066666666666666,0.0
3019882,1.0954545454545457,0.6666666666666666,-0.09545454545454546,0.0,1.0
5997374,0.8958333333333334,0.6666666666666666,0.10416666666666667,0.8266666666666667,0.0
5998961,1.276266339869281,0.5,-0.27626633986928106,0.7000000000000001,0.0
5991873,0.7695767195767197,0.6333333333333333,0.2304232804232804,1.74,0.0
5979276,1.3763888888888889,0.5499999999999999,-0.3763888888888889,0.33,0.0
5990861,0.8161706349206349,0.6,0.18382936507936504,0.7133333333333333,0.0
5978406,1.5486607142857145,0.5333333333333333,-0.5486607142857143,1.34,0.0
5989971,1.2473748473748474,0.43333333333333335,-0.24737484737484736,0.6733333333333333,0.0
5987815,0.4801346801346802,0.7333333333333334,-0.24777046664788074,0.5333333333333333,0.0
5989776,0.7751984126984127,0.5,0.2248015873015873,0.66,0.0
5996982,0.8207631257631257,0.6,0.17923687423687426,0.6866666666666666,0.0
5994832,0.6461691086691087,0.6,0.3538308913308914,0.54,0.0
5986720,1.440909090909091,0.6,-0.4409090909090909,0.86,0.0
5990885,0.937811447811448,0.5666666666666668,0.062188552188552175,1.4400000000000002,0.0
1517809,1.270612874779541,0.5333333333333333,-0.27061287477954143,0.0,1.0
3420858,1.2820741758241758,0.6333333333333333,-0.2820741758241758,0.0,1.0
5978524,1.0753703703703703,0.6999999999999998,-0.07537037037037038,0.98,0.0
5980275,1.0804713804713806,0.4528846914697877,-0.08047138047138047,0.21333333333333332,0.0
3428885,1.591005291005291,0.6,-0.5910052910052911,0.0,1.0
5978755,1.4341491841491842,0.7000000000000001,-0.4341491841491842,0.8133333333333334,0.0
5980370,1.3731481481481482,0.6,-0.3731481481481482,1.5533333333333337,0.0
5979926,0.9733164983164982,0.6,0.026683501683501698,0.64,0.0
5990485,0.525,0.7333333333333333,0.4749999999999999,1.6866666666666663,0.0
5979225,0.4912454212454213,0.43333333333333335,0.5087545787545787,0.84,0.0
2849135,1.5652777777777775,0.4792105033218728,-0.5652777777777778,0.0,1.0
3353440,1.2991402116402115,0.6666666666666666,-0.29914021164021165,0.0,1.0
2969967,1.5986111111111108,0.5333333333333333,-0.4835370099728041,0.0,1.0
5998937,0.8825396825396826,0.43333333333333335,0.11746031746031745,0.46,0.0
5980903,0.8115044677544677,0.6,0.18849553224553225,0.3733333333333333,0.0
5982654,1.862859362859363,0.4666666666666666,-0.8628593628593628,0.44,0.0
5990686,0.9635582010582012,0.6,0.03644179894179892,0.68,0.0
5983653,1.6980359147025814,0.7000000000000001,-0.6980359147025813,1.2,0.0
5996499,1.6212962962962962,0.6666666666666666,-0.6212962962962963,1.1266666666666667,0.0
5991739,1.2983821733821734,0.4666666666666666,-0.29838217338217343,0.7933333333333333,0.0
5985418,1.423148148148148,0.7333333333333334,-0.4231481481481481,0.14,0.0
5984385,1.8718724498483563,0.5345567857712427,0.03291245791245793,0.36000000000000004,0.0
5997254,1.468844118844119,0.5,-0.4688441188441188,0.36000000000000004,0.0
1807681,1.1275793650793648,0.5333333333333333,-0.1275793650793651,0.0,1.0
5989159,1.6072089947089951,0.5333333333333333,-0.6072089947089947,0.5066666666666667,0.0
5997323,1.5939814814814817,0.7333333333333334,-0.5939814814814814,1.3666666666666665,0.0
5978632,1.2083333333333333,0.5333333333333333,-0.20833333333333331,0.7400000000000001,0.0
5987743,1.1106532356532357,3.4270609282415165,-0.11065323565323563,1.3666666666666665,0.0
5993028,0.9874161589439368,0.6333333333333333,-0.11401515151515153,0.7599999999999999,0.0
2665469,16.881644936831258,0.5,0.09966931216931216,0.0,1.0
5994552,1.2180555555555557,0.5666666666666668,-0.2180555555555556,1.6,0.0
5993632,1.135049019607843,0.5666666666666668,0.12459335542213595,1.0,0.0
5986489,1.46513209013209,0.6666666666666666,-0.4651320901320901,0.68,0.0
5989659,1.2862962962962965,0.6666666666666666,-0.2862962962962963,0.21333333333333332,0.0
2764179,1.0962962962962963,0.7333333333333334,-0.09629629629629632,0.0,1.0
5989475,1.1171296296296296,0.7000000000000001,-0.11712962962962965,0.3666666666666667,0.0
5993230,1.2609126984126984,0.5333333333333333,-0.26091269841269843,0.9933333333333332,0.0
5997002,0.6228174603174603,0.6333333333333333,0.3771825396825397,0.7999999999999999,0.0
5980118,1.146886446886447,0.6666666666666666,-0.1468864468864469,0.94,0.0
5988963,1.3544444444444446,0.7333333333333333,-0.3544444444444445,0.2866666666666667,0.0
5978617,1.6204966329966328,0.8681732504486982,-0.5433932141932142,2.033333333333333,0.0
5994777,1.092087542087542,0.5333333333333333,-0.09208754208754208,0.9466666666666668,0.0
2164264,0.8555555555555556,0.5666666666666665,0.14444444444444446,0.0,1.0
5988116,0.6398828976034858,0.7333333333333333,0.3601171023965141,1.1266666666666667,0.0
5992376,1.3621031746031746,0.5,-0.3621031746031746,0.36000000000000004,0.0
2282815,1.5753968253968254,0.5933852242336227,-0.5753968253968255,0.0,1.0
5984296,0.8902777777777778,0.6333333333333334,0.10972222222222223,0.5933333333333334,0.0
3037191,1.13030303030303,0.6,-0.13030303030303034,0.0,1.0
5984105,1.6972066538072017,0.7000000000000001,-0.13333333333333333,0.54,0.0
3159695,1.2385521885521886,0.6333333333333333,-0.2385521885521885,0.0,1.0
3280657,1.3415178571428572,0.8,-0.34151785714285715,0.0,1.0
5981947,0.9643683862433864,0.5,0.035631613756613764,0.2733333333333334,0.0
5989157,0.7953869047619048,0.6666666666666666,0.20461309523809526,1.1466666666666667,0.0
5993296,0.8124915824915825,0.6666666666666666,0.1875084175084175,1.1133333333333333,0.0
5986531,1.1316368816368818,0.7666666666666666,-0.1316368816368816,0.7266666666666667,0.0
5989922,1.116666666666667,0.5666666666666665,-0.11666666666666665,0.14666666666666667,0.0
2497055,1.5726190476190476,0.47459303270178793,-1.6124100950450106,0.0,1.0
2764966,0.4786375661375661,0.7333333333333334,0.5213624338624339,0.0,1.0
5987099,1.4816176470588236,0.6000000000000001,-0.4816176470588235,1.07,0.0
5988480,1.2944444444444445,0.6333333333333333,-0.29444444444444445,0.9866666666666668,0.0
2843290,1.2842592592592592,0.6333333333333333,-0.2842592592592593,0.0,1.0
2805005,0.6433838383838383,0.6333333333333333,0.3566161616161616,0.0,1.0
5990889,1.0789682539682541,0.7999999999999999,-0.07896825396825399,0.6,0.0
5990701,1.4621017156862746,0.6333333333333333,-0.4621017156862745,0.2933333333333333,0.0
3229730,0.6376936026936026,0.5,0.36230639730639735,0.0,1.0
1773760,1.4142246642246643,0.6,-0.41422466422466425,0.0,1.0
5992849,0.7838848256392447,0.6,0.1286558739037604,0.62,0.0
1640605,1.4561507936507934,0.6333333333333333,-0.4561507936507936,0.0,1.0
5996440,0.7333333333333334,0.7333333333333334,0.26666666666666666,0.8133333333333334,0.0
5989881,1.6252995642701524,0.7000000000000001,-0.6252995642701525,1.0333333333333334,0.0
5986364,1.092087542087542,0.6666666666666666,-0.09208754208754208,0.6266666666666666,0.0
5998642,1.11010101010101,0.5,-0.11010101010101007,0.3866666666666667,0.0
1747030,1.5111111111111108,0.6666666666666666,-0.5111111111111111,0.0,1.0
5987169,1.0808531746031746,0.7333333333333334,-0.08085317460317458,0.4000000000000001,0.0
2245372,0.4467514081281928,0.43333333333333335,0.02004960317460317,0.0,1.0
5989384,1.3888888888888893,0.5,-0.3888888888888888,1.3266666666666669,0.0
5986817,0.4435422849039581,0.5666666666666665,0.21884920634920635,0.3666666666666667,0.0
5980819,1.5549217372134037,0.43333333333333335,-0.5549217372134039,0.5399999999999999,0.0
3105402,1.1773809523809524,0.6333333333333333,-0.17738095238095242,0.0,1.0
5984332,1.596978021978022,0.6333333333333334,-0.6628299011321741,1.7466666666666668,0.0
1897717,0.7999999999999999,0.6666666666666666,0.2,0.0,1.0
5984047,1.1307098765432098,0.5333333333333333,-0.1307098765432099,0.9866666666666668,0.0
5981387,1.2713804713804715,0.7333333333333334,-0.2713804713804714,1.3,0.0
5982502,0.7638888888888888,0.6333333333333334,0.2361111111111111,0.2533333333333333,0.0
3129134,0.6549297924297924,0.7333333333333334,0.3450702075702076,0.0,1.0
5981832,0.6231481481481481,0.5032731766827793,0.376851851851852,0.6933333333333334,0.0
2157448,0.7981481481481482,0.5,0.20185185185185187,0.0,1.0
1787346,0.9500915750915752,0.7000000000000001,0.0499084249084249,0.0,1.0
3034838,1.2668857439961307,0.6666666666666666,0.041304960650971716,0.0,1.0
5981429,1.637557189542484,0.5666666666666668,-0.6375571895424837,0.82,0.0
5978413,1.2810019841269842,0.5666666666666668,-0.2810019841269841,0.6266666666666666,0.0
1529359,1.6110479797979798,0.98425211613324,-0.6110479797979799,0.0,1.0
2758882,1.4833333333333334,0.5333333333333333,-0.4833333333333333,0.0,1.0
1718256,0.5555555555555555,0.6,0.4444444444444444,0.0,1.0
5994355,0.7439539368346698,0.6333333333333334,-0.07042545966399366,0.7200000000000001,0.0
5994467,1.453088578088578,0.5666666666666668,-0.4530885780885782,1.36,0.0
2150609,1.608531746031746,0.6999999999999998,-0.608531746031746,0.0,1.0
5997335,0.7952777777777778,0.6666666666666666,0.20472222222222225,1.106666666666667,0.0
5984700,1.3074278322440087,0.5666666666666667,-0.3074278322440087,1.0266666666666666,0.0
3180821,1.678021978021978,0.6,-0.6780219780219781,0.0,1.0
5979970,1.173611111111111,0.7333333333333334,-0.5427660669623734,1.5455694471138444,0.0
5997534,1.1394199346405227,0.4666666666666666,-0.13941993464052285,1.1266666666666667,0.0
5980826,1.1360805860805858,0.5666666666666667,-0.13608058608058604,0.32666666666666666,0.0
2606339,1.0604761904761906,0.5,-0.060476190476190475,0.0,1.0
5978940,1.2689814814814817,0.6000000000000001,-0.2689814814814815,1.346666666666667,0.0
1545061,1.707671957671958,0.6000000000000001,-0.7076719576719577,0.0,1.0
5994734,0.7774725274725274,0.6,0.2225274725274725,1.106666666666667,0.0
1587048,1.5825702075702075,0.6,-0.5825702075702076,0.0,1.0
1837463,1.0945767195767198,0.6333333333333333,-0.09457671957671958,0.0,1.0
1720628,0.7644444444444445,0.6333333333333333,-0.20855097495827699,0.0,1.0
2484399,0.8042152292152291,0.6666666666666666,0.1957847707847708,0.0,1.0
5978084,1.7613095238095238,0.5666666666666668,-0.7613095238095239,0.7266666666666666,0.0
1915914,1.0863756613756614,0.6333333333333333,-0.0863756613756614,0.0,1.0
5999222,0.6805555555555557,0.6666666666666666,0.3194444444444445,1.8333333333333333,0.0
5982535,1.4669642857142855,0.6,-0.4669642857142857,0.44,0.0
5994022,1.4547924297924295,0.5333333333333333,-0.4547924297924298,0.44,0.0
5978817,1.1424399674399677,0.5333333333333333,-0.14243996743996748,1.4933333333333334,0.0
5993020,1.135845635845636,0.6,-0.13584563584563586,1.0733333333333333,0.0
5997727,1.1469416842233484,0.7000000000000001,-0.4579288338240327,0.7817876946986119,0.0
5997370,1.4507936507936507,0.5,-0.4507936507936508,1.2666666666666666,0.0
2024876,1.111868686868687,0.3269261488608004,-0.1118686868686869,0.0,1.0
5990074,1.9097222222222223,0.7,-0.9097222222222222,0.73,0.0
1924944,1.4083994708994712,1.1006487591898644,-0.4083994708994709,0.0,1.0
5994059,1.411470473970474,0.6999999999999998,-0.411470473970474,0.43333333333333335,0.0
5996376,1.2699404761904762,0.6000000000000001,-0.20370449515220587,0.94,0.0
2392073,1.4488095238095238,0.5666666666666667,-0.4488095238095238,0.0,1.0
5992881,1.2638888888888888,0.6333333333333333,-0.2638888888888889,0.8866666666666667,0.0
1541192,0.9462962962962964,0.5666666666666667,0.05370370370370373,0.0,1.0
5999025,1.114812271062271,0.7333333333333334,-0.11481227106227106,1.36,0.0
2539054,1.1324459876543211,0.4666666666666666,-0.132445987654321,0.0,1.0
5994111,1.4861111111111107,0.4666666666666666,-0.4861111111111112,1.3086472948073709,0.0
5990334,1.6002525252525253,0.7666666666666666,-0.6002525252525253,0.64,0.0
5978630,1.7696296296296294,0.7666666666666666,-0.7696296296296296,0.9066666666666668,0.0
5995938,1.2107142857142856,0.7666666666666667,-0.2107142857142857,1.3866666666666667,0.0
5990087,1.3150345107596757,0.5666666666666667,-0.6267665194883739,0.01468890073115168,0.0
5993375,1.272222222222222,0.5305315286218648,-0.2722222222222222,0.7466666666666667,0.0
1827221,1.3404761904761904,0.5333333333333333,-0.34047619047619043,0.0,1.0
5992423,1.11984126984127,0.5333333333333333,-0.11984126984126983,0.86,0.0
5985283,1.5825396825396825,0.6333333333333333,-0.5825396825396826,1.0066666666666666,0.0
5997229,0.8132090132090132,0.5666666666666668,0.1867909867909868,0.7933333333333333,0.0
5981915,0.6307539682539682,0.6,0.36924603174603177,1.2866666666666668,0.0
5992627,0.9613591269841272,0.7000000000000001,0.03864087301587301,0.2466666666666667,0.0
5995210,0.7685185185185185,0.6,0.2314814814814815,1.2066666666666668,0.0
5997830,0.8005125661375662,0.6333333333333333,0.19948743386243387,0.6533333333333333,0.0
1546073,0.9571632071632072,0.5666666666666668,0.042836792836792835,0.0,1.0
5979269,1.1877777777777776,0.6,-0.18777777777777774,1.406666666666667,0.0
5993859,0.7954365079365079,0.5333333333333333,0.2045634920634921,0.5666666666666667,0.0
5995306,0.9460511982570808,0.6,0.05394880174291938,0.8266666666666667,0.0
5989822,0.6398148148148147,0.5333333333333333,0.3601851851851852,0.8733333333333334,0.0
5985154,0.984093137254902,0.4215183287192766,0.015906862745098043,0.18666666666666668,0.0
5989280,1.6015993265993265,0.6,-0.6015993265993266,1.0466666666666666,0.0
5979404,1.1426968864468865,0.5666666666666667,-0.14269688644688644,1.1333333333333333,0.0
5980459,1.2918650793650794,0.5333333333333333,-0.2918650793650794,1.58,0.0
5985183,1.0152777777777775,0.6333333333333334,-0.015277777777777796,0.43333333333333335,0.0
5992231,1.2472804972804974,0.6,-0.2472804972804973,1.3,0.0
5993086,1.6107979302832245,0.6333333333333333,-0.6107979302832245,1.6866666666666663,0.0
5999295,1.465467923280423,0.6645697156612004,-0.4654679232804233,0.5866666666666666,0.0
5981339,1.4189393939393942,0.5666666666666665,-0.4189393939393939,0.7733333333333334,0.0
5979833,1.7050925925925924,0.6333333333333333,-0.7050925925925925,0.20666666666666667,0.0
5978702,0.6013888888888889,0.6666666666666666,0.3986111111111111,0.26666666666666666,0.0
5998947,1.214814814814815,0.5333333333333333,-0.2148148148148148,0.6466666666666666,0.0
5995573,0.8472222222222223,0.5666666666666668,0.1527777777777778,1.5266666666666666,0.0
2291385,0.6527777777777778,0.6666666666666666,0.3472222222222221,0.0,1.0
5983170,1.1085858585858586,0.5333333333333333,-0.10858585858585856,0.15333333333333335,0.0
3086277,0.6296296296296297,0.6,0.3703703703703704,0.0,1.0
5981261,1.3388888888888888,0.6,-0.33888888888888885,0.5399999999999999,0.0
1679860,0.9674954674954676,0.7666666666666666,0.032504532504532516,0.0,1.0
5987827,1.421031746031746,0.5,-0.421031746031746,0.42,0.0
5987840,0.9656565656565655,0.6,0.034343434343434384,0.9066666666666666,0.0
5981381,1.272222222222222,0.5666666666666668,-0.2722222222222222,0.34,0.0
5983070,1.2883699633699637,0.5,-0.2883699633699634,0.8333333333333334,0.0
3319067,1.5251866589773162,0.5333333333333333,-0.4083333333333334,0.0,1.0
3183878,0.9663359788359788,0.6000000000000001,0.03366402116402115,0.0,1.0
5988593,1.1069444444444445,0.5666666666666668,-0.10694444444444444,1.3066666666666669,0.0
1711095,1.1363643790849671,0.5333333333333333,-0.13636437908496732,0.0,1.0
5999228,0.9628982128982128,0.5666666666666668,0.0371017871017871,0.3466666666666667,0.0
5983682,1.2593253968253968,0.5,-0.25932539682539685,1.04,0.0
5997441,0.6378720238095238,0.5333333333333333,0.36212797619047615,1.4,0.0
5998481,0.9527116402116405,0.6666666666666666,0.0472883597883598,1.4066666666666665,0.0
5986031,0.7079892901682466,0.6333333333333333,0.0888523628565276,0.13333333333333333,0.0
2675918,0.6515542328042327,0.5,0.3484457671957672,0.08651221994493576,1.0
5988848,1.0666666666666669,0.43333333333333335,-0.06666666666666668,1.846666666666667,0.0
3440460,1.0027777777777778,0.6333333333333333,-0.002777777777777768,0.0,1.0
5989813,1.3551587301587302,0.6333333333333333,-0.3551587301587302,0.1466666666666667,0.0
1782758,1.115410052910053,0.6,-0.11541005291005292,0.0,1.0
5997573,1.7488400488400488,0.7333333333333334,-0.7488400488400488,0.5333333333333333,0.0
5980263,1.5924048174048167,0.5,-0.5924048174048174,0.9266666666666667,0.0
2198595,1.3034313725490196,0.6333333333333333,-0.30343137254901964,0.0,1.0
5978280,0.9575,0.6,0.04250000000000002,0.4,0.0
1524414,1.2347222222222225,0.7333333333333334,-0.23472222222222225,0.0,1.0
5978649,0.4705723905723906,0.4666666666666666,0.5294276094276095,1.04,0.0
5978208,1.2435515873015872,0.6333333333333334,-0.2435515873015873,1.4400000000000002,0.0
5985337,1.2583333333333333,0.6333333333333333,-0.25833333333333336,0.4533333333333333,0.0
1969977,1.1470543345543345,0.7000000000000001,-0.14705433455433456,0.0,1.0
2359667,0.5801587301587302,0.7666666666666666,0.41984126984126985,0.0,1.0
5982912,1.1944444444444444,0.6,-0.1944444444444444,0.46,0.0
5980083,2.07282854542104,0.6666666666666666,0.03790749937722152,0.7999099840849162,0.0
5993062,0.9426129426129424,0.5666666666666667,0.05738705738705738,0.3666666666666667,0.0
5990963,1.5661616161616159,0.5333333333333333,-0.5661616161616162,0.6133333333333333,0.0
3383870,1.6243060496152146,0.5666666666666667,-0.26361111111111113,0.0,1.0
5978670,1.1021756021756022,0.6,-0.10217560217560212,1.3,0.0
5990947,0.9694444444444444,0.6666666666666666,0.03055555555555556,0.6933333333333334,0.0
2885730,1.0388888888888892,0.6000000000000001,-0.038888888888888896,0.0,1.0
5979824,1.2672784391534389,0.6333333333333334,-0.26727843915343913,0.11333333333333333,0.0
3098938,1.3555555555555554,0.6,-0.3555555555555556,0.0,1.0
5993633,1.5111111111111108,0.6666666666666666,-0.5111111111111112,0.4933333333333334,0.0
3373259,0.9829117063492064,0.4666666666666666,0.017088293650793656,0.0,1.0
5984042,1.0972222222222223,0.6,-0.09722222222222222,0.9733333333333332,0.0
5997523,1.785648148148148,0.5947162351394605,-0.7856481481481481,0.6933333333333334,0.0
2328436,1.7740740740740741,0.6,-0.7740740740740741,0.0,1.0
5990674,1.2944749694749695,0.6,-0.29447496947496943,0.11333333333333336,0.0
5981579,1.098989898989899,0.6333333333333333,-0.098989898989899,1.3133333333333332,0.0
5993504,1.3483333333333334,0.6666666666666666,-0.3483333333333333,0.84,0.0
2134560,1.256868686868687,0.5666666666666667,-0.2568686868686869,0.0,1.0
5995312,0.9324980574980574,0.5666666666666667,0.06750194250194247,0.4733333333333333,0.0
5978453,1.2811274509803925,0.5333333333333333,-0.28112745098039216,0.7799999999999999,0.0
5979107,1.3888888888888886,0.5133093420815332,-0.3888888888888889,1.086666666666667,0.0
5987735,1.123899248899249,0.5666666666666667,-0.1238992488992489,1.3066666666666666,0.0
5991268,1.0487433862433864,0.5333333333333333,-0.04874338624338626,1.3066666666666666,0.0
5982386,1.6159469696969695,0.5333333333333333,-0.6159469696969696,0.7066666666666667,0.0
5982053,0.6282407407407408,0.7000000000000001,0.3717592592592593,0.62,0.0
5998865,1.292999592999593,0.6,-0.292999592999593,1.086666666666667,0.0
2600211,1.1244949494949494,0.6333333333333333,-0.12449494949494948,0.0,1.0
2026324,0.782962962962963,0.7333333333333334,0.21703703703703706,0.0,1.0
3287605,1.0964285714285715,0.7333333333333334,-0.09642857142857146,0.0,1.0
5979659,1.7985866013071894,0.6,-0.7985866013071895,1.0,0.0
5989492,1.1236805555555556,0.6333333333333333,-0.12368055555555554,0.7333333333333334,0.0
5992034,1.1094246031746031,0.5,-0.10942460317460316,0.96,0.0
5986920,1.6847222222222225,0.5,-0.6847222222222222,1.2933333333333332,0.0
3404318,0.9704545454545456,0.5,0.029545454545454538,0.0,1.0
5997175,1.2684981684981689,0.6999999999999998,-0.2684981684981685,0.4866666666666666,0.0
5996831,1.116031746031746,0.7333333333333334,-0.11603174603174601,1.4333333333333336,0.0
5989911,1.0736111111111108,0.5,-0.07361111111111113,1.3266666666666664,0.0
5992044,0.6666666666666666,0.5333333333333333,0.3333333333333333,1.1133333333333335,0.0
5998540,0.7650673400673401,0.6000000000000001,0.2349326599326599,0.6333333333333333,0.0
5986461,0.9587301587301588,0.7333333333333333,0.04126984126984131,1.1266666666666667,0.0
5978965,1.2815937149270482,0.6,-0.2815937149270483,0.7600000000000001,0.0
5994855,1.4401404151404151,0.6,-0.4401404151404152,1.4266666666666667,0.0
1712276,1.5734126984126984,0.5333333333333333,-0.5734126984126985,0.0969467430764378,1.0
5978309,0.9364814814814816,0.6,0.06351851851851853,0.28,0.0
5989606,1.6216931216931216,0.5666666666666667,-0.6826559316104771,0.4466666666666667,0.0
1539261,1.0373015873015874,0.6333333333333333,-0.03730158730158728,0.0,1.0
1981721,1.0907828282828282,0.5,-0.0907828282828283,0.0,1.0
5990732,0.8277777777777778,0.7333333333333333,0.1722222222222222,1.3,0.0
5979521,1.1345707070707072,0.5666666666666668,-0.13457070707070706,1.4066666666666665,0.0
5981547,0.960257194007194,0.6333333333333333,0.18224969474969474,0.9933333333333332,0.0
5983471,1.1217171717171717,0.6666666666666666,-0.12171717171717172,0.3333333333333333,0.0
1975623,1.7845238095238096,0.6,-0.7845238095238095,0.0,1.0
5988099,0.9352272727272728,0.5666666666666668,0.06477272727272725,0.12666666666666668,0.0
5991413,1.4381874298540964,0.6333333333333333,-0.4381874298540966,0.28,0.0
3304716,5.404803969267571,0.7000000000000001,-0.09629629629629627,0.0,1.0
5997176,0.7995089786756453,0.6333333333333334,0.20049102132435465,0.5066666666666667,0.0
5980240,1.2480555555555557,0.43333333333333335,-0.2480555555555556,0.56,0.0
5985355,0.4813263125763126,0.6999999999999998,0.5186736874236874,0.5599999999999999,0.0
5996012,1.3754856254856254,0.6666666666666666,-0.3754856254856255,0.28,0.0
5990866,1.1944444444444444,0.7000000000000001,-0.19444444444444445,0.5866666666666667,0.0
1860892,0.880621693121693,0.43333333333333335,0.1193783068783069,0.0,1.0
5995660,0.9450396825396824,0.6,-0.031639994586423165,1.32,0.0
5996606,1.2,0.6666666666666666,-0.2,0.82,0.0
2170583,0.8137789987789987,0.5666666666666665,0.1862210012210012,0.0,1.0
5991810,1.6597222222222223,0.5333333333333333,-0.6597222222222222,1.4,0.0
5982110,1.2628086419753084,0.6999999999999998,-0.2628086419753086,1.413333333333333,0.0
5994151,1.0727777777777778,0.6000000000000001,-0.07277777777777779,0.9,0.0
5990181,1.119407679738562,0.6,-0.11940767973856208,0.38666666666666666,0.0
5987153,1.4071428571428573,0.5666666666666668,-0.4071428571428572,0.8066666666666666,0.0
5987862,0.7525462962962962,0.5333333333333333,0.2474537037037037,1.366666666666667,0.0
5984708,0.8805555555555555,0.5333333333333333,0.11944444444444445,0.64,0.0
2920554,0.9067460317460316,0.6333333333333333,0.09325396825396826,0.0,1.0
5992385,0.9027777777777776,0.7666666666666666,0.0972222222222222,0.6733333333333333,0.0
5982440,1.124074074074074,0.4666666666666666,-0.12407407407407407,0.6666666666666666,0.0
5984179,0.9756715506715506,0.5333333333333333,0.024328449328449332,1.28,0.0
1787400,0.4651455026455027,0.5666666666666668,0.5348544973544973,0.0,1.0
5980122,1.5317460317460316,0.7666666666666666,-0.5317460317460317,0.66,0.0
5987617,1.6104040404040407,0.6333333333333333,-0.6104040404040404,0.98,0.0
5979742,1.2674242424242423,0.6999999999999998,-0.2674242424242424,2.2963783568983147,0.0
5991320,1.1369467776142792,0.6666666666666666,-0.3052254488087746,0.2561185851272049,0.0
1689074,1.3017908017908018,0.5333333333333333,-0.3017908017908017,0.0,1.0
5980771,0.875,0.5666666666666668,0.125,0.3,0.0
5996778,1.4270833333333333,0.6333333333333334,-0.4270833333333333,1.1133333333333335,0.0
5995151,1.1193528693528696,0.7333333333333334,-0.11935286935286933,0.6266666666666667,0.0
5980724,0.9796911421911422,0.4666666666666666,0.02030885780885779,0.5533333333333333,0.0
5980338,1.378968253968254,0.6,-0.378968253968254,0.48,0.0
5994632,0.9849591503267976,0.42235758787581695,0.01504084967320261,1.0266666666666666,0.0
5996881,1.0625,0.5,-0.0625,1.06,0.0
5989711,1.2993006993006997,0.6333333333333333,-0.2993006993006993,0.42,0.0
5986993,1.1185856779171408,0.5,-0.4698665577342049,0.44,0.0
2277642,1.462082362082362,0.5,-0.4620823620823621,0.0,1.0
2506341,0.9617676767676768,0.5333333333333333,0.03823232323232323,0.0,1.0
5996888,1.935946437586475,0.7000000000000001,-0.6649444259647057,2.1511260915714074,0.0
1892888,1.074673133105437,0.5,0.0234737484737485,0.0,1.0
5989693,1.7817460317460316,0.6666666666666666,-0.7817460317460317,0.3533333333333333,0.0
5996046,1.2369444444444444,0.6333333333333334,-0.23694444444444446,1.893333333333333,0.0
5980456,1.425,0.75,-0.425,0.18,0.0
5986971,1.325,0.6499999999999999,-0.325,0.0,0.0
1556264,0.7222222222222222,0.6,0.2777777777777777,0.0,1.0
5985226,1.7372571872571871,0.6333333333333333,-0.7372571872571873,0.7466666666666667,0.0
5992359,1.307516788766789,0.7666666666666666,-0.3075167887667888,1.04,0.0
2064340,0.6239682539682541,0.6666666666666666,0.3760317460317461,0.0,1.0
2311643,0.7479831909075028,0.6333333333333333,-0.11707002848516612,0.0,1.0
5978473,1.1333333333333333,0.5666666666666668,-0.13333333333333333,0.8933333333333334,0.0
5979778,1.3027777777777778,0.5,-1.057653413217139,1.14,0.0
5985345,0.9542438271604938,0.5,0.045756172839506164,0.7066666666666667,0.0
5996054,1.4925925925925927,0.6666666666666666,-0.4925925925925926,0.16666666666666666,0.0
5994602,1.5825396825396825,0.6333333333333333,-0.5825396825396826,0.3866666666666667,0.0
5980758,1.4120370370370368,0.5333333333333333,-0.4120370370370369,1.346666666666667,0.0
1786621,1.4280864197530865,0.6333333333333333,-0.4280864197530865,0.0,1.0
5979919,1.3889991181657848,0.5333333333333333,-0.3889991181657848,0.7133333333333334,0.0
2968203,1.107844932844933,0.5,-0.31924774551757695,0.0,1.0
5986872,1.5484126984126985,0.4000000000000001,-0.5484126984126984,0.7799999999999999,0.0
5979036,1.0914224664224663,0.6333333333333333,-0.09142246642246643,0.46,0.0
5978907,1.0444444444444445,0.6333333333333333,-0.04444444444444448,1.0,0.0
5978776,1.1479166666666667,0.7333333333333334,-0.14791666666666667,0.5933333333333334,0.0
5996955,1.1888888888888889,0.5666666666666665,-0.18888888888888888,0.8066666666666668,0.0
3260314,1.4331349206349209,0.5333333333333333,-0.4331349206349207,0.0,1.0
5986078,1.0844444444444443,0.6666666666666666,-0.2936011045494314,1.5418397222222222,0.0
5986143,1.3906746031746031,0.5666666666666667,-0.3906746031746032,0.7533333333333333,0.0
5985469,1.3061410675381264,0.43333333333333335,-0.3061410675381264,0.26,0.0
2252358,1.35,0.5499999999999999,-0.35,0.0,1.0
5988133,1.4412698412698413,0.6333333333333334,-0.4412698412698413,0.4866666666666666,0.0
5983403,1.4635521885521885,0.7333333333333334,-0.4635521885521886,0.6733333333333333,0.0
5994641,0.6029780888924977,0.6999999999999998,0.35017297517297513,1.28,0.0
5994590,0.9774281274281272,0.5666666666666668,0.02257187257187258,1.36,0.0
2508337,1.5676587301587304,0.7666666666666667,-0.5676587301587301,0.0,1.0
3322877,0.9557239057239056,0.6000000000000001,0.0442760942760943,0.0,1.0
2331452,1.07,0.4666666666666666,-0.06999999999999999,0.0,1.0
5982781,1.1568181818181815,0.65,-0.15681818181818186,0.05,0.0
5994179,0.4263888888888889,0.6000000000000001,0.5736111111111111,0.5133333333333333,0.0
1654662,1.128425925925926,0.6999999999999998,-0.12842592592592592,0.0,1.0
5991531,1.6140873015873014,0.6,-0.6140873015873015,0.7066666666666667,0.0
5986568,0.9645604395604396,0.6333333333333333,0.035439560439560445,0.6266666666666667,0.0
2641236,1.4111111111111112,0.6666666666666666,-0.4111111111111112,0.0,1.0
5997395,1.2898148148148147,0.6666666666666666,-0.2898148148148148,1.08,0.0
5997560,1.7883699633699637,0.6666666666666666,-0.7883699633699633,0.8333333333333334,0.0
5981813,1.2949074074074074,0.6666666666666666,-0.2949074074074074,1.0933333333333333,0.0
5992898,0.6351190476190477,0.5333333333333333,0.3648809523809524,0.92,0.0
5985304,0.7361111111111112,0.7333333333333334,0.2638888888888889,1.1733333333333336,0.0
1602767,1.1883333333333332,0.6,-0.18833333333333327,0.0,1.0
3199299,0.9972222222222222,0.7333333333333334,-0.04684971603117627,0.0,1.0
5981321,0.7097222222222221,0.5,0.2902777777777778,2.13,0.0
1857604,1.4212457912457912,0.6999999999999998,-0.4212457912457913,0.0,1.0
5978308,0.974698912198912,0.6333333333333334,0.02530108780108779,0.8133333333333334,0.0
2751872,0.7083333333333334,0.5333333333333333,0.2916666666666667,0.0,1.0
5991089,0.9738271604938272,0.7000000000000001,0.026172839506172847,0.9466666666666668,0.0
5987715,0.9472552910052909,0.6,0.05274470899470899,1.4399999999999995,0.0
2210944,1.4311111111111108,0.5,-0.4311111111111112,0.0,1.0
5986037,1.1154817404817403,0.5666666666666667,-0.1154817404817405,0.6799999999999998,0.0
5990994,1.025,0.6333333333333334,-0.025000000000000005,1.38,0.0
5982515,0.8695767195767196,0.6666666666666666,0.1304232804232804,0.44,0.0
5984726,1.4264880952380954,0.7333333333333334,-0.4264880952380952,0.46,0.0
2041042,1.0888888888888888,0.5666666666666668,-0.08888888888888886,0.0,1.0
1696973,2.1960437889381343,0.6333333333333333,0.10557760141093472,0.0,1.0
5978912,1.1294321895424837,0.43333333333333335,-0.12943218954248367,0.8000000000000002,0.0
5981985,1.4332341269841269,0.7000000000000001,-0.4332341269841271,0.6133333333333333,0.0
1515839,1.2064814814814817,0.6,-0.2064814814814815,0.0,1.0
5994184,1.5992063492063493,0.5666666666666668,-0.5992063492063492,0.8799999999999999,0.0
5994800,1.2652116402116402,0.6000000000000001,-0.2652116402116402,0.4733333333333333,0.0
5978185,1.4228535353535354,0.6666666666666666,-0.4228535353535354,1.0200000000000002,0.0
3166648,0.7999007936507937,0.6666666666666666,0.20009920634920636,0.0,1.0
5986556,1.8877872783206655,0.6333333333333333,-0.2481481481481481,1.2,0.0
5988329,1.05,0.5333333333333333,-0.05000000000000001,0.6866666666666666,0.0
5993356,1.6192460317460318,0.6666666666666666,-0.6192460317460319,0.8933333333333334,0.0
5998585,0.7805087542772572,0.6,0.12006326903549555,0.496952678323043,0.0
5989365,0.960285547785548,0.4666666666666666,0.03971445221445221,1.2,0.0
5986997,1.1361111111111113,0.6,-0.1361111111111111,0.5133333333333333,0.0
1578999,1.477777777777778,0.6666666666666666,-0.4777777777777778,0.0,1.0
5996748,1.2748015873015872,0.7000000000000001,-0.2748015873015873,1.0533333333333337,0.0
3060605,1.6198616198616198,0.5813335763559995,-0.6198616198616199,0.0,1.0
5979487,1.1087962962962965,0.7333333333333334,-0.1087962962962963,1.2133333333333334,0.0
2979305,0.7472222222222221,0.6666666666666666,0.2527777777777778,0.0,1.0
2129575,0.9685019841269842,0.6666666666666666,0.03149801587301585,0.0,1.0
5997584,1.0314814814814814,0.6333333333333333,-0.031481481481481485,1.7466666666666668,0.0
5982854,1.3715873015873017,0.6,-0.3715873015873016,0.22,0.0
5993810,1.1197916666666667,0.45,-0.11979166666666667,2.04,0.0
5989179,0.4907142857142857,0.65,0.5092857142857143,0.46,0.0
1754581,1.0611111111111111,0.6,-0.06111111111111112,0.0,1.0
2416549,1.1363858363858363,0.6333333333333333,-0.13638583638583635,0.0,1.0
5997142,1.5641534391534393,0.5333333333333333,-0.5641534391534392,1.6133333333333333,0.0
5978135,1.2496632996632997,0.6666666666666666,-0.2496632996632996,0.8933333333333332,0.0
5990091,1.461026936026936,0.4666666666666666,-0.4610269360269361,0.68,0.0
5989064,0.8027777777777777,0.5666666666666668,0.1972222222222222,0.43333333333333335,0.0
5998820,0.7486111111111109,0.6100645684794741,0.2513888888888889,0.22666666666666666,0.0
5993307,1.2321428571428568,0.7000000000000001,-0.2321428571428571,0.7000000000000001,0.0
5992510,1.1106060606060606,0.6333333333333333,-0.1106060606060606,0.2933333333333333,0.0
1839046,1.0472222222222225,0.5666666666666667,-0.047222222222222235,0.0,1.0
1885696,1.6037698412698411,0.5333333333333333,-0.6037698412698412,0.0,1.0
5998521,1.052116402116402,0.6666666666666666,-0.052116402116402116,0.28,0.0
5982290,1.224206349206349,0.7000000000000001,-0.2242063492063492,0.07333333333333332,0.0
5991306,0.8150793650793652,0.5333333333333333,0.1849206349206349,0.3466666666666667,0.0
2877787,1.6334061771561774,0.6666666666666666,-0.6334061771561772,0.0,1.0
5985336,1.136574074074074,0.5333333333333333,-0.13657407407407407,0.7133333333333334,0.0
5984274,1.4133597883597886,0.6333333333333334,-0.4133597883597884,0.8533333333333334,0.0
5993566,1.0494444444444444,0.6,-0.049444444444444464,0.36000000000000004,0.0
5989882,1.0777777777777775,0.5,-0.07777777777777779,0.9333333333333332,0.0
1899853,1.4613492063492064,0.5333333333333333,-0.4613492063492064,0.0,1.0
5997217,1.4691724941724942,2.125753501300878,-0.4691724941724942,1.393333333333333,0.0
5986642,1.3024801587301589,0.5,-0.3024801587301587,0.3866666666666667,0.0
3211698,0.8150543900543901,0.7333333333333334,0.18494560994560996,0.0,1.0
5991415,1.1213624338624335,0.5333333333333333,-0.12136243386243385,0.9266666666666666,0.0
5982288,1.4605820105820104,0.4666666666666666,-0.4605820105820106,0.98,0.0
5994441,1.4409391534391534,0.6,-0.4409391534391534,0.4192957182172692,0.0
5996326,1.4730158730158731,1.1810769753257278,-0.473015873015873,0.18000000000000002,0.0
5997260,0.9437830687830688,0.6,0.05621693121693122,0.07333333333333332,0.0
5980911,0.9737789987789988,0.6333333333333334,0.0262210012210012,0.7400000000000001,0.0
5991375,1.4718406593406592,0.5499999999999999,-0.4718406593406593,0.02,0.0
5996605,1.5296296296296297,0.5666666666666667,-0.5296296296296296,0.84,0.0
5989014,0.7062499999999999,0.7666666666666666,0.29375,0.14666666666666667,0.0
5994426,0.8674603174603174,0.5,0.13253968253968254,1.5933333333333335,0.0
5986251,1.3002104377104378,0.6,-0.3002104377104377,0.9733333333333332,0.0
5995044,1.6076388888888893,0.6,-0.6076388888888888,0.8266666666666667,0.0
5982032,0.9208333333333334,0.55,0.07916666666666666,0.7799999999999999,0.0
5995213,1.1440628815628815,1.1356675473510898,-0.14406288156288158,1.0533333333333337,0.0
2347950,1.7280303030303028,3.4794621719354737,-0.7280303030303029,0.0,1.0
5982671,1.3031998910675382,0.5666666666666667,-0.3031998910675382,0.5666666666666668,0.0
5991271,0.8555555555555555,0.5666666666666668,0.14444444444444446,0.6266666666666667,0.0
5997389,0.8576388888888891,0.6,0.14236111111111113,0.6,0.0
3324142,1.3370931101215728,0.5666666666666667,-0.19595256064108044,0.0,1.0
5991749,1.9569816135407252,0.5666666666666665,-0.7003148791513695,0.9859334105371991,0.0
5979427,1.3773809523809524,0.6333333333333333,-0.3773809523809524,0.9066666666666668,0.0
3216752,0.7817340067340067,0.5666666666666668,0.21826599326599327,0.0,1.0
3207401,1.1221230158730158,0.5666666666666668,-0.12212301587301587,0.0,1.0
5989583,1.1409867909867908,0.7000000000000001,-0.14098679098679098,1.2533333333333332,0.0
5980340,1.2959890109890109,0.4666666666666666,-0.295989010989011,1.26,0.0
2626320,1.1319940476190478,0.7333333333333334,-0.13199404761904762,0.0,1.0
1645790,1.087037037037037,0.6666666666666666,-0.08703703703703708,0.0,1.0
5988440,1.4486772486772486,0.5333333333333333,-0.4486772486772487,0.25999999999999995,0.0
5982802,1.432142857142857,0.6333333333333333,-0.4321428571428572,1.3533333333333335,0.0
1622999,1.6292551892551892,0.6666666666666666,-0.6292551892551892,0.0,1.0
5981954,1.0833333333333333,0.5333333333333333,-1.1481211689545023,0.2933333333333334,0.0
2294092,1.15,0.55,-0.15000000000000002,0.0,1.0
5991265,1.1419940476190475,0.6,-0.14199404761904766,0.7733333333333333,0.0
2509217,1.1427117374727669,0.6666666666666666,-0.14271173747276691,0.0,1.0
5989220,0.9224747474747476,0.6666666666666666,0.07752525252525255,1.2133333333333336,0.0
5986020,0.7942460317460318,0.5333333333333333,0.20575396825396827,1.02,0.0
5996213,0.6465605589601752,0.6666666666666666,0.04435590951099599,1.4545498810827031,0.0
5983056,0.9574494949494948,0.5,0.04255050505050506,0.6066666666666667,0.0
1999317,1.7917929292929289,0.5,-0.7917929292929293,0.0,1.0
1917609,1.3978174603174605,0.6333333333333333,-0.3978174603174603,0.0,1.0
5993755,1.118097643097643,0.6,-0.1180976430976431,0.52,0.0
5984864,1.1236263736263736,0.43333333333333335,-0.12362637362637365,0.9666666666666668,0.0
5995524,0.9329836829836832,0.6,0.06701631701631701,1.2266666666666666,0.0
5991999,1.4363095238095236,0.6333333333333333,-0.4363095238095238,1.7400000000000002,0.0
5999058,0.7856481481481481,0.6333333333333334,0.21435185185185188,0.52,0.0
5990688,1.106434342468215,0.6333333333333333,-0.31942424201018743,0.4258828273995109,0.0
5978306,1.4254629629629634,0.43333333333333335,-0.4254629629629629,0.3133333333333333,0.0
5992873,0.7731481481481483,0.4035043952009768,0.22685185185185186,1.3266666666666669,0.0
5978748,1.292083842083842,0.6,-0.2920838420838421,1.2808952701966136,0.0
5987187,1.107145067178845,0.5,0.2288720538720539,1.7133333333333336,0.0
5991237,0.9347883597883596,0.5666666666666667,0.06521164021164022,0.7133333333333334,0.0
3193186,1.4416666666666669,0.6333333333333333,-0.44166666666666665,0.0,1.0
1930956,1.449189814814815,0.5333333333333333,-0.4491898148148148,0.0,1.0
5988374,1.4730260480260482,0.5333333333333333,-0.473026048026048,0.6000000000000001,0.0
5985561,1.2625763125763123,0.6999999999999998,-0.2625763125763126,0.9,0.0
5986937,0.8382207627410537,0.4000411463904456,-0.032635129132230406,1.2066811041322354,0.0
2237074,0.8222222222222223,0.5666666666666665,-12.354401569056742,0.0,1.0
1978101,1.4178321678321677,0.6999999999999998,-0.4178321678321679,0.0,1.0
5990575,1.0388888888888892,0.6,-0.038888888888888896,1.0799999999999998,0.0
1710364,1.4632381507381509,0.5666666666666668,-0.4632381507381507,0.0,1.0
2245891,1.4652625152625154,0.5333333333333333,-0.4652625152625152,0.0,1.0
5994666,1.6268518518518518,0.7000000000000001,-0.6268518518518519,1.38,0.0
5985776,0.9496632996632997,6.466756112935866,0.050336700336700346,1.2533333333333334,0.0
5987160,1.2131944444444445,0.4000000000000001,-0.21319444444444446,1.106666666666667,0.0
2873754,1.5333333333333334,0.6,-0.5333333333333333,0.0,1.0
5994167,1.4466422466422466,0.6666666666666666,-0.44664224664224667,0.6164564177149395,0.0
1961828,1.6124173280423282,0.7688518426520763,-0.6124173280423281,0.0,1.0
5984087,1.1184384657850348,0.6000000000000001,0.055753968253968236,0.24,0.0
3056866,1.1417506105006106,0.4000000000000001,-0.1417506105006105,0.0,1.0
5994202,1.957997557997558,0.5666666666666667,-0.9579975579975579,2.5000000000000004,0.0
3430100,0.7935120435120435,0.5333333333333333,0.20648795648795648,0.0,1.0
5993444,1.086825396825397,0.6,-0.08682539682539682,0.5,0.0
5995874,0.9575091575091572,0.43333333333333335,0.042490842490842486,0.19333333333333336,0.0
1822827,1.8028749028749032,0.4187310924823489,-0.8028749028749029,0.0,1.0
5990558,1.0555555555555556,0.6,-0.05555555555555556,1.88,0.0
5984973,0.9861111111111109,0.5666666666666665,0.013888888888888876,1.2933333333333332,0.0
2988672,1.0865079365079364,0.8000000000000002,-0.08650793650793649,0.0,1.0
2268052,0.6460648148148148,0.5666666666666667,0.35393518518518513,0.2350335318973763,1.0
5990736,0.956955467372134,0.7000000000000001,-0.16831502335692225,0.23333333333333334,0.0
5988891,1.0301587301587305,0.6999999999999998,-0.030158730158730163,0.7866666666666667,0.0
5994029,0.7813131313131313,0.6666666666666666,0.21868686868686868,0.28,0.0
5993707,1.4404040404040404,0.6333333333333333,-0.4404040404040404,0.9733333333333332,0.0
5978634,1.2169501803390694,0.6473778202444869,0.2529761904761905,1.02,0.0
1890224,1.9378968253968256,0.7000000000000001,-0.9378968253968254,0.0,1.0
5991169,1.3849062206633185,0.5666666666666668,-0.2570577570577571,0.56,0.0
5978110,0.9640873015873016,0.5333333333333333,0.0359126984126984,1.0466666666666666,0.0
5989646,0.9417573167573168,0.5666666666666667,0.0582426832426832,0.6733333333333333,0.0
2047165,1.1204966329966328,0.5333333333333333,-0.12049663299663302,0.0,1.0
5978919,1.1370111370111369,0.5666666666666668,-0.13701113701113699,0.6666666666666666,0.0
5992113,1.1319902319902322,0.8000000000000002,-0.131990231990232,1.0733333333333333,0.0
5992210,1.6169472502805835,0.6333333333333333,-0.6169472502805836,1.0,0.0
5985839,0.8477777777777776,0.5333333333333333,0.1522222222222222,0.68,0.0
5989190,0.9097222222222224,0.6,0.09027777777777783,1.4800000000000002,0.0
2247490,0.9251587301587302,0.6333333333333334,0.07484126984126982,0.0,1.0
5990071,0.6441269841269842,0.5333333333333333,0.35587301587301584,1.4733333333333334,0.0
5985695,1.5888888888888888,0.5666666666666668,-0.5888888888888889,0.6133333333333333,0.0
5988054,1.2597222222222222,0.5333333333333333,-0.25972222222222224,0.8333333333333334,0.0
2681010,0.4900001948384569,0.6333333333333333,0.22888908372734576,0.0,1.0
5994710,1.0611111111111111,0.6,-0.06111111111111111,0.2866666666666667,0.0
2128553,0.9555555555555556,0.6999999999999998,0.04444444444444448,0.0,1.0
5978593,0.7611111111111111,0.7333333333333334,0.2388888888888889,0.6933333333333334,0.0
5983467,0.9666666666666668,0.5,0.033333333333333326,1.8866666666666667,0.0
5988633,1.0246031746031747,0.6,-0.02460317460317461,1.3066666666666666,0.0
2195986,1.1268849206349203,0.5050954836216716,-0.12688492063492066,0.0,1.0
1774471,1.285332722832723,0.6,-0.2853327228327228,0.0,1.0
2666415,1.1095238095238094,0.6666666666666666,-0.10952380952380952,0.0,1.0
5996309,0.4444444444444444,0.5333333333333333,0.5555555555555556,0.9533333333333333,0.0
5985110,0.8156415343915344,0.5,0.1843584656084656,0.44,0.0
5997008,0.9426767676767676,0.5333333333333333,0.057323232323232325,0.7733333333333334,0.0
5990980,1.2988215488215489,0.6666666666666666,-0.6174270923390641,1.0544261395051489,0.0
5996030,0.9836706349206348,0.5333333333333333,0.016329365079365037,0.4533333333333333,0.0
2778703,1.2847222222222223,0.7333333333333334,-0.22929189997804125,0.0,1.0
2116669,1.0694444444444444,0.5333333333333333,-0.06944444444444446,0.0,1.0
1597473,0.9531415343915344,0.6333333333333334,0.046858465608465585,0.0,1.0
5992029,1.2543650793650791,0.6666666666666666,-0.2543650793650794,1.64,0.0
2815689,1.7675383249168115,0.5333333333333333,-0.0993939393939394,0.0,1.0
3156823,1.074537037037037,0.6,-0.07453703703703705,0.0,1.0
5979900,1.14253663003663,0.6666666666666666,-0.14253663003663006,0.6733333333333333,0.0
5990176,0.8888888888888891,0.5666666666666668,0.11111111111111108,2.126666666666667,0.0
5990733,0.8789682539682541,0.5,0.12103174603174605,1.1933333333333334,0.0
1585704,1.025793650793651,0.5666666666666668,-0.0257936507936508,0.0,1.0
1812681,1.9269613051496244,0.6,-0.9439560256375148,0.0,1.0
5982741,0.9212962962962964,0.7666666666666666,0.0787037037037037,0.2933333333333333,0.0
2807543,0.6218855218855218,0.7333333333333334,0.3781144781144781,0.0,1.0
2381245,0.6401785714285714,0.4936566693759599,0.35982142857142857,0.0,1.0
2122440,0.916743827160494,0.5666666666666667,0.08325617283950619,0.0,1.0
5998283,1.3828703703703704,0.43333333333333335,-0.3828703703703704,0.4066666666666667,0.0
5986042,1.5865079365079364,0.5333333333333333,-0.5865079365079365,1.86,0.0
5996447,0.7291666666666666,0.7666666666666666,0.2708333333333333,0.66,0.0
5985297,0.9788690476190476,0.6,0.021130952380952358,0.87,0.0
5997770,1.1888888888888889,0.5333333333333333,-0.18888888888888888,0.5800000000000001,0.0
5987044,1.7825231481481485,0.5,-0.7073779461279462,0.5333333333333333,0.0
2368493,1.2319444444444445,0.6333333333333334,-0.23194444444444445,0.0,1.0
5987233,0.8203224206349207,0.5333333333333333,0.17967757936507933,0.5933333333333334,0.0
5994923,0.7966269841269842,0.7666666666666666,0.20337301587301584,1.62,0.0
5991206,0.7527777777777778,0.43333333333333335,0.24722222222222226,0.7266666666666667,0.0
2347250,0.791335978835979,0.43333333333333335,0.2086640211640212,0.0,1.0
5997114,0.5583333333333332,0.403007287469986,0.44166666666666665,1.0533333333333337,0.0
5990197,1.2494949494949494,0.6999999999999998,-0.24949494949494944,0.20666666666666667,0.0
5982277,1.1096891534391535,0.5,-0.10968915343915342,1.2066666666666666,0.0
5998944,1.102818477818478,0.5333333333333333,-0.10281847781847782,0.7066666666666667,0.0
5990344,0.8533020251132378,0.5333333333333333,0.0947163904109416,0.27904419862977353,0.0
2656733,1.224206349206349,0.6,-0.2242063492063492,0.0,1.0
5978638,1.2839285714285713,0.6999999999999998,-0.2839285714285715,1.4400000000000002,0.0
5996988,1.5479166666666666,0.5333333333333333,-0.5479166666666667,0.8266666666666665,0.0
2676831,0.8202075702075703,0.6666666666666666,0.17979242979242974,0.0,1.0
5997001,1.464520202020202,0.5666666666666667,-0.46452020202020206,0.5466666666666667,0.0
5989850,0.9829639804639804,0.7666666666666666,0.01703601953601953,0.4733333333333334,0.0
2566301,1.1055426055426054,0.6,-0.10554260554260554,0.0,1.0
5980901,1.7031746031746031,0.5666666666666668,-0.7031746031746032,0.7666666666666667,0.0
2590630,1.427020202020202,0.5519488586349003,-0.4270202020202021,0.0,1.0
5996478,0.7555555555555555,0.5333333333333333,0.2444444444444445,0.7399999999999999,0.0
5995180,1.1504820261437907,0.43333333333333335,-0.15048202614379086,0.5533333333333333,0.0
5980282,1.1103174603174604,0.5666666666666668,-0.11031746031746033,0.4066666666666667,0.0
5983890,0.6482341269841271,0.6666666666666666,0.351765873015873,0.11333333333333336,0.0
5982451,0.9536210317460316,0.6,0.046378968253968256,0.24,0.0
5979064,1.2272381829386323,0.5,-0.4558913308913309,0.9666666666666668,0.0
5981905,1.6748511904761905,0.4666666666666666,-0.6748511904761904,0.8533333333333334,0.0
5978932,0.8888888888888888,0.6,0.11111111111111112,1.0333333333333332,0.0
5992869,1.0898148148148148,0.5333333333333333,-0.08981481481481479,1.4866666666666666,0.0
5982606,0.8155677655677657,0.4666666666666666,0.1844322344322344,1.9533333333333327,0.0
5993433,0.4861111111111111,0.6333333333333333,0.5138888888888888,1.7066666666666668,0.0
5991762,1.0571428571428572,0.6333333333333334,-0.057142857142857134,0.9666666666666668,0.0
5990937,0.687962962962963,0.6333333333333333,0.31203703703703706,0.5266666666666667,0.0
5986695,1.2991647241647242,0.6,-0.29916472416472417,1.1,0.0
5984810,1.1180555555555556,1.309497738029085,-0.11805555555555555,1.36,0.0
5980934,1.2963804713804714,0.6,-0.29638047138047136,0.4858816951742225,0.0
2677148,1.0876984126984126,0.6333333333333334,-0.08769841269841272,0.0,1.0
5987488,1.6409340659340659,0.6333333333333333,-0.6409340659340659,1.086666666666667,0.0
3189078,0.8893849206349206,0.5,0.11061507936507936,0.0,1.0
5996995,0.9522588522588524,0.5333333333333333,0.04774114774114772,0.4733333333333333,0.0
5995598,1.2611416361416359,0.6999999999999998,-0.26114163614163616,0.2466666666666667,0.0
5987605,1.1880555555555556,0.6,-0.18805555555555556,1.1933333333333334,0.0
5985218,0.9416666666666668,0.5333333333333333,0.05833333333333335,0.5333333333333333,0.0
5980466,0.9751984126984128,0.6333333333333333,0.024801587301587286,1.2266666666666668,0.0
5991924,1.0277777777777777,0.5,-0.027777777777777773,0.84,0.0
5988601,1.4264115514115516,0.6,-0.4264115514115514,0.64,0.0
5987401,1.4654761904761904,0.7333333333333334,-0.4654761904761904,0.9333333333333332,0.0
5989362,1.1158249158249158,0.5,-0.11582491582491584,0.9666666666666668,0.0
2170061,0.5618055555555556,0.6,-0.2625435374853438,0.0,1.0
5985965,0.9663614163614164,0.5,0.03363858363858363,0.1,0.0
2526468,1.2865575396825395,0.5666666666666668,-0.2865575396825397,0.0,1.0
5984253,0.3043355991129078,0.6000000000000001,0.40033786489248224,1.2977703319548597,0.0
5996981,1.1304671717171717,0.5,-0.13046717171717173,0.6466666666666667,0.0
5982257,1.0834595959595958,0.6666666666666666,-0.083459595959596,0.9266666666666666,0.0
5983179,1.1471312830687832,0.7000000000000001,-0.14713128306878304,1.26,0.0
5993823,1.0573232323232324,0.5666666666666668,-0.057323232323232325,0.44,0.0
5997344,0.9667929292929291,0.5666666666666667,0.0332070707070707,0.9333333333333332,0.0
3306941,1.4203703703703705,0.6666666666666666,-0.4203703703703704,0.0,1.0
1517864,1.307083657083657,0.5,-0.3070836570836571,0.0,1.0
1962955,0.7898148148148149,0.5666666666666667,0.2101851851851852,0.0,1.0
1911555,1.1293223443223444,0.7666666666666666,-0.12932234432234432,0.0,1.0
5984531,1.4407407407407409,0.7000000000000001,-0.4407407407407407,0.56,0.0
5989568,1.305242374727669,0.5666666666666668,-0.30524237472766885,1.08,0.0
1759024,1.1327103758169936,0.6,-0.13271037581699344,0.0,1.0
5992615,1.4291819291819292,0.5333333333333333,-0.4291819291819292,1.2933333333333334,0.0
2051066,0.933989898989899,0.5333333333333333,0.06601010101010102,0.0,1.0
5983915,1.1083333333333334,0.5666666666666668,-0.10833333333333334,1.42,0.0
5981600,1.1297619047619047,0.6,-0.12976190476190474,0.32666666666666666,0.0
3195582,1.5120370370370366,0.6666666666666666,-0.5120370370370371,0.0,1.0
5993437,0.8082993395493395,0.5,0.19170066045066045,0.7799999999999999,0.0
5985536,1.8861111111111108,0.6333333333333333,-0.8861111111111111,0.8000000000000002,0.0
5990705,1.4661616161616162,0.5,-0.4661616161616162,0.5733333333333334,0.0
5999302,1.050595238095238,0.5,-0.0505952380952381,1.049596295427735,0.0
2444726,1.289520202020202,0.6666666666666666,-0.28952020202020196,0.0,1.0
5984998,1.4455908289241624,0.4666666666666666,-0.4455908289241623,1.64,0.0
5978660,0.9027777777777776,0.4666666666666666,0.0972222222222222,1.2666666666666666,0.0
5991019,0.6165343915343916,0.7333333333333334,0.3834656084656085,0.6,0.0
5998980,1.0921717171717171,0.9067018617054996,-0.0921717171717172,0.7266666666666667,0.0
5986026,0.5858796296296296,0.6333333333333333,0.4141203703703704,0.8733333333333334,0.0
2817983,0.9700396825396824,0.5666666666666668,0.02996031746031746,0.0,1.0
5983929,1.7468253968253968,0.6,-0.7468253968253968,0.8933333333333334,0.0
5999323,0.7477412074509694,0.5,0.009008282309366985,0.4933333333333334,0.0
5996013,1.2820707070707071,0.5333333333333333,-0.5297804941859301,0.8066666666666666,0.0
5983668,1.2541666666666669,0.6472090752611587,-0.25416666666666665,0.6533333333333333,0.0
5997207,1.2222222222222223,0.43333333333333335,-0.2222222222222222,0.18666666666666668,0.0
1977229,0.9610269360269359,0.5,0.038973063973064034,0.0,1.0
5994380,1.2666666666666666,0.5,-0.26666666666666666,0.34,0.0
2088220,1.224404761904762,0.6333333333333333,-0.2244047619047619,0.0,1.0
5988280,0.8993055555555557,0.5,0.10069444444444446,1.2666666666666666,0.0
5980646,1.5842424242424242,0.7333333333333333,-0.5842424242424243,0.10666666666666667,0.0
5979893,0.7840608465608465,0.43333333333333335,0.2159391534391534,0.96,0.0
2479550,0.9376719576719575,0.6,0.062328042328042316,0.0,1.0
5995387,0.6229938271604938,0.6,0.37700617283950616,0.34,0.0
1518318,1.1254629629629629,0.5666666666666665,-0.12546296296296294,0.0,1.0
2036761,0.8169813143681899,0.5666666666666668,0.03128306878306878,0.0,1.0
2956221,1.5798148148148148,0.6333333333333333,-0.5798148148148148,0.0,1.0
1618406,1.1097222222222225,0.6000000000000001,-0.1097222222222222,0.0,1.0
5985357,1.3521825396825395,0.6,-0.3521825396825397,0.64,0.0
5999438,1.3305555555555555,0.6333333333333333,-0.33055555555555555,0.18000000000000002,0.0
2811856,1.79869786832795,0.5666666666666668,-0.24342592592592596,0.0,1.0
5990781,1.1400925925925929,0.5,-0.1400925925925926,0.7733333333333334,0.0
5984301,0.9750068082788672,0.5,0.024993191721132884,0.6533333333333333,0.0
5994193,1.3085273692810455,0.6666666666666666,-0.3085273692810457,0.86,0.0
5997511,0.775,0.6666666666666666,0.225,0.8533333333333334,0.0
5978849,1.4240967365967367,0.6,-0.4240967365967366,1.4266666666666663,0.0
5998920,1.131999481999482,0.9834746556406228,-0.131999481999482,0.3533333333333333,0.0
2109083,0.5861111111111111,0.6333333333333333,0.4138888888888889,0.3364552166382992,1.0
5991176,1.278872053872054,0.5666666666666668,-0.2788720538720539,0.9266666666666667,0.0
2247824,0.9683501683501684,0.7333333333333334,0.031649831649831706,0.0,1.0
5989943,3.3256459462667665,0.6,0.16666666666666666,1.3866666666666667,0.0
5983941,1.3064814814814816,0.6333333333333333,-0.3064814814814815,0.7600000000000001,0.0
5999140,0.9227272727272728,0.6666666666666666,0.07727272727272727,0.5266666666666667,0.0
2233902,0.7685185185185185,0.5666666666666667,0.2314814814814815,3.1368446262416705,1.0
5987776,1.2539351851851852,0.4666666666666666,-0.01747500755711016,0.5866666666666667,0.0
5978658,1.5212962962962964,0.6333333333333334,-0.5212962962962963,0.17333333333333334,0.0
5983994,0.8070207570207569,0.5666666666666668,0.19297924297924296,0.8333333333333334,0.0
1584130,0.9617063492063492,0.5666666666666668,0.0382936507936508,0.0,1.0
5992303,0.975925925925926,0.4666666666666666,0.024074074074074064,0.5599999999999999,0.0
5978694,1.18921863031771,0.6666666666666666,-0.12155057171625425,0.4378941128168154,0.0
5980215,0.6390507640507641,0.5333333333333333,0.3609492359492359,1.2133333333333334,0.0
5978569,0.957946127946128,0.7000000000000001,0.04205387205387205,0.15333333333333335,0.0
2071015,0.8833333333333334,0.75,0.1166666666666667,0.0,1.0
3283881,0.9479497354497354,0.6666666666666666,0.05205026455026455,0.0,1.0
2937020,1.0722222222222222,0.6666666666666666,-0.07222222222222226,0.0,1.0
5984594,0.7444444444444445,0.6,0.2555555555555555,0.8333333333333334,0.0
1670880,1.1845238095238095,0.7666666666666666,-0.18452380952380956,0.0,1.0
2966260,0.4806646825396825,0.5666666666666667,0.5193353174603175,0.0,1.0
5999496,1.134375,0.4,-0.13437500000000002,0.374429957005564,0.0
2263104,1.111111111111111,0.6999999999999998,-0.11111111111111112,0.0,1.0
5995456,1.615909090909091,0.6666666666666666,-0.6159090909090909,1.633333333333333,0.0
1674885,1.1285714285714288,0.5333333333333333,-0.1285714285714286,0.0,1.0
2818141,1.0194444444444446,0.6,-0.019444444444444448,0.0,1.0
5994115,1.4628496503496506,0.8324776797576176,-0.4628496503496504,0.4,0.0
5982659,0.8912698412698413,0.5,0.10873015873015876,0.84,0.0
5978287,1.3361111111111112,0.6666666666666666,-0.3361111111111111,0.8133333333333334,0.0
5980163,1.4174999999999998,0.5666666666666667,-0.4175,0.6133333333333333,0.0
5986968,1.4527777777777775,0.6,-0.4527777777777778,0.7333333333333334,0.0
5981758,1.4664141414141414,1.080125155679424,-0.4664141414141415,0.52,0.0
5998081,1.1793650793650794,0.5333333333333333,-0.17936507936507934,0.2533333333333333,0.0
2691251,0.5902777777777778,0.6666666666666666,0.4097222222222223,0.0,1.0
5988403,1.1120573870573869,0.5333333333333333,-0.11205738705738706,0.48,0.0
5979283,0.9487433862433862,0.6666666666666666,0.051256613756613764,1.3133333333333332,0.0
5999272,0.4361111111111111,0.6666666666666666,0.5638888888888888,0.5466666666666667,0.0
1631737,0.5583333333333332,0.5333333333333333,0.44166666666666665,0.0,1.0
5990881,0.8114417989417989,0.6333333333333333,0.188558201058201,0.68,0.0
5979530,1.238341750841751,0.5333333333333333,-0.23834175084175085,0.7066666666666667,0.0
5978495,1.6268849206349203,0.5333333333333333,-0.6268849206349206,0.86,0.0
5987427,0.5833333333333334,0.7333333333333334,0.4166666666666667,0.6066666666666667,0.0
2611698,0.9551587301587302,0.4666666666666666,0.04484126984126987,0.0,1.0
5982016,1.741666666666667,0.5666666666666668,-0.7416666666666667,1.106666666666667,0.0
5992815,1.4709096459096458,0.5,-0.470909645909646,1.58,0.0
2053475,1.137067562067562,0.5666666666666667,-0.13706756206756207,0.0,1.0
2785392,0.8193833943833942,0.6798590023362691,0.1806166056166056,0.0,1.0
1697369,1.299242424242424,0.4666666666666666,-0.29924242424242425,0.0,1.0
3348424,1.0916666666666666,0.7000000000000001,-0.09166666666666667,0.0,1.0
1756414,1.1472680097680101,0.6999999999999998,-0.14726800976800974,0.0,1.0
1647562,0.6439865689865689,0.6666666666666666,0.356013431013431,0.0,1.0
5998695,1.6296364379084969,1.044934630918745,-0.6296364379084968,0.9866666666666668,0.0
5996248,0.4166666666666667,0.4666666666666666,0.5833333333333334,0.66,0.0
5996052,1.102777777777778,0.5666666666666668,-0.10277777777777776,1.951615633074936,0.0
5993405,0.8096891534391535,0.5666666666666668,0.1903108465608465,0.6133333333333333,0.0
5983386,1.2338624338624338,0.6666666666666666,-0.23386243386243386,1.5266666666666666,0.0
5993743,1.41875,0.6333333333333333,-0.41875,1.1933333333333334,0.0
5992579,0.9754945054945052,0.6,0.02450549450549455,1.2133333333333334,0.0
5980932,0.5370370370370371,0.6333333333333334,0.462962962962963,0.7200000000000001,0.0
5989253,1.1132936507936508,0.6333333333333333,-0.11329365079365082,1.0,0.0
5988721,1.4479733229733232,0.43333333333333335,-0.21033851707473555,0.6066666666666668,0.0
5981978,0.7847222222222222,0.6,0.21527777777777776,0.4133333333333333,0.0
5984769,1.4291245791245792,0.6333333333333333,-0.4291245791245792,0.14666666666666667,0.0
5983828,1.3694444444444445,0.5666666666666668,-0.3694444444444445,0.6333333333333333,0.0
2859190,1.4134310134310135,0.6,-0.4134310134310135,0.0,1.0
2410610,1.1071428571428572,0.6999999999999998,-0.10714285714285714,0.0,1.0
5978262,1.2868686868686867,0.6,-0.2868686868686869,1.1133333333333333,0.0
5994497,1.6060457516339868,0.5,-0.6060457516339869,0.6133333333333334,0.0
5998356,1.3916666666666666,0.6,-0.39166666666666666,1.0733333333333337,0.0
2275132,1.2800980392156862,0.5,-0.2800980392156863,0.0,1.0
5978682,1.6887372272043448,0.4666666666666666,-0.24305555555555555,1.98,0.0
2065052,1.3069826007326009,0.5333333333333333,-0.3069826007326007,0.0,1.0
3109995,1.277798202614379,0.6,-0.2777982026143791,0.0,1.0
5989677,1.1458333333333333,0.5,-0.14583333333333334,1.7,0.0
5986176,0.9673902486402488,0.7666666666666666,0.032609751359751346,0.7733333333333334,0.0
1670623,1.3070669934640522,0.6036045717052253,-0.3070669934640523,0.0,1.0
1554718,1.2395833333333333,0.6333333333333334,-0.2395833333333333,0.08035150677866196,1.0
5992130,0.9542929292929292,0.6666666666666666,0.04570707070707072,0.26666666666666666,0.0
5996125,1.638558201058201,0.5333333333333333,-0.638558201058201,1.4799999999999998,0.0
5980005,0.4874158249158249,0.6,0.5125841750841751,0.5133333333333333,0.0
5981047,1.1388888888888888,0.5,-0.13888888888888887,0.6133333333333333,0.0
5995273,0.9424074074074076,0.7666666666666666,-3.5749052765742517,0.7600000000000001,0.0
5990016,1.0666666666666669,0.5666666666666667,-0.06666666666666668,1.2866666666666668,0.0
2510938,0.5451388888888888,0.4000000000000001,0.4548611111111112,0.0,1.0
5985699,0.9434523809523808,0.7,0.056547619047619034,1.39,0.0
3422535,1.30016835016835,0.4000000000000001,-0.3001683501683501,0.0,1.0
5998924,1.6298331298331297,0.7000000000000001,-0.6298331298331298,1.16,0.0
3419989,1.5759920634920634,0.5666666666666668,-0.5759920634920634,0.0,1.0
5988163,0.9649183006535949,0.6,0.03508169934640523,1.2133333333333334,0.0
3332706,1.2319444444444445,0.6666666666666666,-0.2319444444444445,0.0,1.0
3148636,0.6478956228956229,0.7000000000000001,0.3521043771043771,0.0,1.0
5981003,1.1353021978021978,0.5666666666666665,-0.13530219780219774,0.6866666666666666,0.0
5997058,1.2902918069584737,0.48890903497164795,-0.2902918069584737,0.2466666666666667,0.0
5995905,0.9742775742775742,0.5333333333333333,0.02572242572242573,1.1,0.0
2920618,0.8819444444444443,0.5,0.11805555555555555,0.0,1.0
1733641,0.6749999999999999,0.6,0.325,0.0,1.0
3197998,1.2646520146520146,0.7000000000000001,-0.26465201465201466,0.0,1.0
5985202,0.7952380952380952,0.5666666666666667,0.2047619047619048,1.5666666666666664,0.0
2908834,1.4530753968253969,0.5333333333333333,-0.4530753968253968,0.0,1.0
5989160,1.297140522875817,0.7000000000000001,-0.297140522875817,1.5,0.0
5990081,0.6359483109483111,0.6333333333333334,0.364051689051689,0.52,0.0
1683604,0.9725462962962964,0.6,0.027453703703703702,0.0,1.0
5979567,1.1263299663299662,0.5333333333333333,-0.12632996632996632,1.3133333333333337,0.0
5978078,1.4460648148148147,0.4666666666666666,-0.4460648148148148,1.14,0.0
5994122,0.9539285714285716,0.7000000000000001,0.04607142857142856,1.0368645674825732,0.0
5988898,0.9452380952380952,0.6999999999999998,0.05476190476190474,0.54,0.0
5995030,0.9627645502645504,0.6333333333333333,0.03723544973544971,0.5866666666666667,0.0
1500001,0.942063492063492,0.7333333333333334,0.05793650793650795,0.0,1.0
1754013,0.9705322455322456,0.6333333333333333,0.029467754467754438,0.0,1.0
5991672,1.3058040577342052,0.6333333333333334,-0.3058040577342049,0.6,0.0
5999337,1.1833333333333331,0.5,-0.18333333333333332,0.7200000000000001,0.0
5988477,0.7425925925925926,0.5333333333333333,0.2574074074074075,1.0533333333333337,0.0
2210378,1.2828869047619047,0.6666666666666666,-0.2828869047619048,0.0,1.0
5995415,0.7728174603174603,0.5666666666666668,0.2271825396825396,1.9000000000000004,0.0
5978475,1.1394437636165575,0.43333333333333335,-0.13944376361655775,1.2666666666666666,0.0
5980142,1.3002289377289378,0.6,-0.3002289377289377,0.42,0.0
2555781,1.7917116751697009,0.5333333333333333,-0.5325396825396825,0.0,1.0
5980623,1.2441666666666666,1.013406649028204,-0.2441666666666667,1.0733333333333337,0.0
1617538,1.750671550671551,0.7333333333333334,-0.7506715506715507,0.0,1.0
5990349,1.4644781144781145,0.5,-0.4644781144781145,0.3533333333333333,0.0
2743372,1.0959110334110334,0.6666666666666666,-0.09591103341103342,0.0,1.0
2306074,1.4400462962962963,0.5,-0.44004629629629627,0.0,1.0
2372661,1.4786568986568989,0.6333333333333333,-0.4786568986568986,0.0,1.0
5997805,0.7569444444444445,0.6,0.24305555555555555,0.88,0.0
5987737,1.7939178876678878,0.5,-0.7939178876678876,0.9866666666666668,0.0
1908280,1.1286907536907538,0.7333333333333334,-0.1286907536907537,0.0,1.0
5983675,0.8027777777777777,0.7666666666666666,0.1972222222222222,0.5133333333333333,0.0
5985713,1.4226236726236727,0.5666666666666668,-0.4226236726236727,0.7999999999999999,0.0
5980401,1.1638888888888892,0.6666666666666666,-0.16388888888888886,0.48,0.0
5992088,0.8165849673202614,0.6333333333333333,0.18341503267973852,0.7533333333333333,0.0
5991381,0.6350198412698412,0.6,0.3649801587301587,0.34,0.0
5979430,1.025,0.6,-0.02499999999999998,0.62,0.0
5986457,1.756021756021756,0.6666666666666666,-0.7560217560217559,1.4,0.0
2760431,0.8833333333333333,0.6000000000000001,0.11666666666666665,0.0,1.0
5999114,1.7027777777777775,0.6000000000000001,-0.7027777777777778,0.84,0.0
5993703,0.7055555555555556,0.6333333333333333,0.29444444444444445,0.4866666666666666,0.0
5986362,0.7678451178451179,0.5666666666666667,0.2321548821548822,1.08,0.0
5983048,0.8829365079365079,0.6333333333333333,0.11706349206349208,0.32666666666666666,0.0
5984126,0.9376543209876544,0.6666666666666666,0.062345679012345674,0.18666666666666668,0.0
5980857,0.9776960784313724,0.6333333333333334,0.02230392156862745,1.086666666666667,0.0
5997557,1.2497474747474746,0.6,-0.24974747474747475,0.7799999999999999,0.0
5984195,1.5777777777777775,0.6333333333333334,-0.5777777777777778,0.3466666666666667,0.0
3221135,1.4184523809523808,0.7333333333333334,-0.41845238095238096,0.0,1.0
5988129,1.4722222222222219,0.6,-0.5162319662185394,1.64,0.0
1618072,1.2598398272335725,0.7000000000000001,-0.11034798534798536,0.0,1.0
5996378,0.8116071428571429,0.5333333333333333,0.18839285714285714,0.4266666666666667,0.0
5985582,1.5444444444444445,0.5333333333333333,-0.5444444444444444,1.893333333333333,0.0
5992090,1.4747619047619047,0.65,-0.4747619047619048,0.72,0.0
5998124,1.1948615066649408,0.7000000000000001,-0.3595059406059362,0.8666666666666667,0.0
3324244,1.6706349206349207,0.7333333333333333,-0.6706349206349206,0.0,1.0
5992752,0.6236111111111111,0.6666666666666666,0.3763888888888889,1.7933333333333332,0.0
5994013,1.1875,0.65,-0.1875,0.39,0.0
1525939,1.4694444444444443,0.5333333333333333,-0.4694444444444445,0.0,1.0
5981507,1.1013888888888892,0.6,-0.10138888888888888,0.84,0.0
2723628,0.6531565656565657,0.6,0.34684343434343434,0.0,1.0
5996762,0.9111111111111112,0.6,0.0888888888888889,1.2163349734597724,0.0
2293786,1.141870034045103,0.6,-0.2965992998433327,0.0,1.0
5994316,1.423122710622711,0.7666666666666666,-0.4231227106227107,1.086666666666667,0.0
5996759,1.0666666666666669,0.6333333333333334,-0.06666666666666665,2.32,0.0
5989695,1.1097643097643095,0.6666666666666666,-0.10976430976430976,0.16666666666666666,0.0
5994662,1.4296296296296296,0.5246035411279489,-0.4296296296296296,0.8666666666666667,0.0
2647440,1.1221340388007055,0.5333333333333333,-0.12213403880070545,0.0,1.0
5987928,1.1316182721501054,0.6333333333333334,-0.11257716049382717,0.96,0.0
5998183,0.8333333333333334,0.6333333333333333,0.16666666666666666,0.37333333333333335,0.0
2998291,1.236111111111111,0.7666666666666666,-0.23611111111111116,0.0,1.0
5990606,1.7819902319902319,0.7333333333333334,-0.7819902319902319,1.88,0.0
1735841,1.26510989010989,0.6,-0.2651098901098901,0.0,1.0
5986322,1.5444444444444445,0.5333333333333333,-0.5444444444444444,0.6,0.0
5986653,0.7944196428571427,0.6333333333333333,0.20558035714285716,1.0533333333333337,0.0
5984999,0.8527777777777779,0.7000000000000001,0.14722222222222225,0.9133333333333334,0.0
5998511,1.1268518518518518,0.6666666666666666,-0.12685185185185185,0.8999999999999999,0.0
5983071,1.614351851851852,0.6999999999999998,-0.6143518518518519,0.9533333333333336,0.0
2211772,1.101919191919192,0.7333333333333334,-0.10191919191919192,0.0,1.0
5994295,0.6337301587301587,0.6,0.3662698412698413,1.38,0.0
2204560,1.2925925925925923,0.6666666666666666,-0.29259259259259257,0.0,1.0
2363834,1.2194444444444446,0.6,-0.21944444444444444,0.0,1.0
5998513,1.4746825396825398,0.6666666666666666,-0.4746825396825397,0.14666666666666667,0.0
5995147,1.1462418300653596,0.6333333333333333,-0.14624183006535946,1.62,0.0
1822972,1.4368386243386244,0.5666666666666667,-0.4368386243386244,0.0,1.0
5999382,1.2538194444444444,0.7333333333333334,-0.25381944444444443,1.2333333333333334,0.0
2412389,1.2841639433551195,0.5666666666666668,-0.2841639433551198,0.0,1.0
5983177,1.4279761904761905,0.7000000000000001,-0.4279761904761905,1.78,0.0
5988916,0.7983630952380952,0.5,0.2016369047619048,0.5333333333333333,0.0
1703999,1.1434343434343437,0.5,-0.14343434343434344,0.0,1.0
3127615,1.1463071895424837,0.5666666666666667,-0.14630718954248365,0.0,1.0
5987355,0.9794065656565656,0.6,0.02059343434343434,0.64,0.0
5994338,0.9436177248677249,0.7333333333333334,0.05638227513227514,1.66,0.0
5979987,1.3089869281045752,0.6333333333333334,-0.3089869281045752,1.8266666666666669,0.0
2916004,1.320601851851852,0.6666666666666666,-0.32060185185185186,0.0,1.0
5992142,1.5396825396825395,0.6333333333333333,-0.5396825396825397,1.16,0.0
2639199,1.6792413709725509,0.43333333333333335,-0.7226320693778291,0.0,1.0
5999201,1.2013888888888888,0.6333333333333333,-0.20138888888888887,0.9466666666666668,0.0
5998805,0.7717592592592593,0.5666666666666668,0.22824074074074074,1.086666666666667,0.0
5978121,1.4725198412698413,0.4333333333333333,-0.4725198412698413,0.8933333333333332,0.0
5983961,1.7094794094794097,0.6,-0.7094794094794095,0.31999999999999995,0.0
5993470,1.610648148148148,0.5,-0.6106481481481482,1.0599999999999998,0.0
5986247,1.2129629629629628,0.6999999999999998,-0.21296296296296294,0.7666666666666667,0.0
3229982,1.2453968253968253,0.5333333333333333,-0.2453968253968254,0.0,1.0
2578792,1.62281746031746,0.6666666666666666,-0.6228174603174603,0.0,1.0
1827508,1.0694444444444444,0.5666666666666667,-0.06944444444444442,0.0,1.0
1589482,1.1416666666666666,0.6333333333333334,-0.1416666666666667,0.0,1.0
5997816,0.9689746732026144,0.6333333333333333,0.031025326797385618,1.0933333333333335,0.0
5978835,1.1421956188156444,0.7000000000000001,-0.61501554001554,0.6533333333333333,0.0
5981039,1.2376984126984123,0.5333333333333333,-0.2376984126984127,2.26,0.0
5993773,1.471050061050061,0.4666666666666666,-0.4710500610500611,0.16666666666666666,0.0
2560287,0.9559126984126984,0.6666666666666666,0.04408730158730162,0.0,1.0
5983201,1.3579365079365082,0.5333333333333333,-0.35793650793650794,0.64,0.0
5999031,0.9814814814814816,0.6999999999999998,0.018518518518518528,1.3266666666666669,0.0
5982768,1.2769841269841269,0.5333333333333333,-0.2769841269841269,1.413333333333333,0.0
5978529,1.9435286935286933,0.6,-0.9435286935286934,0.6066666666666667,0.0
5990952,0.7368551587301587,0.4666666666666666,0.2631448412698413,0.82,0.0
5987448,0.4555555555555556,0.5,0.5444444444444444,1.366666666666667,0.0
5997913,0.8513888888888888,0.5,0.1486111111111111,1.8200000000000005,0.0
5984792,1.0979166666666669,0.6,-0.09791666666666664,0.8933333333333332,0.0
2145019,1.1888888888888889,0.7333333333333334,-0.18888888888888888,0.0,1.0
2253810,1.2732128982128983,0.5333333333333333,-0.27321289821289824,0.0,1.0
5994644,1.13246891996892,0.7000000000000001,-0.13246891996891996,0.26,0.0
2581537,1.1397537647537648,0.6333333333333333,-0.13975376475376475,0.0,1.0
5990583,1.1357744107744108,0.6,-0.1357744107744108,1.1333333333333333,0.0
2975977,1.301984126984127,0.6333333333333334,-0.30198412698412697,0.0,1.0
5999161,1.458231209150327,1.2868724555678794,-0.4582312091503268,0.2533333333333333,0.0
2740687,1.1194638694638694,0.5666666666666668,-0.11946386946386947,0.0,1.0
3413393,0.6504563492063492,0.5333333333333333,0.34954365079365085,0.0,1.0
2367520,0.9046296296296296,0.6,0.09537037037037037,0.0,1.0
5991602,1.6271978021978022,0.5333333333333333,-0.6271978021978022,0.5,0.0
5987703,1.2943783068783068,0.4666666666666666,-0.29437830687830685,1.08,0.0
3043703,0.9726592851592852,0.6666666666666666,0.027340714840714844,0.0,1.0
5991671,1.1332722832722832,0.5149004350127534,-0.13327228327228324,1.14,0.0
1867418,1.301767676767677,0.6333333333333334,-0.3017676767676768,0.0,1.0
2667762,1.7752039627039629,0.6666666666666666,-0.7752039627039627,0.0,1.0
1513913,0.9569444444444444,0.7333333333333334,0.04305555555555555,0.0,1.0
5981652,1.276062091503268,0.4666666666666666,-0.27606209150326794,0.7200000000000001,0.0
5996448,1.1456654456654458,0.5666666666666668,-0.14566544566544568,0.9466666666666668,0.0
5988296,1.281439393939394,0.6333333333333333,-0.28143939393939393,0.68,0.0
2185845,1.3928571428571428,0.7,-0.3928571428571429,0.0,1.0
5994612,1.4405291005291003,0.6666666666666666,-0.44052910052910055,0.6266666666666666,0.0
1946685,1.2951770451770448,0.6666666666666666,-0.2951770451770452,0.0,1.0
5989387,1.2376262626262629,0.7333333333333334,-0.23762626262626266,0.8133333333333334,0.0
5990220,1.1378114478114478,0.5333333333333333,-0.1378114478114478,1.3533333333333335,0.0
5995886,1.4308302808302809,0.5666666666666667,-0.4308302808302809,1.3,0.0
1928978,1.0734126984126984,0.5333333333333333,-0.15924537402437955,0.0,1.0
5992261,1.7975252525252523,0.6000000000000001,-0.7975252525252525,1.26,0.0
5985573,1.1320707070707072,0.6,-0.13207070707070706,1.5333333333333334,0.0
5979674,0.9544566544566544,0.6666666666666666,0.045543345543345534,1.7266666666666668,0.0
5979067,0.9810561660561659,0.7333333333333334,0.018943833943833945,0.2733333333333334,0.0
5998578,1.0712121212121213,0.6333333333333333,-0.07121212121212121,0.9666666666666665,0.0
5981131,1.5955555555555554,0.6666666666666666,-0.5955555555555555,1.2333333333333334,0.0
5993046,1.2734006734006733,0.5333333333333333,-0.27340067340067337,0.7466666666666667,0.0
5987708,1.1322783389450055,0.6333333333333334,-0.31715955664824685,1.1,0.0
3008844,0.8122201872201872,0.6,0.1877798127798128,0.0,1.0
5980755,0.9533730158730158,0.6,0.046626984126984114,1.2666666666666666,0.0
5983911,1.434004884004884,0.5666666666666667,-0.434004884004884,0.7000000000000001,0.0
2694845,1.4357226107226106,0.6333333333333333,-0.4357226107226107,0.0,1.0
5988983,1.4269179894179895,0.7333333333333333,-0.4269179894179895,1.0733333333333333,0.0
5989773,0.8096801346801347,0.5666666666666667,0.19031986531986533,1.0266666666666666,0.0
5995802,1.7669312169312168,0.6666666666666666,-0.7669312169312169,0.9733333333333332,0.0
5996986,1.4555555555555555,0.5333333333333333,-0.4555555555555556,1.3533333333333333,0.0
5990231,0.9502042483660129,0.5333333333333333,0.0497957516339869,1.84,0.0
5984569,1.5788803475047193,0.6333333333333334,-0.5933201058201057,1.3,0.0
5996080,1.8996632996633,0.6666666666666666,-0.8996632996632997,0.52,0.0
5984670,1.2947222222222223,0.6,-0.2947222222222222,1.02,0.0
5985844,1.0777777777777775,0.6333333333333333,-0.07777777777777779,1.2333333333333334,0.0
5996270,1.4707730097765797,0.6666666666666666,-0.4604944764343337,1.3023784426745098,0.0
2670390,1.4652033730158731,0.5333333333333333,-0.465203373015873,0.0,1.0
5986294,0.648905723905724,0.4666666666666666,0.3510942760942761,0.4866666666666666,0.0
5979663,1.113999118165785,0.5,-0.11399911816578485,0.6066666666666667,0.0
5996143,1.2937932437932436,0.7000000000000001,-0.29379324379324384,1.1333333333333333,0.0
2541926,1.413797313797314,0.6,-0.4137973137973138,0.0,1.0
5988167,1.2555555555555555,0.5,-0.25555555555555554,0.4933333333333334,0.0
5982842,1.1805555555555556,0.5333333333333333,-0.1805555555555555,1.0266666666666666,0.0
5991470,1.353174603174603,0.7666666666666666,-0.3531746031746031,1.2,0.0
2322851,1.2347222222222225,2.3370039445170163,-0.2347222222222222,0.2822121916274711,1.0
5979874,0.5277777777777778,0.6,0.4722222222222223,1.3666666666666665,0.0
5981657,1.7762515262515262,0.6,-0.7762515262515263,1.2,0.0
3169607,0.7888888888888889,0.6333333333333334,0.21111111111111114,0.0,1.0
5983575,1.3041666666666667,0.4000000000000001,-0.30416666666666664,0.7866666666666666,0.0
5984732,1.08013468013468,0.5666666666666665,-0.08013468013468013,0.4666666666666666,0.0
5979244,1.615909090909091,0.5,-0.6159090909090909,0.7933333333333333,0.0
5989749,0.459375,0.6000000000000001,0.540625,0.14,0.0
2443893,1.0541269841269842,0.6333333333333333,-0.054126984126984135,0.0,1.0
5982260,0.8472222222222222,0.6333333333333333,0.15277777777777776,0.7466666666666667,0.0
5985838,1.5777777777777775,0.7000000000000001,-0.5777777777777778,0.3866666666666667,0.0
5979011,0.9820512820512819,0.7,0.017948717948717947,0.76,0.0
5995368,0.94941246200509,0.6666666666666666,-0.12929842845891992,0.3243442094780622,0.0
5990152,1.2530753968253967,0.5,-0.2530753968253968,1.1733333333333331,0.0
2582082,0.4877380952380953,0.55,0.5122619047619048,0.0,1.0
2832373,1.1027777777777776,0.5666666666666665,-0.10277777777777776,0.0,1.0
5982457,1.2984477124183007,0.6,-0.29844771241830065,0.5466666666666667,0.0
5995471,0.8143925518925519,0.6666666666666666,0.1856074481074481,0.5466666666666666,0.0
1572486,1.5702581369248036,0.4000000000000001,-0.5702581369248035,0.0,1.0
5989351,0.8722222222222222,0.6000000000000001,0.1277777777777778,1.18,0.0
5982649,1.0777777777777775,0.6999999999999998,-0.07777777777777778,0.7533333333333333,0.0
5992857,1.0944444444444443,0.6666666666666666,-0.09444444444444444,0.58,0.0
5984378,0.8333333333333334,0.5943055652439178,0.16666666666666666,1.2733333333333332,0.0
2003599,0.9847374847374848,0.5666666666666668,0.015262515262515262,0.0,1.0
5984671,0.4865791615791617,0.6402317833613479,0.5134208384208384,1.9466666666666663,0.0
1673168,1.791086691086691,0.5333333333333333,-0.7910866910866908,0.04076822805403783,1.0
5984273,1.439141414141414,0.6,-0.4391414141414141,0.32,0.0
5991349,0.7773148148148148,0.6333333333333333,-0.07233031636496982,0.46,0.0
5978375,1.1338217338217338,0.5,-0.13382173382173385,0.5866666666666667,0.0
5986880,0.7138888888888889,0.5666666666666667,0.2861111111111111,0.5866666666666667,0.0
5995108,0.8090235690235691,0.8000000000000002,0.19097643097643102,1.8733333333333333,0.0
5985907,1.4611721611721613,0.5,-0.4611721611721611,0.86,0.0
5981807,1.2939955106621772,0.5333333333333333,-0.2939955106621773,0.3066666666666667,0.0
5984887,1.7737103174603173,0.5666666666666668,-0.7737103174603175,0.7333333333333334,0.0
5988261,1.7643467643467643,0.6,-0.7643467643467643,0.32666666666666666,0.0
5991652,1.1406177156177155,0.6666666666666666,-0.1406177156177156,0.9228131269722636,0.0
5987421,0.9752460502460504,0.6000000000000001,0.02475394975394973,1.34,0.0
5990450,1.3132924836601307,0.6333333333333333,-0.31329248366013074,0.5333333333333333,0.0
5992560,0.9789865689865688,0.5,0.021013431013431044,0.6866666666666666,0.0
5988207,1.4334172771672773,3.473947872609968,-0.4334172771672771,0.5066666666666667,0.0
5994907,1.1026936026936027,0.4389532112394752,-0.10269360269360267,0.9866666666666668,0.0
2365473,0.7648148148148147,0.6333333333333333,0.2351851851851852,0.0,1.0
5987538,1.4083333333333334,0.7666666666666666,-0.3001697585568553,0.8666666666666667,0.0
5994362,1.2738095238095242,0.5666666666666667,-0.27380952380952384,0.2,0.0
5992131,1.0885225885225884,0.6333333333333334,-0.08852258852258854,0.9533333333333336,0.0
5982795,0.968131868131868,0.6666666666666666,0.031868131868131866,1.2866666666666666,0.0
1674956,1.4606646825396823,1.2504518922363206,-0.4606646825396825,0.0,1.0
5989033,1.4676262626262624,0.6333333333333333,-0.4676262626262626,0.46,0.0
5996809,1.5950892857142858,0.6,-0.5950892857142857,0.9133333333333334,0.0
5978215,1.4108417508417508,0.5,-0.4108417508417509,0.48,0.0
5983139,0.7888447971781304,0.5666666666666668,0.2111552028218695,0.7200000000000001,0.0
5989561,1.4562576312576312,0.5666666666666668,-0.4562576312576313,1.68,0.0
5987871,0.6444444444444444,0.5666666666666668,0.3555555555555556,0.84,0.0
5986130,2.7009478572985053,0.6999999999999998,0.07638888888888888,0.8266666666666667,0.0
1998603,1.430753968253968,0.5666666666666667,-0.4307539682539683,0.0,1.0
5994421,1.5126984126984129,0.6333333333333333,-0.5126984126984127,0.9,0.0
5985474,0.6535218253968255,0.6,0.3464781746031746,0.4066666666666667,0.0
2603561,1.4275793650793651,0.6,-0.4275793650793651,0.0,1.0
3102666,1.6708333333333334,0.6000000000000001,-0.6708333333333333,0.0,1.0
5996833,0.9764550264550264,0.4666666666666666,0.023544973544973497,0.12666666666666668,0.0
2723680,0.934175084175084,0.7333333333333334,0.06582491582491583,0.0,1.0
3256294,1.4437830687830688,0.7000000000000001,-0.4437830687830688,0.0,1.0
3389951,1.0962962962962963,0.5,-0.09629629629629627,0.0,1.0
5984471,1.2803968253968254,0.6333333333333333,-0.2803968253968254,1.5266666666666666,0.0
5978927,0.6736111111111109,0.6333333333333333,0.3263888888888889,0.3466666666666667,0.0
2975876,0.9535714285714286,0.6499999999999999,0.046428571428571465,0.0,1.0
5989353,1.1966666666666663,0.7333333333333334,-0.19666666666666668,0.28,0.0
2149553,0.8050785634118967,0.6666666666666666,0.19492143658810326,0.0,1.0
3003433,1.225297619047619,0.6,-0.22529761904761905,0.0,1.0
5996973,1.4694953194953195,0.5666666666666668,-0.4694953194953195,0.4533333333333333,0.0
5983178,0.7575396825396825,0.6666666666666666,0.24246031746031746,0.68,0.0
5996556,1.0836111111111109,0.4666666666666666,-0.08361111111111112,1.2066666666666668,0.0
2842497,0.4027777777777777,0.6999999999999998,0.5972222222222222,0.0,1.0
5993527,1.2936507936507935,0.4154347944856222,-0.2936507936507937,0.5866666666666667,0.0
5995945,1.7198611111111108,0.7333333333333334,-0.7198611111111112,0.5333333333333333,0.0
5996057,1.2592592592592593,0.6333333333333334,-0.25925925925925924,0.02666666666666667,0.0
5991655,1.3787736616851465,0.6,-0.239747146806588,2.7847196964237835,0.0
5993481,1.4198412698412701,0.6333333333333333,-0.41984126984126985,0.5599999999999999,0.0
5982253,0.9299603174603174,0.7000000000000001,-0.3821073370527253,1.8740210942649969,0.0
5989029,1.298015873015873,0.5333333333333333,-0.298015873015873,0.32,0.0
5985439,0.9651587301587302,0.43333333333333335,0.03484126984126984,0.23333333333333334,0.0
5984517,1.5969907407407409,0.7666666666666666,-0.5969907407407408,0.96,0.0
5996904,1.1269675925925926,0.6666666666666666,-0.12696759259259258,0.4533333333333333,0.0
2916598,0.624156746031746,0.6333333333333333,0.375843253968254,0.0,1.0
1998908,0.95,0.6333333333333334,0.05000000000000001,0.0,1.0
5992415,1.7867424242424244,0.5666666666666667,-0.7867424242424242,1.0333333333333334,0.0
2062003,1.20515873015873,0.5666666666666667,-0.20515873015873015,0.0,1.0
2284332,1.1914682539682542,0.6333333333333333,-0.19146825396825395,0.0,1.0
5994422,0.6888888888888888,0.6666666666666666,0.3111111111111111,0.06666666666666668,0.0
5983316,1.0754208754208754,0.6333333333333333,-0.07542087542087543,1.5666666666666669,0.0
1533776,0.5861111111111111,0.6333333333333333,0.4138888888888889,0.0,1.0
5998239,1.961701261701262,0.7333333333333334,-0.9617012617012616,0.48,0.0
5982587,1.1345568783068785,0.5666666666666668,-0.13455687830687832,1.0733333333333333,0.0
5988435,0.9861111111111109,0.5333333333333333,0.013888888888888895,2.0,0.0
1508639,1.4314814814814814,0.5333333333333333,-0.4314814814814815,0.0,1.0
2375315,0.652940577940578,0.5666666666666665,0.34705942205942203,0.0,1.0
1616902,1.7786660381906778,0.6,-0.3805555555555555,0.0,1.0
3054349,1.1425925925925926,0.6,-0.1425925925925926,0.40608424864895465,1.0
2682610,1.2996947496947495,0.5,-0.2996947496947497,0.0,1.0
1805070,0.9671398046398046,0.5666666666666667,0.032860195360195354,0.0,1.0
3200472,1.578088578088578,0.5333333333333333,-0.5780885780885782,0.0,1.0
5984834,0.9208333333333334,0.5666666666666665,0.07916666666666668,0.3466666666666667,0.0
5988937,1.1206183862433865,0.6666666666666666,-0.12061838624338625,1.72,0.0
5997836,0.7657407407407408,0.5333333333333333,0.2342592592592593,0.749468636743797,0.0
1575204,1.143940631808279,0.6333333333333333,-0.14394063180827887,0.0,1.0
5994702,1.6244047619047617,0.6666666666666666,-0.6244047619047618,1.1933333333333334,0.0
5987768,1.2111111111111108,0.5666666666666667,-0.2111111111111111,0.39333333333333337,0.0
5979827,1.2402777777777778,0.5,-0.24027777777777776,0.5733333333333334,0.0
5993124,1.121329365079365,0.6666666666666666,-0.12132936507936508,1.06,0.0
5998954,0.9722222222222224,0.6,0.027777777777777773,1.0066666666666666,0.0
5988025,1.6008169934640524,0.6999999999999998,-0.6008169934640523,1.7333333333333334,0.0
5987358,1.4266219891219891,0.4666666666666666,-0.4266219891219891,0.2533333333333333,0.0
3329577,1.7169753086419752,0.8000000000000002,-0.7169753086419753,0.0,1.0
2767337,0.8250000000000001,0.6666666666666666,0.17500000000000002,0.0,1.0
5998451,1.139484126984127,0.5666666666666668,-0.139484126984127,1.2133333333333334,0.0
5993552,1.220293884398392,0.5,-0.4978449104556941,0.7203265224774852,0.0
5984627,1.295075295075295,0.6666666666666666,-0.29507529507529506,0.8933333333333332,0.0
5984408,0.8881723985890653,0.5666666666666665,-0.09391186284597702,0.32666666666666666,0.0
5986467,1.4057239057239057,0.5666666666666668,-0.27387246084219324,1.4800000000000002,0.0
1700670,1.396825396825397,0.6,-0.3968253968253968,0.0,1.0
2509113,0.4543981481481481,0.5333333333333333,0.5456018518518518,0.0,1.0
5987793,1.2967845117845116,0.4666666666666666,-0.29678451178451176,0.62,0.0
2228575,0.7840608465608465,0.5,0.2159391534391534,0.0,1.0
5985189,0.9909492686823992,0.5,0.2611111111111111,1.1466666666666667,0.0
5979644,1.25,0.6,-0.25,1.4533333333333331,0.0
5990507,0.9425084175084174,0.5,0.057491582491582476,1.2533333333333332,0.0
5993780,1.3014652014652015,0.5333333333333333,-0.3014652014652015,0.25999999999999995,0.0
5989866,1.3873015873015877,0.5333333333333333,-0.3873015873015873,1.5133333333333334,0.0
5989314,1.1307844932844933,0.7000000000000001,-0.13078449328449324,0.3866666666666667,0.0
5978470,1.7745117845117846,0.5333333333333333,-0.7745117845117845,1.8866666666666667,0.0
5991017,1.146001221001221,0.5666666666666668,-0.146001221001221,0.05333333333333334,0.0
5989541,0.8067171717171718,0.6,0.19328282828282828,1.1133333333333333,0.0
5998839,0.7530555555555556,0.5333333333333333,0.24694444444444444,0.7999999999999999,0.0
5993514,1.300887075887076,0.6,-0.30088707588707586,0.58,0.0
5986139,1.3194444444444444,0.5,-0.3194444444444444,0.3134971088515697,0.0
5993044,1.25,0.6999999999999998,-0.25,0.86,0.0
5992048,1.4772283272283273,0.6666666666666666,-0.4772283272283273,0.4466666666666667,0.0
5978820,0.7901124338624338,0.5,0.20988756613756615,1.346666666666667,0.0
5987714,0.9303613053613056,0.5666666666666665,0.06963869463869464,0.14,0.0
2334278,0.918915343915344,0.6333333333333333,0.08108465608465608,0.0,1.0
3015141,0.9706501831501833,0.6666666666666666,0.02934981684981684,0.0,1.0
5982468,0.8916666666666666,0.5666666666666668,0.10833333333333332,0.7066666666666667,0.0
3128891,0.9430976430976432,0.5,0.0569023569023569,0.0,1.0
5982810,1.2214285714285715,0.6,-0.22142857142857145,1.0,0.0
5996484,0.8416666666666667,0.6999999999999998,0.15833333333333333,1.7733333333333334,0.0
3290128,0.5194444444444444,0.6666666666666666,0.4805555555555556,0.0,1.0
5992018,0.8156186868686869,0.6333333333333334,0.18438131313131312,1.2533333333333332,0.0
2171503,1.285131746711213,0.6,-0.11282242063492065,0.0,1.0
5998129,1.6206818181818183,0.4131048890267327,-0.6206818181818182,1.12,0.0
5997767,0.9360504990832944,0.5666666666666668,-0.15514660775316685,0.32,0.0
3416629,1.522222222222222,0.6666666666666666,-0.5222222222222223,0.0,1.0
5986163,1.1332142857142855,0.5666666666666667,-0.1332142857142857,0.9333333333333332,0.0
5995093,0.972039072039072,0.6000000000000001,0.027960927960927955,0.3,0.0
5986375,0.7857601137667555,0.6999999999999998,0.06977161689371117,1.37331903839628,0.0
5984426,1.1205357142857142,0.5333333333333333,-0.1205357142857143,0.5733333333333334,0.0
5992810,1.3175925925925924,0.5666666666666668,-0.3175925925925926,1.4666666666666668,0.0
3118343,0.9024410774410776,0.6333333333333333,0.09755892255892257,0.0,1.0
5997179,1.291170634920635,0.6666666666666666,-0.2911706349206349,1.68,0.0
2382774,0.6368006993006993,0.7000000000000001,0.3631993006993007,0.0,1.0
5987473,0.7625661375661376,0.5333333333333333,0.23743386243386244,1.2733333333333332,0.0
5982388,0.5840277777777777,0.6999999999999998,0.4159722222222222,0.20000000000000004,0.0
5990935,0.9672619047619048,0.5333333333333333,0.03273809523809525,0.21333333333333332,0.0
5982992,0.6710405227970931,0.6333333333333333,0.0369200816954102,0.4822987264259518,0.0
5979021,1.0243055555555556,0.6333333333333333,-0.024305555555555563,1.46,0.0
5989789,0.6436507936507937,0.7666666666666666,0.3563492063492064,0.7733333333333334,0.0
5984315,0.9612336601307191,0.5,0.03876633986928104,0.829485116041366,0.0
5994413,1.7325925925925925,0.6333333333333334,-0.8831435290165448,1.3,0.0
3341929,1.2561507936507936,0.7333333333333333,-0.2561507936507937,0.0,1.0
5983625,1.26,0.6666666666666666,-0.26,0.4066666666666667,0.0
3120857,0.4128727285917904,0.4666666666666666,0.5073427287581699,0.0,1.0
2885217,1.4575396825396825,0.5666666666666668,-0.4575396825396825,0.0,1.0
5987201,1.2125,0.7333333333333334,-0.2125,0.36000000000000004,0.0
5994458,1.1005291005291005,0.6,-0.10052910052910052,1.5890173234492408,0.0
3442987,0.6179232804232804,0.6333333333333333,0.3820767195767196,0.0,1.0
5993501,0.7741402116402116,0.6333333333333334,0.22585978835978834,0.4733333333333333,0.0
5984729,1.089814814814815,0.7333333333333334,-0.08981481481481482,1.5,0.0
5983927,1.4344444444444442,0.6666666666666666,-0.4344444444444444,1.5599999999999998,0.0
5998831,1.2138888888888888,0.4751535206474587,-0.2138888888888889,0.8799999999999999,0.0
5982411,1.0992618492618491,0.5333333333333333,-0.09926184926184928,0.8533333333333334,0.0
3134853,1.4240079365079363,0.5666666666666668,-0.42400793650793656,0.0,1.0
2856154,1.2800925925925926,0.6333333333333333,-0.28009259259259256,0.0,1.0
5991468,1.2388888888888892,0.6999999999999998,-0.2388888888888889,0.09333333333333334,0.0
5988235,0.4772588522588523,0.6666666666666666,0.5227411477411478,1.5199999999999998,0.0
5998742,1.9453086419753085,0.5,-0.9453086419753086,0.4,0.0
5992850,1.0854365079365078,0.6333333333333333,-0.08543650793650794,0.8266666666666667,0.0
5991238,0.9277777777777776,0.6,0.07222222222222219,0.66,0.0
5990927,1.1284595034595035,0.5,-0.1284595034595035,0.6066666666666666,0.0
5985730,1.248626373626374,0.4666666666666666,-0.24862637362637366,1.24,0.0
1684689,1.3436563349715425,0.6,-0.08708333333333332,0.0,1.0
5995694,1.4671296296296297,0.6666666666666666,-0.4671296296296296,0.4533333333333333,0.0
5994391,0.9224941724941724,0.6666666666666666,0.07750582750582748,0.7483971199247194,0.0
3073872,0.8648148148148147,0.6,0.1351851851851852,0.0,1.0
3295732,1.252777777777778,0.4666666666666666,-0.25277777777777777,0.0,1.0
5979794,1.4011111111111108,0.6333333333333334,-0.4011111111111112,0.8333333333333334,0.0
5987360,1.1156045751633987,0.5666666666666668,-0.11560457516339873,0.82,0.0
5991232,0.9733164983164984,0.6333333333333333,0.02668350168350169,0.6933333333333334,0.0
2679605,1.3065472554204902,0.4666666666666666,-0.17243420570520962,0.0,1.0
5980762,0.923905723905724,0.7666666666666666,0.07609427609427613,0.7600000000000001,0.0
5983466,1.1484126984126986,0.5666666666666668,-0.1484126984126984,0.5133333333333333,0.0
5981513,1.5450606475834243,0.6666666666666666,0.3876984126984127,0.8066666666666666,0.0
5995419,1.1276556776556774,0.4666666666666666,-0.12765567765567767,1.346666666666667,0.0
5992495,1.13983164983165,0.4666666666666666,-0.13983164983164986,0.5133333333333333,0.0
1780656,1.1023148148148147,0.4000000000000001,-0.10231481481481483,0.0,1.0
5997931,0.958366402116402,0.5333333333333333,0.04163359788359789,0.16666666666666666,0.0
5978758,0.951641414141414,0.5666666666666667,0.048358585858585865,1.2266666666666668,0.0
5985184,1.7373015873015871,0.8000000000000002,-0.7373015873015873,0.7600000000000001,0.0
5998679,1.4572390572390572,0.6666666666666666,-0.34273690649024235,0.68,0.0
5994265,1.3029003267973855,0.5,-0.3029003267973856,0.8133333333333334,0.0
5979701,0.9728327228327228,0.6666666666666666,0.027167277167277144,0.24,0.0
5978058,1.2781986531986531,0.5333333333333333,-0.2781986531986532,0.3533333333333333,0.0
5998454,1.2493265993265992,0.5333333333333333,-0.2493265993265993,0.34,0.0
5993471,1.136975986975987,0.6666666666666666,-0.13697598697598695,0.8666666666666667,0.0
5982617,0.9678205128205128,0.6,0.03217948717948721,0.19,0.0
2984297,0.5833333333333334,0.40383906742518105,0.4166666666666667,0.0,1.0
5981241,1.2454713804713804,0.6333333333333333,-0.2454713804713805,1.2933333333333332,0.0
5993218,1.4585978835978837,1.8864542889832812,-0.4585978835978836,0.6133333333333333,0.0
5987107,3.009268760789333,0.5333333333333333,0.020197395197395183,0.4133333333333333,0.0
5986633,0.9833028083028084,0.5666666666666667,0.016697191697191676,0.14666666666666667,0.0
5987289,0.8056746031746033,0.6999999999999998,0.1943253968253968,1.393333333333333,0.0
5991975,1.4652447089947092,0.6,-0.46524470899470893,1.086666666666667,0.0
5982129,1.2509920634920637,0.6333333333333333,-0.2509920634920635,1.0,0.0
5983562,1.3861111111111108,0.5333333333333333,-0.3861111111111111,0.7266666666666666,0.0
5981314,1.5570707070707073,0.6333333333333334,-0.5305728384675753,0.20666666666666667,0.0
5989454,1.6193602693602691,0.6,-0.6193602693602693,0.48,0.0
5988501,1.6113636363636363,0.5333333333333333,-0.6113636363636363,2.033333333333333,0.0
5991955,0.6564153439153441,0.6333333333333333,0.34358465608465605,0.9333333333333336,0.0
5991937,1.1535714285714285,0.6,-0.15357142857142858,0.47,0.0
5988012,0.2847222222222223,0.4049854547348081,0.7152777777777778,0.3466666666666667,0.0
5987548,0.7967171717171717,0.7333333333333334,0.2032828282828283,0.5066666666666667,0.0
3403591,1.137418300653595,0.7333333333333334,-0.13741830065359475,0.0,1.0
5992442,0.7111111111111111,0.7333333333333334,0.2888888888888889,1.4533333333333331,0.0
2559713,0.6570098039215687,0.7000000000000001,0.3429901960784313,0.0,1.0
1521133,1.084680134680135,0.5,-0.08468013468013467,0.0,1.0
3122933,1.1025462962962962,0.6333333333333333,-0.10254629629629626,0.0,1.0
5978107,1.1315656565656564,0.5,-0.13156565656565655,1.153333333333333,0.0
5994352,1.3222222222222222,0.5333333333333333,-0.12777777777777774,0.3800000000000001,0.0
2742568,1.589814814814815,0.6999999999999998,-0.5898148148148148,0.0,1.0
3255135,1.1996296296296296,0.5333333333333333,-0.1996296296296296,0.0,1.0
5983490,0.7840608465608465,0.5333333333333333,0.2159391534391535,1.086666666666667,0.0
1573243,0.9960497448902452,0.5333333333333333,-0.12892194915841407,0.0,1.0
5985203,1.3327380952380952,0.5666666666666667,-0.3327380952380952,0.88,0.0
5993428,0.7720538720538721,0.5666666666666668,0.2279461279461279,0.6666666666666666,0.0
2275264,1.5092592592592593,0.5333333333333333,-0.5092592592592592,0.0,1.0
5997315,1.2388888888888892,0.5666666666666667,-0.2388888888888889,0.43333333333333335,0.0
5990945,1.4544668294668297,0.7000000000000001,-0.4544668294668295,0.62,0.0
5981055,0.6833333333333332,0.6,-2.1912639620524827,0.5066666666666666,0.0
5991365,1.0305555555555557,0.6666666666666666,-0.03055555555555556,1.36,0.0
5980582,0.8017704517704517,0.6333333333333333,0.19822954822954825,1.2000000000000002,0.0
5986405,1.6137658637658638,0.5666666666666668,-0.6137658637658637,1.7733333333333332,0.0
2466124,0.8194932844932845,0.5333333333333333,0.1805067155067155,0.0,1.0
3249650,0.8211431100217865,0.6333333333333334,0.17885688997821347,0.0,1.0
1783302,1.4253968253968254,0.5,-0.4253968253968254,0.0,1.0
5987163,1.711028554778555,0.6,-0.7110285547785549,0.4266666666666667,0.0
5991246,1.4707589285714284,0.5666666666666667,-0.4707589285714285,1.7933333333333332,0.0
5999321,0.4027777777777777,0.6666666666666666,0.5972222222222222,0.98,0.0
5988431,0.8194444444444445,0.5666666666666667,0.1805555555555556,0.42,0.0
5984065,1.1422466422466424,0.6333333333333333,-0.1713341346153846,1.2,0.0
2244635,1.4157271241830065,0.4666666666666666,-0.4496563934871783,0.0,1.0
5987658,0.7807844932844933,0.6,0.21921550671550669,0.5533333333333333,0.0
5983435,0.7971230158730158,0.6333333333333334,0.2028769841269841,0.4266666666666667,0.0
5992496,0.4611111111111111,0.6666666666666666,0.5388888888888889,0.9066666666666668,0.0
5986977,0.8189682539682539,0.6000000000000001,0.181031746031746,0.56,0.0
5996320,1.6037698412698411,0.6333333333333334,-0.6037698412698412,0.56,0.0
5997709,1.4060185185185186,0.6666666666666666,-0.40601851851851856,0.5066666666666667,0.0
2374202,1.1064814814814814,0.6231803693105787,-0.10648148148148147,0.0,1.0
5980872,1.7370370370370372,0.5333333333333333,-0.737037037037037,0.2533333333333333,0.0
5989559,0.9530533509700176,0.7000000000000001,0.046946649029982364,0.4933333333333334,0.0
5991356,1.0976719576719576,0.6333333333333334,-0.09767195767195767,0.16666666666666666,0.0
5986030,1.1176767676767676,0.5,-0.11767676767676767,1.606666666666667,0.0
3316521,0.4842592592592592,0.6666666666666666,0.5157407407407407,0.0,1.0
5989204,1.1378663003663003,0.6666666666666666,-0.13786630036630038,0.7266666666666667,0.0
5983144,0.9596764346764348,0.6666666666666666,0.040323565323565284,0.6866666666666666,0.0
5986686,0.9535714285714286,0.357977811356585,0.0464285714285714,1.145690715466247,0.0
1730609,1.0808080808080809,0.6,-0.08080808080808079,0.0,1.0
5985840,1.4313492063492064,0.6,-0.4313492063492063,0.7866666666666666,0.0
5980183,0.5222222222222223,0.6,0.4777777777777777,0.5333333333333333,0.0
5998699,1.1379629629629628,0.6,0.07433059112009581,0.12,0.0
3083822,0.5888888888888889,0.6666666666666666,0.41111111111111104,0.0,1.0
5992921,0.8052020202020201,0.5666666666666667,0.19479797979797975,0.8133333333333335,0.0
3287016,0.9619200244200244,0.6666666666666666,0.0380799755799756,0.0,1.0
1893374,0.9793097643097642,0.6,0.020690235690235686,0.0,1.0
5985864,0.6231812169312169,0.5666666666666668,0.3768187830687831,0.6533333333333333,0.0
5984800,1.290432098765432,0.4886662221687132,-0.2904320987654321,0.44,0.0
5988444,0.9394179894179896,0.5333333333333333,0.06058201058201058,1.4400000000000002,0.0
5986639,0.6046296296296295,0.7000000000000001,0.3953703703703703,0.7399999999999999,0.0
5992610,1.4305555555555554,0.7666666666666666,-0.4305555555555556,0.7733333333333334,0.0
5993915,1.133164983164983,0.5333333333333333,-0.13316498316498315,1.6000000000000003,0.0
1877222,1.2691544566544568,0.7000000000000001,-0.26915445665445664,0.0,1.0
3024400,0.9013888888888888,0.5666666666666668,0.09861111111111114,0.0,1.0
5983135,1.1396296296296295,0.6666666666666666,-0.13962962962962966,0.7866666666666667,0.0
5983350,1.4783905228758172,0.6999999999999998,-0.478390522875817,1.22,0.0
2356755,1.0286111111111111,0.5333333333333333,-0.028611111111111125,0.0,1.0
5979980,1.268493080993081,0.6333333333333333,-0.26849308099308106,0.5866666666666667,0.0
5992126,1.4181318681318682,0.5333333333333333,-0.41813186813186815,0.88,0.0
5987478,6.874659415842942,0.5666666666666668,-0.5506715506715506,0.2733333333333334,0.0
5996928,0.4444134297750059,0.6666666666666666,0.5012775375401203,0.5353170104539217,0.0
5995527,1.2951770451770448,0.5666666666666668,-0.2951770451770452,0.21333333333333332,0.0
5982740,1.1381535947712418,0.5333333333333333,-0.13815359477124184,0.68,0.0
5989959,1.7478670634920634,0.6611721903142352,-0.7478670634920634,1.16,0.0
2530054,1.802838827838828,0.6333333333333333,-0.8028388278388278,0.0,1.0
3416034,1.4156565656565656,0.5333333333333333,-0.4156565656565657,0.3400568293862484,1.0
2510646,1.4505555555555556,0.7000000000000001,-0.4505555555555555,0.0,1.0
5995105,1.3065904139433548,0.5333333333333333,-0.3065904139433551,1.6866666666666668,0.0
5996648,1.134814814814815,0.6666666666666666,-0.13481481481481486,1.42,0.0
5985301,1.1410466269841268,0.4862436643068842,-0.14104662698412698,0.8266666666666668,0.0
5995754,0.8017845117845117,0.6333333333333333,0.1982154882154882,1.58,0.0
5995725,0.9175925925925926,0.6999999999999998,0.08240740740740743,1.24,0.0
5991532,0.977580337690632,0.6,0.022419662309368205,0.6133333333333333,0.0
3436558,1.2616722783389451,0.6333333333333333,-0.26167227833894496,0.0,1.0
2078792,1.6555775623264186,0.6666666666666666,-0.49459572994188006,0.0,1.0
2971840,0.9642857142857144,0.5666666666666667,0.03571428571428572,0.0,1.0
3036058,1.2721916971916971,0.6,-0.2721916971916972,0.0,1.0
5985908,0.9198412698412698,0.6,0.0801587301587302,0.9,0.0
5978064,1.623466117216117,0.5333333333333333,-0.6234661172161172,0.09333333333333332,0.0
5999081,0.466540404040404,0.6500000000000001,0.533459595959596,0.0,0.0
5981546,0.7817460317460317,0.6666666666666666,0.21825396825396826,0.9733333333333332,0.0
2395202,1.1160714285714286,0.5,-0.11607142857142858,0.0,1.0
2083698,1.082449494949495,0.5666666666666667,-0.08244949494949494,0.0,1.0
5991847,1.0583333333333331,0.7333333333333334,-0.05833333333333335,1.2333333333333334,0.0
5981477,1.4607744107744107,0.6728010262360624,-0.4607744107744107,1.0,0.0
5997562,1.5802579365079366,0.6666666666666666,-0.5802579365079364,1.0933333333333335,0.0
2607718,0.6505704365079366,0.6,0.34942956349206344,0.0,1.0
2037522,0.7037037037037037,0.6,0.29629629629629634,0.0,1.0
2417650,1.1015151515151511,0.6333333333333333,-0.10151515151515154,0.0,1.0
5995525,1.2807936507936508,0.5042854135935931,-0.2807936507936508,0.7000000000000001,0.0
5985530,1.08070987654321,0.5666666666666667,-0.08070987654320988,0.94,0.0
5983844,1.802838827838828,0.7333333333333334,-0.8028388278388278,1.58,0.0
2100092,0.7960648148148147,0.7000000000000001,0.2039351851851852,0.0,1.0
1573512,1.5853535353535353,0.5666666666666668,-0.5853535353535354,0.0,1.0
5978858,1.1357793209876543,0.6333333333333333,-0.13577932098765433,0.44,0.0
5990401,0.8136363636363636,0.5666666666666668,0.1863636363636364,1.5599999999999998,0.0
2972305,0.9375,0.6,0.0625,0.0,1.0
5990089,0.8048260381593715,0.43333333333333335,0.19517396184062846,0.98,0.0
5994809,1.334259259259259,0.5333333333333333,-0.3342592592592593,1.413333333333333,0.0
5992456,1.2467171717171717,0.6,-0.2467171717171717,1.3733333333333333,0.0
3209932,0.9666666666666668,0.6333333333333333,0.033333333333333326,0.0,1.0
5989255,0.5783730158730159,0.5666666666666668,0.4216269841269841,0.7000000000000001,0.0
5994011,1.28252442002442,0.7666666666666666,-0.28252442002441996,0.2,0.0
5998021,0.7880291005291005,0.6,0.21197089947089945,0.8400000000000002,0.0
5993156,0.973989898989899,0.5,0.026010101010101018,0.98,0.0
3120011,1.3333333333333333,0.6666666666666666,-0.3333333333333333,0.0,1.0
2117925,0.4861111111111111,0.6333333333333333,0.5138888888888888,0.0,1.0
5997283,0.9735119047619047,0.6,0.026488095238095217,0.42,0.0
5993136,0.9745707070707073,0.7000000000000001,0.025429292929292937,1.0733333333333333,0.0
5993054,1.43009768009768,0.5333333333333333,-0.4300976800976801,0.7200000000000001,0.0
5980674,1.1425505050505051,0.5333333333333333,-0.14255050505050507,1.0266666666666666,0.0
1895237,0.7978114478114477,0.6333333333333333,0.20218855218855214,0.0,1.0
5991193,1.1646296296296297,0.6333333333333333,-0.1646296296296296,0.7999999999999999,0.0
5992483,0.7828042328042328,0.5333333333333333,0.2171957671957672,0.6333333333333333,0.0
2913325,0.9052233533197868,0.5666666666666667,-0.16644336594984865,0.0,1.0
5993027,0.8069223985890653,0.6333333333333333,0.19307760141093475,0.6866666666666666,0.0
5988071,1.5392416225749561,0.7000000000000001,-0.5392416225749559,0.7666666666666666,0.0
5984159,1.4910052910052911,0.5,-0.4910052910052911,0.7133333333333334,0.0
5990673,0.5951388888888889,0.4016075806180292,0.4048611111111111,9.566870784964062,0.0
5989082,1.4478349673202615,0.6666666666666666,-0.4478349673202615,0.54,0.0
5988113,1.4759259259259256,0.7333333333333334,-0.4759259259259259,0.5333333333333333,0.0
5995080,2.9002946224546235,0.5,-0.924494207901666,1.8349416483935812,0.0
5988428,1.3825396825396823,0.5,-0.3825396825396825,0.6133333333333334,0.0
5994102,1.5398148148148147,5.244222963212634,-0.5398148148148149,1.04,0.0
5995043,0.956099456099456,0.6,0.0439005439005439,0.34,0.0
5990494,1.4786531395145022,0.5,-0.6394359633118529,1.167651528607948,0.0
5996417,1.8590909090909091,0.8,-0.8590909090909091,0.93,0.0
5978487,0.7569444444444443,0.7333333333333334,0.2430555555555556,1.586666666666667,0.0
5999072,1.0694444444444444,0.6333333333333334,-0.06944444444444445,1.1133333333333333,0.0
5990483,1.1261331261331262,0.5666666666666668,-0.12613312613312613,0.5466666666666667,0.0
2173287,1.0986742424242424,0.6666666666666666,-0.09867424242424244,0.0,1.0
5986612,0.7277777777777779,0.6666666666666666,0.2722222222222222,1.2133333333333332,0.0
1516743,1.2928030303030302,0.7333333333333333,-0.2928030303030303,0.0,1.0
5990475,0.7921296296296297,0.7000000000000001,0.2078703703703704,0.7199999999999999,0.0
5989307,1.397222222222222,0.6333333333333333,-0.3972222222222222,1.4733333333333334,0.0
5980938,1.5356060606060609,0.6333333333333333,-0.5356060606060606,0.7666666666666666,0.0
5980492,0.7929398148148148,0.6,0.2070601851851852,0.5666666666666668,0.0
5992118,1.1189484126984126,0.3715231639839085,-0.11894841269841268,0.8066666666666666,0.0
1799452,1.4280303030303032,0.6666666666666666,-0.42803030303030304,0.0,1.0
5998497,1.1337301587301587,0.6999999999999998,-0.1337301587301587,0.2533333333333333,0.0
5989816,1.14984477124183,0.6999999999999998,-0.14984477124183007,0.96,0.0
5993397,1.5548611111111108,0.6,-0.5548611111111111,0.68,0.0
5981597,1.3107448107448108,0.6333333333333333,-0.3107448107448107,1.3333333333333333,0.0
5982205,1.5166666666666666,0.6999999999999998,-0.5166666666666667,0.5066666666666667,0.0
5983702,1.2493265993265994,0.6666666666666666,-0.2493265993265993,0.96,0.0
5984534,0.7974969474969474,0.6,0.20250305250305248,0.28,0.0
5998092,0.6375661375661376,0.6666666666666666,0.3624338624338625,0.5599999999999999,0.0
2033482,0.6310350529100529,0.6,0.3689649470899472,0.0,1.0
5988176,1.4732128267973856,0.6333333333333334,-0.4732128267973856,0.7333333333333334,0.0
5990773,0.940467171717172,0.4000000000000001,0.05953282828282828,1.0399999999999998,0.0
5989936,1.2111111111111108,0.6999999999999998,-0.21111111111111114,1.34,0.0
5981908,1.5352777777777775,0.6999999999999998,-0.5352777777777777,0.06192,0.0
5992233,0.9444444444444444,0.5666666666666668,0.05555555555555558,0.2,0.0
5999144,0.9166666666666666,0.6333333333333333,0.08333333333333333,0.7933333333333334,0.0
5984809,1.6308415032679742,0.6333333333333333,-0.6308415032679738,1.24,0.0
1750038,1.2274410774410776,0.4333333333333333,-0.2274410774410775,0.0,1.0
2876159,1.1110139860139858,0.5,-0.11101398601398604,0.0,1.0
2739294,1.143978243978244,0.5666666666666668,-0.14397824397824402,0.0,1.0
5986728,1.311050061050061,0.6,-0.31105006105006106,0.9333333333333332,0.0
5986137,1.2472222222222222,0.5333333333333333,-0.2472222222222222,1.086666666666667,0.0
2653478,1.1055555555555554,0.7000000000000001,-0.10555555555555557,0.0,1.0
1782142,0.9793406593406594,0.4666666666666666,0.02065934065934068,0.0,1.0
5991478,1.1,0.7333333333333334,-0.1,0.12666666666666668,0.0
5991625,1.1219780219780218,0.6333333333333333,-0.121978021978022,1.9,0.0
5983869,0.885085978835979,0.5333333333333333,0.11491402116402115,1.0333333333333334,0.0
2183526,0.4083333333333333,0.6,0.5916666666666667,0.0,1.0
5983544,1.4356118204948551,0.7000000000000001,-0.5589945639601624,0.2257115928752649,0.0
2978140,0.9432043650793652,0.5666666666666667,0.05679563492063493,0.0,1.0
2028036,1.2212962962962963,0.5666666666666665,-0.22129629629629632,0.0,1.0
5979028,0.9747474747474746,0.6666666666666666,0.02525252525252523,0.32,0.0
5989594,1.4490079365079367,0.5,-0.4490079365079365,1.0,0.0
5993629,0.7964285714285714,0.5333333333333333,0.20357142857142851,0.9066666666666666,0.0
5989234,1.1416666666666666,0.6,-0.14166666666666666,1.36,0.0
5979939,0.4875152625152626,0.5333333333333333,0.5124847374847376,0.9,0.0
5985268,0.6041666666666667,5.058954708264119,0.3958333333333333,0.52,0.0
2466624,0.4824635241301909,0.6333333333333333,0.5175364758698092,0.0,1.0
5978795,0.6452228327228328,0.6666666666666666,0.3547771672771673,1.28,0.0
5985188,1.1760644964618807,0.6666666666666666,-0.6351037851037851,0.54,0.0
2835132,1.356984126984127,0.6,-0.35698412698412696,0.0,1.0
5990988,0.9522156084656084,0.43333333333333335,0.04778439153439151,1.0399999999999998,0.0
5983661,0.8402777777777777,0.6666666666666666,0.15972222222222224,0.46,0.0
5995370,1.1311616161616165,0.6333333333333334,-0.13116161616161615,0.7066666666666667,0.0
5979083,0.64884768009768,0.8000000000000002,0.3511523199023199,0.8533333333333332,0.0
5995559,1.4523148148148148,0.5333333333333333,-0.4523148148148149,1.4866666666666666,0.0
2130342,1.3043650793650794,0.5333333333333333,-0.3043650793650794,0.0,1.0
5986410,1.5254166666666666,0.6333333333333334,-0.5254166666666666,0.37333333333333335,0.0
3240885,0.9515567765567766,0.6333333333333333,0.04844322344322342,0.0,1.0
2048038,0.8680555555555555,0.6000000000000001,0.1319444444444444,0.0,1.0
3429389,1.0611111111111111,0.6,-0.06111111111111112,0.0,1.0
5985147,0.9592261904761904,0.6666666666666666,0.040773809523809525,0.9733333333333332,0.0
5988733,1.1324915824915824,0.6333333333333333,-0.13249158249158247,1.0,0.0
5983831,1.2914682539682538,0.5666666666666668,-0.29146825396825393,1.26,0.0
1963159,1.3125,0.6000000000000001,-0.3125,0.0,1.0
5991918,1.3961111111111106,0.6,-0.3961111111111112,0.5466666666666666,0.0
5998279,1.13125,0.55,-0.13125,0.15,0.0
2934113,1.300862332112332,0.5333333333333333,-0.3008623321123321,0.0,1.0
5998815,1.289382716049383,0.6333333333333333,-0.2893827160493827,0.32,0.0
5990902,1.2965229215229217,0.6000000000000001,-0.29652292152292153,1.0399999999999998,0.0
5996035,1.4594890873015869,0.4333333333333333,-0.4594890873015873,0.6466666666666666,0.0
5998760,1.2413003663003663,0.6,-0.2413003663003663,0.68,0.0
5982284,0.5731481481481482,0.5666666666666668,0.4268518518518519,0.3666666666666667,0.0
5993279,0.6376936026936026,0.4,0.36230639730639735,0.42,0.0
1505021,0.8001157407407408,0.5721924162374652,0.19988425925925926,0.0,1.0
5986864,1.0069444444444444,0.5333333333333333,-0.006944444444444421,0.7266666666666666,0.0
5991656,1.307936507936508,0.5666666666666668,-0.3079365079365079,1.8066666666666664,0.0
5978759,1.5888888888888888,0.6333333333333333,-0.5888888888888889,1.6933333333333334,0.0
5997508,1.5747354497354495,0.5,-0.5747354497354498,0.6666666666666666,0.0
2930085,1.253872053872054,0.6,-0.25387205387205386,0.0,1.0
5989698,1.4555555555555555,0.7000000000000001,-0.4555555555555556,0.7133333333333334,0.0
5981790,0.5454892403038548,0.5666666666666668,0.2369898290547457,0.3552482477022352,0.0
3338938,1.6328282828282827,0.6333333333333333,-0.6328282828282829,0.0,1.0
5998056,1.6979629629629633,0.4,-0.6979629629629629,0.26,0.0
5992891,1.587130647130647,0.6,-0.5871306471306471,0.28,0.0
1527101,0.9166666666666669,0.4,0.08333333333333333,0.0,1.0
5991110,1.4694444444444443,0.6666666666666666,-0.4694444444444444,0.15333333333333332,0.0
3213134,1.2689814814814817,0.5666666666666668,-0.2689814814814815,0.0,1.0
5984402,1.3337962962962964,0.5,-0.3337962962962963,0.7399999999999999,0.0
5984567,1.0381944444444444,0.6519013272306194,-0.03819444444444444,2.1874021920362865,0.0
5982465,0.9486111111111112,0.5666666666666667,0.051388888888888914,0.7133333333333334,0.0
5984359,0.7206349206349207,0.43333333333333335,0.2793650793650793,1.0133333333333334,0.0
5990770,0.7433333333333333,0.6333333333333333,0.25666666666666665,1.0533333333333337,0.0
5999196,1.4667443667443667,0.5,-0.4667443667443667,0.8333333333333334,0.0
2886504,1.2305555555555556,0.6666666666666666,-0.2305555555555556,0.0,1.0
3265732,1.4722222222222219,0.6333333333333333,-0.4722222222222222,0.0,1.0
5991958,0.8949239417989419,0.4,0.10507605820105817,0.5333333333333333,0.0
5995809,0.7808275058275057,0.6333333333333333,0.21917249417249413,0.9466666666666668,0.0
5986690,1.4505952380952385,0.6,-0.4505952380952381,0.3666666666666667,0.0
5996913,1.305891330891331,0.5666666666666665,-0.5167222391591875,1.0133333333333334,0.0
5989863,1.1082875457875458,0.6185421999160291,-0.1082875457875458,1.2866666666666668,0.0
5997996,1.1028439153439151,0.6,-0.10284391534391532,0.7866666666666667,0.0
5987318,1.7101587301587304,0.6666666666666666,-0.7101587301587302,0.7466666666666667,0.0
5991440,1.094246031746032,0.5666666666666667,-0.09424603174603174,0.9466666666666668,0.0
5993114,1.618900543900544,0.5333333333333333,-0.6189005439005439,0.7933333333333334,0.0
5983979,1.4713636363636362,0.45,-0.4713636363636363,1.67,0.0
2799459,0.8678323558162268,0.6333333333333333,0.09583333333333333,0.0,1.0
5995031,1.0833333333333333,0.5666666666666668,-0.08333333333333333,0.4533333333333333,0.0
1932798,0.8035984848484848,0.7666666666666666,0.19640151515151516,0.0,1.0
2170604,1.1119852369852372,0.6333333333333333,-0.11198523698523698,0.0,1.0
5992634,1.6022486772486773,0.6666666666666666,-0.6022486772486771,1.32,0.0
5988588,0.7999389499389501,0.5666666666666667,0.20006105006105004,1.653333333333333,0.0
5984005,1.45750777000777,0.6333333333333333,-0.4575077700077701,0.9333333333333332,0.0
1681930,0.9789987789987792,0.6333333333333334,0.02100122100122104,0.0,1.0
5993589,1.6794201467879286,0.5666666666666667,-0.5958078958078958,0.4533333333333333,0.0
5999122,0.7847222222222223,0.4666666666666666,0.21527777777777785,0.62,0.0
3394154,0.4702380952380952,0.7,0.5297619047619048,0.0,1.0
2024636,0.9672784391534393,0.5666666666666667,0.032721560846560825,0.0,1.0
3190681,0.9077380952380952,0.6333333333333333,0.09226190476190477,0.0,1.0
5986584,1.6244708994708994,0.5333333333333333,-0.6244708994708995,0.94,0.0
1798974,1.1383089133089133,0.5666666666666668,-0.13830891330891334,0.0,1.0
5995374,1.4760989010989012,0.45,-0.4760989010989011,0.22,0.0
2397118,1.1332112332112332,0.4666666666666666,-0.13321123321123324,0.0,1.0
5981424,1.0277777777777777,0.5,-0.027777777777777752,0.7533333333333333,0.0
5984686,0.9428724053724054,0.5333333333333333,0.057127594627594674,0.8999999999999999,0.0
2703914,1.206904761904762,0.4666666666666666,-0.20690476190476192,0.09390508478106904,1.0
5983086,0.9832380174291938,0.6666666666666666,0.0167619825708061,0.04666666666666667,0.0
5978195,1.4428410947712418,0.7000000000000001,-0.44284109477124173,1.1,0.0
5992956,0.7763209013209013,0.6000000000000001,-0.24523642187484,0.6666666666666666,0.0
5997718,1.1231869981869982,0.5666666666666667,-0.1231869981869982,1.086666666666667,0.0
5982831,1.2223324514991178,0.6666666666666666,-0.22233245149911815,1.2133333333333334,0.0
5980643,0.4723875661375661,0.4666666666666666,0.5276124338624338,1.4933333333333332,0.0
5994687,1.090277777777778,0.5666666666666665,-0.0902777777777778,0.9733333333333332,0.0
5985620,0.8055555555555555,0.5,0.19444444444444445,1.1866666666666668,0.0
5995821,1.1358585858585857,0.6666666666666666,-0.13585858585858587,0.7799999999999999,0.0
2606387,1.1209876543209876,0.4666666666666666,-0.12098765432098768,0.0,1.0
5980559,1.2254629629629628,0.7333333333333333,-0.2254629629629629,1.4400000000000002,0.0
2661252,0.4874158249158249,0.5,0.5125841750841751,0.2776755877733019,1.0
5979016,1.1666666666666667,0.5666666666666668,-0.16666666666666666,1.5533333333333337,0.0
5994789,1.9604599104599103,0.6000000000000001,-0.9604599104599104,0.8066666666666666,0.0
5982911,1.2486111111111111,0.5333333333333333,-0.2486111111111111,0.8266666666666667,0.0
2814562,1.6666666666666667,0.5012988575544406,-0.6666666666666666,0.0,1.0
5991400,1.3009259259259258,0.6666666666666666,-0.3009259259259259,0.4866666666666666,0.0
5985071,1.3888888888888893,0.6,-0.3888888888888889,0.20666666666666667,0.0
5997045,1.1259462759462762,1.4774577693322228,-0.12594627594627592,0.7400000000000001,0.0
5996239,0.8222222222222223,0.6,0.17777777777777778,1.18,0.0
5989588,0.9572802197802196,0.4000000000000001,0.04271978021978021,1.0066666666666666,0.0
5997404,1.439141414141414,0.5333333333333333,-0.4391414141414141,0.7599999999999999,0.0
5997483,0.7924436674436675,0.6666666666666666,0.20755633255633252,0.6933333333333334,0.0
2449437,1.3936507936507938,0.5666666666666665,-0.3936507936507936,0.0,1.0
5985460,1.1183455433455434,0.6333333333333333,-0.11834554334554336,0.8633479126848301,0.0
5980256,1.472420634920635,0.5333333333333333,-0.472420634920635,0.32,0.0
5982797,1.1104312354312351,0.6999999999999998,-0.29799552371705257,0.4933333333333334,0.0
3389527,1.1351010101010102,0.5333333333333333,-0.13510101010101014,0.0,1.0
5985064,0.7374999999999999,0.6666666666666666,0.2625,1.346666666666667,0.0
5988038,1.7372571872571871,0.5333333333333333,-0.7372571872571873,1.5200000000000002,0.0
5978840,1.3222222222222222,0.5666666666666667,-0.32222222222222224,0.96,0.0
5981971,0.8067199775533108,0.5666666666666667,0.19328002244668907,0.7200000000000001,0.0
2303889,1.2820767195767198,0.6,-0.2820767195767196,0.0,1.0
5993116,1.2518129887031038,0.5,-0.2861182563979076,2.0457861744404764,0.0
5978545,1.2901571268237937,0.6333333333333333,-0.2901571268237935,0.9778618568050969,0.0
5981154,0.9664241622574956,0.6000000000000001,0.033575837742504416,1.5066666666666666,0.0
5992432,1.1443452380952381,0.6000000000000001,-0.1443452380952381,1.0399999999999998,0.0
2300960,1.125,0.4333333333333333,-0.125,0.0,1.0
5983060,1.452930402930403,0.5666666666666667,-0.4529304029304029,0.84,0.0
5997234,1.0973324514991178,4.275646835500932,-0.09733245149911818,1.6133333333333333,0.0
5985966,1.7230158730158731,1.0218914666032153,-0.7230158730158731,2.22,0.0
5988669,1.2845279720279719,0.5333333333333333,-0.28452797202797203,0.6733333333333333,0.0
3388294,1.3841269841269843,0.6,-0.3841269841269841,0.0,1.0
5993620,1.4667277167277168,0.5,-0.4667277167277167,0.44,0.0
1531975,1.2595238095238095,0.5,-0.25952380952380955,0.0,1.0
5987758,1.0135582010582012,0.6666666666666666,-0.013558201058201066,1.0533333333333337,0.0
5982770,1.173611111111111,0.5333333333333333,-0.17361111111111113,0.22,0.0
5988016,1.6367826617826615,0.632757893277215,-0.6367826617826617,0.32,0.0
5996595,1.2935185185185183,0.6,-0.29351851851851857,0.7399999999999999,0.0
1974900,1.0666666666666669,0.6,-0.06666666666666668,0.4108947181670721,1.0
5993692,0.8068121693121694,0.7000000000000001,0.19318783068783066,0.08666666666666667,0.0
5980896,1.0082010582010579,0.6333333333333333,-0.00820105820105819,0.48,0.0
5991891,1.7560411810411811,0.6,-0.7560411810411809,0.16666666666666666,0.0
2558511,1.5770190084237072,0.6333333333333333,-0.7877747252747254,0.0,1.0
5992498,1.3970899470899472,0.6666666666666666,-0.3970899470899472,0.5933333333333334,0.0
5987357,0.6325396825396825,0.6,0.3674603174603175,1.0133333333333334,0.0
5987999,0.6427423747276689,0.6666666666666666,0.3572576252723311,2.08,0.0
2680899,0.4809193121693121,0.5666666666666668,0.5190806878306877,0.0,1.0
5985004,1.0513888888888892,0.6333333333333333,-0.051388888888888894,0.6333333333333334,0.0
5983189,0.8128787878787879,0.5666666666666667,0.18712121212121213,1.1933333333333331,0.0
5987624,1.5574980574980577,0.6999999999999998,-0.5574980574980575,1.88,0.0
5996398,0.9611111111111112,0.5,0.03888888888888888,0.5466666666666667,0.0
5980752,1.0027777777777778,0.6,-0.002777777777777796,1.086666666666667,0.0
5998444,1.3036907679738563,0.6,-0.3036907679738562,1.24,0.0
2704508,1.1308913308913309,0.5666666666666668,-0.13089133089133087,0.0,1.0
5995825,0.7840608465608465,0.7666666666666666,0.2159391534391534,1.28,0.0
5989791,0.9067460317460316,0.5666666666666667,0.09325396825396827,1.38,0.0
5987503,1.5111111111111108,0.4666666666666666,-0.8653517529110712,1.68,0.0
2798530,0.961391694725028,0.6333333333333333,0.03860830527497194,0.0,1.0
5986723,1.1033272283272284,0.5,-0.10332722832722832,1.0,0.0
5992192,0.948148148148148,0.5333333333333333,0.05185185185185186,0.8799999999999999,0.0
2246044,0.7659722222222222,0.7000000000000001,0.2340277777777778,0.0,1.0
5993263,1.3059343434343436,0.6333333333333334,-0.30593434343434345,0.4133333333333333,0.0
5992472,1.7835813492063493,1.3157038003968269,-0.7835813492063491,0.8133333333333334,0.0
2509812,0.960218253968254,0.5333333333333333,0.039781746031746036,0.0,1.0
2031135,0.975824175824176,0.4666666666666666,0.024175824175824173,0.0,1.0
2534587,0.9705387205387206,0.6999999999999998,0.029461279461279462,0.0,1.0
5993748,0.6317063492063492,0.7000000000000001,0.3682936507936508,1.1866666666666668,0.0
3073911,1.0974867724867725,0.5192117418825033,-0.09748677248677247,0.0,1.0
5992816,1.6389869281045752,0.6,-0.6389869281045751,0.9133333333333334,0.0
1921293,1.4358444461590645,0.5666666666666668,-0.279347524089926,0.0,1.0
5987970,0.7635003885003885,0.5666666666666665,0.2364996114996115,1.6866666666666668,0.0
2434156,1.1763888888888892,4.50086538593482,-0.1763888888888889,1.0140680197322056,1.0
5978382,1.244047619047619,0.4666666666666666,-0.2440476190476191,0.6933333333333334,0.0
5991143,1.2985353535353534,0.5666666666666668,-0.2985353535353535,0.4933333333333334,0.0
5978815,1.7582539682539682,0.5333333333333333,-0.672529047353168,0.16,0.0
2420428,1.439781746031746,0.5666666666666667,-0.439781746031746,0.0,1.0
2488572,0.7997474747474748,0.4666666666666666,0.2002525252525252,0.0,1.0
5983273,1.189198861310345,0.6333333333333333,0.07579323789657051,1.284797471746213,0.0
2932111,0.6283895502645502,0.5333333333333333,0.37161044973544977,0.0,1.0
5998772,0.8819444444444443,0.6666666666666666,0.11805555555555555,0.7200000000000001,0.0
5995505,1.7683531746031746,0.7666666666666666,-0.7683531746031745,0.8666666666666667,0.0
5983047,1.161111111111111,0.6666666666666666,-0.1611111111111111,0.96,0.0
5998719,1.4688161375661375,0.6,-0.4688161375661376,1.0533333333333337,0.0
5979000,1.3694444444444442,0.5333333333333333,-0.3694444444444445,1.1,0.0
5996412,0.8156389906389907,0.4528844571279842,0.18436100936100933,0.8066666666666666,0.0
2003748,0.9777447089947091,0.5,0.02225529100529096,0.0,1.0
5985285,0.9829517704517704,0.5666666666666665,0.01704822954822956,1.0133333333333334,0.0
5979811,0.8914285714285715,0.6333333333333334,0.10857142857142857,1.1266666666666667,0.0
2412311,1.0898148148148148,0.7333333333333334,-0.0898148148148148,0.0,1.0
2356780,1.2670095528393526,0.4333333333333333,-0.4406846240179574,0.0,1.0
3383686,1.4084110334110334,0.7000000000000001,-0.4084110334110334,0.0,1.0
5988217,0.9670414462081128,0.5333333333333333,0.032958553791887134,1.2466666666666666,0.0
3165223,1.2803174603174603,0.6666666666666666,-0.2803174603174603,0.0,1.0
5981888,1.1222222222222222,0.7000000000000001,-0.12222222222222225,1.38,0.0
5981851,1.0908730158730158,0.6666666666666666,-0.09087301587301587,0.4133333333333333,0.0
1823010,1.1301129426129426,0.7000000000000001,-0.13011294261294262,0.0,1.0
5979973,1.2962752525252526,0.7666666666666666,-0.2962752525252525,0.38,0.0
1943204,1.1330522486772487,0.5333333333333333,-0.13305224867724866,0.0,1.0
5999362,0.9390054390054391,0.5666666666666667,0.060994560994560985,0.02666666666666667,0.0
5999112,1.1369378306878308,0.5,-0.1369378306878307,0.5,0.0
2363264,1.112962962962963,0.6333333333333333,-0.11296296296296295,0.0,1.0
2552176,0.4861111111111111,0.5,0.5138888888888888,0.0,1.0
2499753,1.4798611111111108,0.6,-0.4798611111111111,0.0,1.0
2959281,1.1399850217864924,0.5333333333333333,-0.1399850217864924,0.0,1.0
2767408,1.2699754901960782,0.5666666666666667,-0.2699754901960784,0.0,1.0
5978422,1.4727078477078477,0.6333333333333333,-0.4727078477078477,0.9266666666666666,0.0
2266511,1.1993650793650794,0.5333333333333333,-0.19936507936507933,0.0,1.0
1835776,1.25,0.6000000000000001,-0.25,0.0,1.0
3100981,1.4722222222222219,0.6666666666666666,-0.4722222222222223,0.0,1.0
5998878,1.4667279411764709,0.5333333333333333,-0.4667279411764706,1.2933333333333332,0.0
2535330,1.0762731481481482,0.5333333333333333,-0.07627314814814816,0.0,1.0
2739066,0.9888888888888888,0.6,0.011111111111111108,0.0,1.0
5985568,1.1081018518518522,0.5666666666666668,-0.10810185185185188,0.6466666666666667,0.0
1841777,1.7109661172161172,0.45,-0.7109661172161172,0.0,1.0
5992473,1.2412698412698413,0.6,-0.2412698412698413,0.26666666666666666,0.0
5993732,0.7919697971781305,0.5333333333333333,0.20803020282186946,0.54,0.0
5981682,0.9566919191919192,0.6333333333333333,0.0433080808080808,0.32,0.0
2840553,1.284478021978022,0.6,-0.28447802197802197,0.0,1.0
5990550,1.5685626102292767,0.5666666666666667,-0.5685626102292769,0.37333333333333335,0.0
2558529,0.4479166666666666,0.5,0.5520833333333333,0.0,1.0
5984600,0.8074735449735451,0.6666666666666666,-0.11524810733182166,0.9866666666666668,0.0
5998292,1.3005244755244756,0.7333333333333334,-0.1810558599916227,0.3333333333333333,0.0
5995507,1.4569949494949497,0.4666666666666667,-0.4569949494949495,1.2,0.0
5980970,1.4614814814814814,0.55,-0.4614814814814815,0.5900000000000001,0.0
5984450,1.2955067155067157,0.6666666666666666,-0.29550671550671553,1.3133333333333337,0.0
5984990,1.2914351851851853,0.7333333333333334,-0.2914351851851852,1.4866666666666664,0.0
5984059,1.2227777777777775,0.7333333333333334,-0.22277777777777774,0.37333333333333335,0.0
2847166,0.9597374847374848,0.6333333333333333,0.0402625152625152,0.0,1.0
5995186,1.4314814814814814,0.5666666666666667,-0.4314814814814815,0.7866666666666666,0.0
5990168,1.6120234204793034,0.5333333333333333,-0.6120234204793028,1.0203257065877895,0.0
5996274,0.9404040404040404,0.5333333333333333,0.059595959595959584,0.5733333333333334,0.0
5986851,1.4266178266178269,0.5,-0.4266178266178266,0.6866666666666666,0.0
3309070,0.5277777777777778,0.6000000000000001,0.4722222222222223,0.0,1.0
1847553,1.1437881562881562,0.6,-0.14378815628815625,0.0,1.0
3061322,1.7322420634920634,0.5,-0.7322420634920634,0.0,1.0
1961738,0.6510912698412699,0.9839807811108544,0.3489087301587301,0.0,1.0
5999153,1.0277777777777777,0.5666666666666665,-0.027777777777777787,0.5000000000000001,0.0
5996027,1.227777777777778,0.6333333333333333,-0.22777777777777775,0.6066666666666666,0.0
2834324,1.2736111111111108,0.7000000000000001,-0.01433081210755342,0.0,1.0
5985899,1.6694444444444445,0.5333333333333333,-0.6694444444444444,0.4933333333333334,0.0
5985009,1.05939766588498,0.5,0.14846693947323886,1.4644937737868764,0.0
3343864,1.805555555555556,0.5333333333333333,-0.8055555555555555,0.0,1.0
5984987,0.984845734588646,0.6000000000000001,-0.3115645731228107,0.92,0.0
5980611,0.9662759462759464,0.6666666666666666,0.03372405372405374,1.3733333333333333,0.0
3161772,1.146886446886447,0.4000000000000001,-0.3611449971351781,0.0,1.0
5999171,0.9314814814814816,0.4666666666666666,0.06851851851851852,0.3133333333333333,0.0
5990554,0.9691919191919192,0.4666666666666666,0.03080808080808078,1.7466666666666668,0.0
2486686,1.6202319902319902,0.5,-0.6202319902319903,0.0,1.0
5996136,1.4744553376906318,0.6333333333333333,-0.4744553376906318,1.18,0.0
5992754,1.618452380952381,0.6666666666666666,-0.6184523809523809,0.4466666666666667,0.0
1721751,1.5630952380952379,0.5333333333333333,-0.5630952380952381,0.0,1.0
5987051,1.6410294117647062,0.6,-0.6410294117647058,0.7266666666666667,0.0
5993036,0.9526048026048026,0.6666666666666666,0.04739519739519738,0.06666666666666668,0.0
5985228,0.6471240179573513,0.562528180770951,0.35287598204264864,0.8399999999999999,0.0
5993929,1.2751831501831499,0.7333333333333334,-0.2751831501831501,0.7266666666666666,0.0
5981694,0.7011904761904761,0.65,0.2988095238095238,0.66,0.0
5984786,1.261971916971917,0.5666666666666667,-0.3409373799687098,0.54,0.0
5987412,1.3625,0.6666666666666666,-0.3625,0.5066666666666667,0.0
2809828,1.1237789987789988,0.6666666666666666,-0.12377899877899877,0.0,1.0
5983257,1.136904761904762,0.7333333333333333,-0.13690476190476195,1.7,0.0
5982192,1.2990079365079366,0.6999999999999998,-0.2990079365079365,0.3066666666666667,0.0
1752023,0.6471560846560847,0.6333333333333333,0.3528439153439153,0.0,1.0
2761306,0.8028769841269842,0.6333333333333333,0.19712301587301587,0.0,1.0
5979938,1.101919191919192,0.5,-0.10191919191919192,1.1333333333333333,0.0
5986065,1.1694444444444445,0.5666666666666667,-0.16944444444444445,0.3866666666666667,0.0
5995575,1.2666666666666666,0.6333333333333333,-0.26666666666666666,0.32,0.0
2945651,1.4300925925925927,0.6333333333333334,-0.4300925925925925,0.0,1.0
2231971,1.3908313908313907,0.6666666666666666,-0.3908313908313909,0.0,1.0
2787109,0.984175824175824,0.6333333333333333,0.015824175824175838,0.0,1.0
5985888,0.29166666666666663,0.6499999999999999,0.7083333333333333,1.1,0.0
5985252,1.125,0.5666666666666668,-0.125,0.3800000000000001,0.0
2807745,2.32438118692356,0.6333333333333334,-0.3296296296296296,0.0,1.0
5985700,0.8158156318082789,0.4666666666666666,0.18418436819172115,0.4,0.0
5981327,1.0694444444444444,0.6,-0.06944444444444442,0.10666666666666667,0.0
5997224,1.4166666666666667,0.6333333333333333,-0.4166666666666667,1.0933333333333335,0.0
5986345,1.1448412698412698,0.7333333333333334,-0.14484126984126985,0.6333333333333334,0.0
5986486,1.2723875661375659,0.5666666666666665,-0.2723875661375661,0.5133333333333333,0.0
5989051,1.2997191697191697,0.5,-0.2997191697191697,0.3466666666666667,0.0
5991902,0.7981150793650794,0.6333333333333333,0.2018849206349206,0.98,0.0
5993360,1.1924603174603174,0.5333333333333333,-0.19246031746031744,1.1333333333333333,0.0
5995756,0.7990231990231991,0.4333333333333333,0.20097680097680096,0.19333333333333336,0.0
5991076,1.0380291005291005,0.6333333333333333,-0.03802910052910053,0.39333333333333337,0.0
1524619,0.6666666666666666,0.5666666666666668,0.3333333333333333,0.0,1.0
5995586,1.7667249417249418,0.5333333333333333,-0.7667249417249417,1.36,0.0
5988778,1.0595166879593938,0.5,-0.17418824518002665,0.9396169833698136,0.0
5990489,1.286029411764706,0.5,-0.2860294117647059,0.15333333333333332,0.0
5978552,0.7107142857142857,0.65,0.28928571428571426,2.52,0.0
5981523,1.2718919968919968,0.5333333333333333,-0.2718919968919969,1.7933333333333332,0.0
5980098,0.9540343915343916,0.4,0.040974272591919665,0.28,0.0
5978806,1.529621077554359,0.7000000000000001,-0.12536630036630034,0.82,0.0
5978995,1.4274521774521771,0.6666666666666666,-0.4274521774521774,0.66,0.0
5981302,1.122985347985348,0.5333333333333333,-0.122985347985348,0.3666666666666667,0.0
5990327,1.1564814814814814,0.6,-0.15648148148148147,0.8466666666666667,0.0
2800614,2.273814852400061,0.5666666666666667,-1.0244873704647801,0.0,1.0
5994154,0.9531257631257632,0.4333333333333333,0.046874236874236856,0.6866666666666665,0.0
5980363,0.8064043209876542,0.6333333333333334,0.19359567901234565,0.8066666666666666,0.0
5993261,1.2053571428571432,0.6333333333333333,-0.20535714285714288,2.56065578657128,0.0
2207550,1.4761744281045752,0.6333333333333333,-0.4761744281045752,0.0,1.0
5989965,1.6116605616605617,0.6,-0.6116605616605617,0.9333333333333336,0.0
2782030,1.2699158249158249,0.5,-0.2699158249158249,0.0,1.0
5978959,2.192673981500924,0.5666666666666665,-0.5816021866158348,0.58,0.0
2074029,0.9402380952380952,0.5,0.05976190476190474,0.0,1.0
5978171,1.1267399267399267,0.6,-0.12673992673992673,2.58,0.0
5986782,0.6409523809523809,0.4666666666666666,0.35904761904761906,0.9866666666666668,0.0
5986066,0.4361111111111111,0.6,0.5638888888888888,0.5133333333333333,0.0
5981474,2.0960935120706576,0.5333333333333333,-0.9496066739528978,1.4697449036676948,0.0
5981313,0.7777777777777778,0.6666666666666666,0.22222222222222224,1.36,0.0
5990303,1.46172385620915,0.5333333333333333,-0.4617238562091504,0.6866666666666666,0.0
2936049,1.6228282828282827,0.7333333333333334,-0.6228282828282828,0.0,1.0
1685081,1.5301587301587298,0.7000000000000001,-0.5301587301587302,0.0,1.0
3218077,1.2685846560846559,0.4666666666666666,-0.2685846560846561,0.0,1.0
5982165,1.2743650793650794,0.5333333333333333,-0.27436507936507937,1.2333333333333334,0.0
5992121,0.9690476190476189,0.6666666666666666,0.030952380952380957,2.0133333333333336,0.0
5982212,0.9737484737484736,0.6666666666666666,0.02625152625152625,1.5333333333333334,0.0
5995288,0.7897047397047396,0.6,0.21029526029526027,2.0733333333333333,0.0
5996377,1.2344742063492065,0.7333333333333333,-0.2344742063492064,0.7066666666666667,0.0
5999132,0.8083485958485959,0.6,0.19165140415140414,0.5666666666666668,0.0
5992661,1.2894085081585085,0.6,-0.2894085081585082,0.4266666666666667,0.0
5985230,1.1299242424242424,0.5666666666666667,-0.1299242424242424,0.3333333333333333,0.0
5996068,1.1145502645502643,0.6000000000000001,-0.11455026455026456,0.5066666666666667,0.0
5988872,1.3110989010989011,0.6333333333333334,-0.3110989010989011,0.6933333333333334,0.0
5991490,1.095740740740741,0.6,-0.09574074074074072,0.7799999999999999,0.0
2475654,1.1046296296296296,0.6666666666666666,-0.1046296296296296,0.0,1.0
5980139,1.2694444444444446,0.4333333333333333,-0.26944444444444443,1.1,0.0
5994417,1.3006308506308506,0.6,-0.3006308506308506,0.8866666666666667,0.0
2233954,1.2738095238095235,0.6999999999999998,-0.2738095238095238,0.0,1.0
5981184,0.8541666666666666,0.5666666666666667,0.14583333333333334,0.5866666666666667,0.0
5978334,1.1136784511784512,0.7333333333333334,-0.11367845117845116,0.4733333333333333,0.0
5993562,0.8066964285714286,0.5,0.19330357142857146,0.6666666666666666,0.0
2626816,1.2964869281045752,0.7068043024013276,-0.2964869281045752,0.0,1.0
2144131,1.4706593406593405,0.5666666666666668,-0.4706593406593407,0.0,1.0
2859953,1.6854395604395604,0.5,-0.6854395604395604,0.0,1.0
3362678,1.288225308641975,0.6666666666666666,-0.2882253086419753,0.0,1.0
1817104,0.9335978835978836,0.5666666666666668,0.06640211640211639,0.0,1.0
5997391,1.7530525030525033,0.4691318921365764,-0.7530525030525028,0.2933333333333333,0.0
5982967,1.4533509700176366,0.7333333333333334,-0.4533509700176366,0.6466666666666666,0.0
5983069,1.140716911764706,0.6333333333333333,-0.14071691176470588,1.0133333333333334,0.0
5997194,1.266005291005291,0.4666666666666666,-0.266005291005291,0.7933333333333333,0.0
2361934,0.7361111111111109,0.43333333333333335,0.2638888888888889,0.0,1.0
5981862,0.5128927602470289,0.5666666666666668,0.17908697929710127,0.3757793729025535,0.0
5997565,0.9916666666666668,0.6,0.00833333333333334,0.44,0.0
5993275,1.4051587301587298,0.5666666666666667,-0.4051587301587302,0.4466666666666667,0.0
3042728,1.0305555555555557,0.5333333333333333,-0.03055555555555556,0.0,1.0
5991837,1.219510582010582,0.6333333333333333,-0.21951058201058204,1.3133333333333332,0.0
5983958,0.7975579975579975,0.4321476637829112,0.20244200244200247,0.8333333333333334,0.0
5998804,1.2954530423280424,0.5666666666666668,-0.2954530423280424,0.6633344058344058,0.0
2934569,1.2833333333333332,0.6,-0.2833333333333333,0.0,1.0
5999197,1.2946127946127948,0.6000000000000001,-0.2946127946127946,1.1333333333333333,0.0
5993889,1.6010989010989014,0.7000000000000001,-0.6010989010989011,1.0533333333333332,0.0
2995032,0.8125420875420876,0.6333333333333333,0.18745791245791246,0.0,1.0
5985736,0.9718055555555556,0.6333333333333334,0.02819444444444444,0.02666666666666667,0.0
5982402,1.0341269841269842,0.5,-0.03412698412698412,1.3066666666666666,0.0
5982504,1.2964869281045752,0.5484627833404421,-0.2964869281045752,1.14,0.0
5985132,1.4311383061383065,0.6333333333333334,-0.4311383061383061,0.43333333333333335,0.0
3362833,1.1419968919968921,0.7333333333333334,-0.14199689199689206,0.0,1.0
5984417,1.1916666666666669,0.5,-0.19166666666666665,0.4066666666666667,0.0
5995558,1.1870370370370371,0.5333333333333333,-0.18703703703703706,1.2333333333333334,0.0
5995380,1.4444648692810458,0.4666666666666666,-0.4444648692810458,0.7066666666666667,0.0
5979082,1.104471916971917,0.6,-0.10447191697191698,1.0199999999999998,0.0
1903126,1.1312576312576317,0.6999999999999998,-0.13125763125763126,0.0,1.0
2167970,0.5043912491262915,0.7333333333333334,0.19116016701615005,0.0,1.0
3327373,0.4745791245791246,0.4000000000000001,0.5254208754208755,0.0,1.0
2313919,1.2989923747276688,0.5,-0.2989923747276689,0.0,1.0
5989915,2.6222191901606413,0.7000000000000001,-0.2594211344211344,1.0333333333333334,0.0
2579769,0.8102513227513227,0.5666666666666668,0.18974867724867725,0.0,1.0
5980982,1.113476800976801,0.5666666666666665,-0.11347680097680098,0.4533333333333334,0.0
5982575,1.0962962962962963,0.4000000000000001,-0.09629629629629627,0.44,0.0
5980522,0.7853174603174603,0.43333333333333335,0.2146825396825397,0.7475336865025907,0.0
2218332,1.2905067155067156,0.6,-0.29050671550671553,0.0,1.0
5991147,1.1059523809523808,0.5333333333333333,-0.10595238095238092,0.66,0.0
5980058,0.7361111111111112,0.6666666666666666,0.2638888888888889,0.22,0.0
5988589,0.6528083028083028,0.6666666666666666,0.3471916971916971,1.0133333333333334,0.0
5979550,0.6296626984126984,0.6,0.3703373015873016,1.1866666666666663,0.0
5990112,1.4323412698412696,0.7000000000000001,-0.43234126984126986,0.3,0.0
3436663,1.0916666666666666,0.5333333333333333,-0.09166666666666667,0.0,1.0
1591292,0.6421626984126984,0.6,0.3578373015873016,0.0,1.0
5998907,1.4255291005291006,0.6666666666666666,-0.4255291005291005,0.3933333333333333,0.0
5988812,0.4822746697746698,0.6666666666666666,0.5177253302253302,1.3266666666666669,0.0
5978955,0.4111111111111112,0.6333333333333334,0.5888888888888889,0.28,0.0
2925059,0.648937908496732,0.6,0.35106209150326806,0.0,1.0
5984831,1.4391694725028057,0.6,-0.43916947250280586,0.7533333333333334,0.0
5991720,0.8673176362580838,0.5,0.5478718042185889,1.608672994100096,0.0
3360285,1.141140873015873,0.5333333333333333,-0.14114087301587303,0.0,1.0
5984513,1.285159285159285,0.6203334604696981,-0.2851592851592852,0.4933333333333334,0.0
5984604,1.4069749694749696,0.6333333333333334,-0.4069749694749694,1.346666666666667,0.0
2994625,1.210606060606061,0.45,-0.2106060606060606,0.0,1.0
5996568,1.4325091575091573,0.5333333333333333,-0.4325091575091575,0.48,0.0
1681854,3.3545707599279027,0.6333333333333334,0.02344322344322344,0.0,1.0
5984474,0.5513888888888889,0.6666666666666666,0.4486111111111111,0.38,0.0
3343823,0.8700396825396824,0.6,0.12996031746031747,0.0,1.0
5998440,1.2696428571428569,0.5333333333333333,-0.26964285714285713,1.4799999999999998,0.0
5983450,1.4324980574980577,0.5333333333333333,-0.4324980574980575,0.9333333333333332,0.0
5985146,1.4709325396825397,0.6666666666666666,-0.4709325396825397,0.42,0.0
2280942,1.3505555555555555,0.6666666666666666,-0.3505555555555556,0.0,1.0
5980565,0.6456649831649831,0.5,0.35433501683501684,0.7599999999999999,0.0
5992021,0.9821611721611722,0.5,0.017838827838827842,1.0933333333333333,0.0
3253923,0.9770220588235294,0.7,0.02297794117647059,0.0,1.0
3183022,1.1166666666666667,0.6333333333333334,-0.11666666666666665,2.2009645709562853,1.0
2245112,1.0861111111111112,0.5333333333333333,-0.0861111111111111,0.0,1.0
2635588,0.7780257936507936,0.6,0.2219742063492064,0.0,1.0
5983850,1.1183641975308642,1.6762938486312402,-0.1183641975308642,0.43333333333333335,0.0
1978089,0.9538720538720541,0.6333333333333334,0.046127946127946164,0.0,1.0
1669088,1.5914122914122917,0.5666666666666668,-0.5914122914122913,0.0,1.0
5990182,1.5206349206349206,0.6666666666666666,-0.5206349206349207,0.5066666666666667,0.0
2156950,1.0142195767195767,0.6666666666666666,-0.01421957671957671,0.0,1.0
2913782,1.4599261849261849,0.5333333333333333,-0.4599261849261849,0.07100887410452618,1.0
3022133,1.1611111111111112,0.6,-0.16111111111111112,0.0,1.0
5995281,0.8250000000000001,0.5,0.17500000000000002,0.32666666666666666,0.0
5990593,1.4655892255892258,0.6,-0.4655892255892256,0.82,0.0
2505006,1.7658496732026143,0.4666666666666666,-0.7658496732026144,0.0,1.0
5981789,1.5551213131906174,0.7333333333333334,-0.20336377703193684,0.7488436173561669,0.0
5989450,1.4587301587301589,0.6666666666666666,-0.4587301587301587,1.7133333333333332,0.0
3208696,1.3016636141636142,0.6999999999999998,-0.3016636141636141,0.15913026001747346,1.0
5988153,0.8055555555555555,0.5,0.1944444444444444,1.0933333333333333,0.0
5981195,1.6298015873015874,0.6,-0.6298015873015873,0.5,0.0
3043596,1.6020283779711706,0.6,-0.4714306161869297,0.0,1.0
5999188,1.2407744107744108,0.6666666666666666,-0.24077441077441075,0.7733333333333334,0.0
5999020,0.951007326007326,0.5333333333333333,0.04899267399267399,1.393333333333333,0.0
2369924,1.1405433006535948,0.4000000000000001,-0.14054330065359474,0.0,1.0
5981865,0.8012006512006512,0.5333333333333333,0.1987993487993488,0.08,0.0
5984331,1.2768518518518521,0.6999999999999998,-0.27685185185185185,1.2,0.0
5992876,1.1226884226884226,0.6,-0.12268842268842267,0.64,0.0
5997870,1.4596240179573512,0.6,-0.4596240179573513,0.98,0.0
5982176,1.4352869352869353,0.5666666666666668,-0.4352869352869353,0.6133333333333333,0.0
5989366,1.1417592592592591,0.7666666666666666,-0.14175925925925925,0.9066666666666666,0.0
5991522,1.28234126984127,0.6666666666666666,-0.28234126984126984,0.5666666666666668,0.0
5989042,1.448313492063492,0.7000000000000001,-0.4483134920634921,0.3466666666666667,0.0
2427066,0.9600732600732602,0.5333333333333333,0.039926739926739965,0.0,1.0
5979534,0.7673611111111109,0.6666666666666666,0.23263888888888884,1.366666666666667,0.0
5995416,1.2344742063492065,0.7333333333333333,-0.2344742063492064,0.8733333333333334,0.0
5978688,1.1444444444444444,0.7333333333333334,-0.14444444444444446,1.3666666666666665,0.0
5996113,0.7111111111111111,0.6333333333333333,0.2888888888888889,0.84,0.0
5990939,0.9738150738150738,0.6666666666666666,0.026184926184926145,0.8533333333333334,0.0
2534769,1.5884126984126985,0.5333333333333333,-0.5884126984126984,0.0,1.0
5996719,1.6959595959595961,0.4000000000000001,-0.695959595959596,1.46,0.0
5990744,1.4725198412698413,0.43333333333333335,-0.4725198412698413,0.5335817941405016,0.0
2721139,1.3628747795414462,0.7000000000000001,-0.3628747795414462,0.5558389566803806,1.0
5993576,1.7746031746031743,0.5,-0.7746031746031745,0.6,0.0
2413763,0.9168981481481482,0.5,0.08310185185185186,0.0,1.0
5999313,0.8031565656565656,0.4666666666666666,0.19684343434343435,0.5866666666666667,0.0
3392502,0.9753001628001626,0.5,0.024699837199837187,0.0,1.0
5992954,0.4811660561660562,0.4666666666666666,0.5188339438339438,0.06666666666666668,0.0
5983659,1.3346031746031748,0.5333333333333333,-0.33460317460317457,1.1133333333333335,0.0
2224372,1.0823232323232324,0.6666666666666666,-0.08232323232323231,0.0,1.0
2314994,1.1201178451178448,0.4666666666666666,-0.12011784511784515,0.0,1.0
2705267,0.7206349206349206,0.4666666666666666,0.2793650793650793,0.0,1.0
2499570,1.4953497526596966,0.7333333333333334,-0.460291690800464,0.0,1.0
5997173,1.0027777777777778,0.4,-0.002777777777777805,1.1933333333333334,0.0
2617559,1.128108003108003,0.5666666666666668,-0.1281080031080031,0.0,1.0
2065962,1.429868161716146,0.6,-0.3402777777777777,0.0,1.0
5990747,0.8861111111111112,0.7000000000000001,0.11388888888888887,0.7400000000000001,0.0
5979912,1.1311507936507936,0.6000000000000001,-0.13115079365079366,1.04,0.0
2996029,1.6213980463980464,0.6666666666666666,-0.6213980463980464,0.0,1.0
5986692,1.2188271604938272,0.7000000000000001,-0.21882716049382714,4.1034135789171335,0.0
5997532,0.6409391534391534,0.5666666666666668,0.3590608465608465,0.4066666666666667,0.0
2066036,1.7542929292929292,0.7333333333333334,-0.7542929292929292,0.0,1.0
5990634,1.1018453768453769,0.5333333333333333,-0.10184537684537688,0.21333333333333332,0.0
5991325,1.2842592592592592,0.5,-0.2842592592592593,1.2666666666666668,0.0
5979790,0.7444444444444445,0.5,0.25555555555555554,2.0733333333333333,0.0
5981683,0.7869352869352869,0.7666666666666666,0.21306471306471306,1.406666666666667,0.0
5979338,0.5961111111111111,0.5666666666666667,0.4038888888888889,0.56,0.0
1762298,1.4863703262020864,0.6666666666666666,-0.28081851396617796,0.0,1.0
5994041,1.6264041514041514,0.5666666666666667,-0.6264041514041514,0.94,0.0
3332711,1.4145502645502646,0.6666666666666666,-0.41455026455026456,0.0,1.0
5997601,1.3148148148148149,0.5666666666666668,-0.3148148148148148,1.106666666666667,0.0
2696612,1.6580687830687832,0.8000000000000002,-0.6580687830687831,0.0,1.0
5979847,1.3694444444444445,0.6999999999999998,-0.3694444444444445,0.7466666666666667,0.0
3187128,1.5472222222222225,0.5,-0.5472222222222223,0.0,1.0
5998834,0.9737616550116552,0.6333333333333334,0.026238344988344948,1.1733333333333331,0.0
5997495,1.401892551892552,0.6333333333333333,-0.1888568950768598,0.6866666666666666,0.0
5986413,1.1204517704517702,0.7000000000000001,-0.12045177045177045,0.10666666666666667,0.0
5997097,1.5833333333333333,0.6333333333333333,-0.5833333333333334,0.8333333333333334,0.0
5982813,0.95265522875817,0.5666666666666665,0.047344771241830064,1.38,0.0
5992155,0.7836111111111109,0.4666666666666666,0.21638888888888888,0.2,0.0
5980893,1.0923115079365078,0.6666666666666666,-0.09231150793650794,1.36,0.0
2619020,1.2462301587301587,0.4000000000000001,-0.2462301587301587,0.0,1.0
5979727,0.919212962962963,0.5666666666666665,0.08078703703703705,1.0733333333333333,0.0
3107401,0.9166666666666666,0.5333333333333333,0.08333333333333333,0.0,1.0
5997325,1.1171997755331091,0.6333333333333333,-0.11719977553310885,1.18,0.0
5995642,1.5704365079365081,0.5333333333333333,-0.5704365079365079,0.6933333333333334,0.0
5981028,0.6483058608058608,0.4602529433358077,0.3516941391941392,0.7935294719444351,0.0
5985732,0.9852843915343916,0.5333333333333333,0.014715608465608432,0.4666666666666666,0.0
2482991,0.6055555555555555,0.6666666666666666,0.3944444444444444,0.0,1.0
5980134,1.2762515262515264,0.6333333333333333,-0.2762515262515263,1.086666666666667,0.0
2820270,1.1394444444444445,0.5666666666666665,-0.18727707434280205,0.0,1.0
5991541,1.3285714285714283,0.6,-0.32857142857142857,0.96,0.0
5988600,0.9674603174603176,0.6333333333333333,0.03253968253968252,0.8000000000000002,0.0
5991709,1.2083333333333333,0.5,-0.20833333333333331,0.4666666666666666,0.0
5979959,1.6416666666666666,0.5666666666666665,-0.6416666666666667,0.12,0.0
1668086,1.075648148148148,0.5333333333333333,-0.07564814814814813,0.0,1.0
5984943,0.9567162004662004,0.6999999999999998,0.04328379953379954,0.3800000000000001,0.0
5985778,1.1391219891219893,0.6333333333333333,-0.13912198912198911,0.6666666666666666,0.0
5985848,0.8875000000000001,0.5666666666666667,0.1125,1.58,0.0
1672446,1.45764652014652,0.6,-0.4576465201465201,0.0,1.0
1981107,1.459457671957672,0.5333333333333333,-0.459457671957672,0.0,1.0
5989275,0.9554563492063493,0.7333333333333334,0.04454365079365078,1.086666666666667,0.0
5980871,0.8125,0.75,0.1875,0.74,0.0
5981426,1.635958485958486,0.5666666666666668,-0.6359584859584859,0.04666666666666667,0.0
5995224,0.7651936026936026,0.6666666666666666,0.2348063973063973,0.16666666666666666,0.0
2381342,1.1200204248366017,0.6338860825185128,-0.12002042483660127,0.0,1.0
5984341,0.7777777777777777,0.7000000000000001,0.2222222222222222,1.58,0.0
2324466,1.3111111111111111,0.7333333333333334,-0.3111111111111112,0.0,1.0
2224291,1.294078144078144,0.5666666666666667,-0.5747637091204876,0.0,1.0
5998781,1.4610866013071897,0.6333333333333334,-0.4610866013071896,0.7533333333333333,0.0
2651177,1.5798148148148148,0.5333333333333333,-0.5798148148148148,0.0,1.0
2739945,1.2347883597883598,0.6,-0.2347883597883598,0.0,1.0
3092404,0.9462962962962962,0.5192,0.053703703703703684,0.0,1.0
2012925,0.8313698036470313,0.6,-0.0458912557922459,0.0,1.0
2905517,1.2357142857142858,0.7000000000000001,-0.2357142857142857,0.0,1.0
5983564,1.1838624338624335,0.5,-0.18386243386243387,1.0933333333333333,0.0
5996936,1.2983035483035483,0.5666666666666667,-0.2983035483035483,0.7533333333333334,0.0
3078719,1.2962731481481482,0.6,-0.2962731481481481,0.0,1.0
5982728,0.8047794117647059,0.5666666666666668,0.19522058823529406,0.7333333333333334,0.0
5991452,1.1791666666666667,0.8,-0.17916666666666667,0.96,0.0
1567526,1.1656421349817248,0.5666666666666668,-0.4463528077771403,0.0,1.0
5979590,1.4166666666666667,0.6,-0.4166666666666667,0.43333333333333335,0.0
2062533,1.7715993265993266,0.4666666666666666,-0.7715993265993265,0.0,1.0
5998263,1.2728174603174605,0.7000000000000001,-0.2728174603174603,0.86,0.0
5979844,0.7755892255892256,0.43333333333333335,0.2244107744107744,1.6,0.0
2795410,1.1282509157509155,0.6,-0.12825091575091574,0.0,1.0
3231364,0.8153947903947903,0.5,0.1846052096052096,0.0,1.0
1609290,1.461026936026936,0.6333333333333334,-0.4610269360269361,0.06045006215077898,1.0
2659601,0.9634920634920636,0.5666666666666667,0.03650793650793651,0.0,1.0
5994634,0.9168981481481482,0.6,0.08310185185185186,0.8133333333333334,0.0
5996620,0.7944444444444444,0.4666666666666666,-0.12295412017634245,0.98,0.0
2216160,20.93457561952764,0.4666666666666666,-0.027777777777777773,0.0,1.0
5983506,1.3902777777777775,0.4666666666666666,-0.3902777777777777,0.4266666666666666,0.0
2763239,1.260648148148148,0.6666666666666666,-0.2606481481481481,0.0,1.0
2689106,1.1150793650793651,0.6333333333333334,-0.11507936507936507,0.0,1.0
5982718,1.4121503496503498,0.6,-0.41215034965034975,1.42,0.0
5995957,0.9638888888888888,0.7000000000000001,0.03611111111111113,0.37333333333333335,0.0
5998150,0.9678030303030304,0.6,0.032196969696969696,2.07,0.0
5981928,1.6140822140822142,0.5,-0.6140822140822141,0.22,0.0
5988892,1.2752442002442004,0.43333333333333335,-0.2752442002442002,0.64,0.0
5990915,1.5926587301587298,0.7666666666666666,-0.5926587301587302,0.8066666666666666,0.0
5979168,1.4527777777777775,0.5,-0.4527777777777778,0.53,0.0
2759031,0.7490079365079364,0.6000000000000001,0.2509920634920635,0.0,1.0
2158414,1.1005555555555555,0.6333333333333334,-0.10055555555555556,0.0,1.0
3334776,1.6307393790849674,0.5666666666666668,-0.6307393790849672,0.0,1.0
5981647,0.8933862433862435,0.5,0.10661375661375663,0.32,0.0
2940409,1.4584325396825395,0.5,-0.4584325396825397,0.0,1.0
5978986,1.1346240179573512,0.5333333333333333,-0.13462401795735132,0.7866666666666667,0.0
5997780,1.0558862433862437,0.6999999999999998,-0.055886243386243366,0.5333333333333333,0.0
2810395,0.5833333333333334,0.4666666666666666,0.4166666666666667,0.0,1.0
1989295,1.4194444444444445,0.5,-0.4194444444444444,0.0,1.0
5985377,0.8402777777777778,0.5666666666666668,0.1597222222222222,0.48,0.0
1852151,1.3830555555555553,0.5666666666666667,-0.3830555555555555,0.0,1.0
2388764,0.7353968253968254,0.5666666666666668,0.2646031746031746,0.0,1.0
5981341,1.2352258852258853,0.5333333333333333,-0.23522588522588525,1.2866666666666668,0.0
5988354,1.1162878787878787,0.6333333333333333,-0.11628787878787883,0.8333333333333335,0.0
5991653,0.5266836181031541,0.4666666666666666,0.15188010424599765,0.5933203868799084,0.0
5997277,1.126674836601307,0.4666666666666666,-0.1266748366013072,0.54,0.0
5990414,1.2975681725681725,0.6,-0.2975681725681726,1.1933333333333334,0.0
5992401,1.1328856328856332,0.5,-0.1328856328856329,1.1333333333333333,0.0
5998553,1.7171296296296297,0.6333333333333333,-0.7171296296296296,0.7600000000000001,0.0
3208996,1.3117132867132868,0.5666666666666668,-0.31171328671328674,0.0,1.0
5980007,0.5821759259259259,0.6666666666666666,0.4178240740740741,0.6666666666666666,0.0
5980806,0.7648148148148147,0.6,0.2351851851851852,0.34,0.0
5991414,0.966038591038591,0.5333333333333333,0.033961408961408944,0.7866666666666666,0.0
5983083,1.0174603174603176,0.6,-0.017460317460317468,1.8066666666666664,0.0
5995308,0.8202686202686204,0.5333333333333333,0.17973137973137973,1.0733333333333333,0.0
5985726,0.9510912698412698,0.5,0.04890873015873013,0.98,0.0
5984722,1.9129629629629632,0.6666666666666666,-0.912962962962963,0.2933333333333333,0.0
5987082,0.9222222222222222,0.6,0.07777777777777778,1.7999999999999998,0.0
5989825,0.9520375457875458,0.5,0.047962454212454216,1.2933333333333332,0.0
5988630,0.7711111111111112,0.5333333333333333,0.2288888888888889,1.2066666666666668,0.0
2745493,0.8956349206349206,0.6666666666666666,0.10436507936507937,0.0,1.0
5996082,0.7740740740740741,0.6333333333333333,0.22592592592592595,1.82,0.0
5989939,1.314950980392157,0.5,-0.31495098039215685,0.7200000000000001,0.0
5997701,1.3875,0.6999999999999998,-0.3875,0.4666666666666666,0.0
5994652,0.9786954365079366,0.6333333333333333,0.02130456349206352,0.20666666666666667,0.0
5996653,1.0638888888888889,0.5666666666666668,-0.0638888888888889,1.1933333333333334,0.0
5992402,0.9707773707773708,0.6333333333333333,0.029222629222629214,0.7000000000000001,0.0
5980524,1.3014163614163616,0.6666666666666666,-0.3014163614163615,0.94,0.0
5995212,0.9677544677544676,0.6666666666666666,0.032245532245532206,1.0799999999999998,0.0
5994886,1.4615079365079364,4.824396605563682,-0.4615079365079365,0.4866666666666666,0.0
5997793,1.2372222222222222,0.5666666666666668,-0.23722222222222225,1.653333333333333,0.0
1602636,1.2385912698412698,0.5333333333333333,-0.23859126984126985,0.0,1.0
3138492,1.2681051587301588,0.6,-0.2681051587301587,0.0,1.0
5988333,1.9548229548229552,0.5666666666666665,-0.9548229548229548,0.7200000000000001,0.0
5990784,1.0961111111111108,0.5333333333333333,-0.09611111111111108,0.37333333333333335,0.0
5980274,1.883620777022127,0.5333333333333333,-0.4288800705467373,0.9666666666666668,0.0
5995960,1.2594444444444444,0.5666666666666668,-0.2594444444444445,0.5733333333333334,0.0
1570871,0.9805167055167056,0.6333333333333334,0.019483294483294486,0.0,1.0
5981885,1.5902523402523403,0.6,-0.5902523402523402,1.7000000000000002,0.0
5996006,1.2878086419753083,0.5333333333333333,-0.2878086419753087,0.7000000000000001,0.0
2449328,0.980188492063492,0.6333333333333333,0.01981150793650795,0.0,1.0
5987826,1.4078144078144081,0.5,-0.4078144078144079,1.08,0.0
3166052,1.7301587301587302,0.6,-0.7301587301587302,0.0,1.0
5998647,0.9442857142857144,0.6666666666666666,0.055714285714285716,0.9466666666666668,0.0
1773002,0.513888888888889,0.6333333333333333,0.4861111111111112,0.0,1.0
5992833,1.3592592592592592,0.6,-0.3592592592592592,0.94,0.0
5998942,1.4087301587301588,0.6,-0.4087301587301588,1.2866666666666668,0.0
5978458,1.3717592592592591,0.6956772383117403,-0.3717592592592593,1.7066666666666668,0.0
2469677,1.2772058823529409,0.6,-0.27720588235294114,0.0,1.0
5987050,1.0612962962962962,0.7000000000000001,-0.061296296296296286,0.2533333333333333,0.0
2431376,1.4435049019607844,0.4666666666666666,-0.4435049019607844,0.0,1.0
5986843,1.4676062091503266,0.5666666666666668,-0.4676062091503268,0.885993265993266,0.0
5985191,1.3009090909090908,0.5587954937752966,-0.3009090909090909,0.52,0.0
2002905,0.5898148148148148,0.5666666666666668,0.4101851851851852,0.0,1.0
5997439,1.086952861952862,0.7000000000000001,-0.08695286195286195,0.12,0.0
2458407,1.0444444444444445,0.7333333333333334,-0.04444444444444445,0.0,1.0
2847370,0.9796943796943796,0.6666666666666666,0.02030562030562029,0.0,1.0
5995115,0.6333333333333333,0.6333333333333333,0.3666666666666667,1.42,0.0
2554173,1.3944444444444446,0.6999999999999998,-0.3944444444444444,0.0,1.0
5989795,1.2950732600732602,0.6000000000000001,-0.2950732600732601,1.0799999999999998,0.0
5998552,0.6416666666666666,0.43333333333333335,0.3583333333333334,1.2,0.0
3035800,1.1404040404040403,0.6333333333333333,-0.14040404040404042,0.0,1.0
2247117,1.573862433862434,0.6333333333333333,-0.5738624338624339,0.0,1.0
5998636,1.0858796296296296,0.6999999999999998,-0.08587962962962963,0.4666666666666666,0.0
5978460,1.254671717171717,0.6666666666666666,-0.2546717171717172,0.6533333333333333,0.0
5982416,0.6098710317460317,0.7999999999999999,0.3901289682539682,0.64,0.0
2009142,1.7267399267399266,0.5,-0.7267399267399267,0.0,1.0
2654789,1.4661706349206352,0.7333333333333334,-0.4661706349206349,0.0,1.0
5986091,0.9420875420875422,0.5666666666666668,0.05791245791245792,0.026666666666666658,0.0
5978764,1.3,0.6056521032839748,-0.3,0.56,0.0
5984856,1.2972999222999222,0.7666666666666667,-0.29729992229992225,0.92,0.0
5996629,0.9419312169312171,0.6333333333333334,0.058068783068783075,0.5533333333333333,0.0
2376196,1.4683163656765392,0.4666666666666666,-0.7748015873015873,0.0,1.0
5985769,1.801941391941392,0.5333333333333333,-0.8019413919413919,0.06000000000000001,0.0
5981146,1.4338624338624335,0.6000000000000001,-0.4338624338624338,0.7600000000000001,0.0
5987764,0.7129629629629629,0.5666666666666668,0.28703703703703703,6.647465407567709,0.0
5989251,1.7946775446775447,0.7333333333333334,-0.7946775446775448,0.9333333333333332,0.0
2192813,1.1332837301587302,0.6,-0.13328373015873016,0.0,1.0
1564467,1.4338047138047136,0.6,-0.4338047138047138,0.0,1.0
5990309,1.6847222222222225,0.5333333333333333,-0.6847222222222222,0.56,0.0
5984157,1.0694444444444444,0.8000000000000002,-0.06944444444444442,0.2333333333333333,0.0
5994030,1.2944444444444445,0.6999999999999998,-0.29444444444444445,1.24,0.0
5986126,0.9462121212121212,0.6,0.0537878787878788,1.086666666666667,0.0
2246732,1.4576262626262626,0.6333333333333333,-0.4576262626262626,0.0,1.0
5993520,1.2625,0.5666666666666665,-0.2625,0.9733333333333332,0.0
5984738,1.45971250971251,0.5666666666666667,-0.4597125097125097,1.0799999999999998,0.0
5995737,1.1888888888888889,0.8718417632241892,-0.18888888888888888,0.98,0.0
1754531,1.2664215686274511,0.6,-0.26642156862745103,0.0,1.0
5993461,1.3080357142857142,0.5666666666666668,-0.30803571428571425,0.7866666666666666,0.0
5984610,0.9291666666666668,0.6,0.07083333333333335,0.7866666666666666,0.0
5983191,1.93531746031746,0.7000000000000001,-0.9353174603174604,0.8266666666666667,0.0
5982294,1.920436507936508,0.5666666666666667,-0.920436507936508,0.6733333333333333,0.0
5984401,0.7832815332815333,0.6333333333333333,0.21671846671846676,0.5333333333333333,0.0
3139878,3.169693513258412,0.6,-0.3604497354497354,0.0,1.0
5991132,1.291624579124579,0.6,-0.2916245791245791,1.1866666666666668,0.0
5980272,1.3857496030183274,0.6666666666666666,0.027627995642701537,0.66,0.0
5989661,1.221031746031746,0.6,-0.22103174603174605,0.7000000000000001,0.0
5990532,1.4695436507936508,0.5666666666666668,-0.4695436507936508,1.46,0.0
5985111,0.9791666666666669,0.45,0.020833333333333332,0.42,0.0
5978580,1.5396825396825395,0.6333333333333333,-0.5396825396825397,1.5133333333333334,0.0
5987729,1.1381604506604506,0.7666666666666666,-0.13816045066045066,1.086666666666667,0.0
5988450,1.3088725490196078,0.6329573938452386,-0.3088725490196079,0.6866666666666666,0.0
5981532,1.7309149184149184,0.6,-0.7309149184149185,2.26,0.0
5993289,0.7777777777777778,0.4333333333333333,0.2222222222222222,1.106666666666667,0.0
5982614,1.3595238095238094,0.5,-0.3595238095238095,1.16,0.0
1964159,1.080621693121693,0.43333333333333335,-0.08062169312169311,0.0,1.0
5987280,0.5707223775768328,0.6,0.2033057885874713,0.6259917365762414,0.0
5994740,1.1451933551198257,0.6666666666666666,-0.14519335511982573,0.7000000000000001,0.0
5986057,1.1156746031746032,0.5666666666666667,-0.1156746031746032,1.2066666666666668,0.0
1903938,1.1822222222222225,0.5,-0.18222222222222226,0.0,1.0
5999129,1.1363095238095238,0.5,-0.1363095238095238,1.68,0.0
5983063,0.9111111111111112,0.7666666666666666,0.0888888888888889,1.1933333333333334,0.0
5985810,0.5277777777777778,0.6333333333333334,0.4722222222222222,0.3666666666666667,0.0
5988755,1.32,0.6666666666666666,-0.32,0.9266666666666667,0.0
5993991,1.839057239057239,0.6666666666666666,-0.8390572390572392,1.32,0.0
2176329,1.7812289562289565,0.6000000000000001,-0.7812289562289562,0.0,1.0
5994283,1.7613425925925927,0.5,-0.7613425925925926,1.5552480363958603,0.0
5997861,0.8546246736676649,0.6,0.08730158730158731,1.5333333333333332,0.0
5986052,1.5109126984126984,0.7333333333333334,-0.5109126984126985,0.32,0.0
5987615,1.3504410501778925,0.6666666666666666,-0.03055555555555556,0.6933333333333334,0.0
5979208,1.1296316267099444,0.55,0.22525176816298306,0.6668090480008835,0.0
5990918,1.2833721833721834,0.5333333333333333,-0.2833721833721833,0.9733333333333332,0.0
5994420,0.8193014705882353,0.6,0.18069852941176467,1.78,0.0
5979415,1.7252525252525253,0.5666666666666665,-0.7252525252525253,0.8266666666666667,0.0
5979801,0.8043650793650793,0.6666666666666666,0.1956349206349206,0.7733333333333334,0.0
3384908,0.9732397232397232,0.7000000000000001,0.02676027676027674,0.0,1.0
5988969,1.775152625152625,0.5666666666666668,-0.7751526251526252,0.3800000000000001,0.0
1814349,1.2624320124320123,0.6666666666666666,-0.2624320124320124,0.0,1.0
5993628,0.9750420875420877,0.6666666666666666,0.02495791245791244,0.7000000000000001,0.0
5996109,1.3560661454703038,0.5666666666666668,-0.422671568627451,0.8933333333333334,0.0
3438756,0.6972222222222223,0.6,0.30277777777777776,0.890549831649832,1.0
5983022,0.8116032116032116,0.6333333333333333,0.1883967883967884,1.34,0.0
5990791,1.310115995115995,0.6666666666666666,-0.31011599511599514,0.2466666666666667,0.0
5996807,0.9972222222222222,0.5666666666666668,0.002777777777777768,0.88,0.0
5992008,1.0875,0.6,-0.08750000000000001,0.3800000000000001,0.0
5997158,0.8083333333333332,0.6,0.19166666666666665,0.38,0.0
2931269,1.5373015873015874,0.5666666666666667,-0.5373015873015873,0.0,1.0
5993761,0.7591269841269841,0.5666666666666667,0.2408730158730159,0.8933333333333332,0.0
2932124,1.4222222222222225,0.7,-0.4222222222222222,0.24104020713136315,1.0
2851919,0.7602513227513228,0.5666666666666668,0.23974867724867724,0.0,1.0
1580067,1.147222222222222,0.5666666666666667,-0.14722222222222225,0.0,1.0
2231525,0.9615354938271604,0.6666666666666666,0.038464506172839495,0.0,1.0
5978771,1.2583333333333333,0.5666666666666667,-0.25833333333333336,1.8333333333333333,0.0
5982338,1.7456349206349209,0.5,-0.7456349206349207,1.0533333333333337,0.0
5984625,1.902020202020202,0.6404114390980171,-0.9020202020202019,0.7200000000000001,0.0
5987310,1.1312271062271062,0.7666666666666666,-0.13122710622710626,0.48,0.0
5982714,1.4471781305114642,0.43333333333333335,-0.4471781305114639,1.106666666666667,0.0
1992589,0.6064814814814815,0.6666666666666666,0.39351851851851855,0.0,1.0
5995404,0.9481157731157732,0.6,-0.15358453686416998,0.24,0.0
5989970,1.7674603174603174,0.6,-0.7674603174603174,0.3866666666666667,0.0
5982091,0.5972222222222222,0.6333333333333333,0.4027777777777777,1.5,0.0
5983190,1.6777777777777778,0.5666666666666668,-0.6777777777777779,0.7066666666666667,0.0
5980386,0.9705738705738706,0.8000000000000002,0.029426129426129412,1.0066666666666666,0.0
2151345,1.7906001984126985,0.5666666666666668,-0.7906001984126984,0.0,1.0
5983748,0.9006944444444445,0.5333333333333333,0.09930555555555558,0.15333333333333332,0.0
2070934,0.9888888888888888,0.5,0.011111111111111108,0.0,1.0
5984075,1.1459249084249084,0.5333333333333333,-0.14592490842490846,2.013333333333333,0.0
2594153,2.8127741990366735,0.7000000000000001,-0.5527777777777778,0.0,1.0
5979293,0.8035103785103784,0.6,0.19648962148962154,0.7200000000000001,0.0
2345491,1.272222222222222,0.5666666666666667,-0.2722222222222222,0.0,1.0
1664793,1.0663299663299664,0.6000000000000001,-0.06632996632996635,0.0,1.0
5980818,0.7166666666666667,0.6333333333333333,0.2833333333333334,0.19333333333333333,0.0
5999354,0.6370098039215687,0.6999999999999998,0.36299019607843136,0.5933333333333333,0.0
1599673,0.7713293650793651,0.6666666666666666,0.22867063492063494,0.0,1.0
5988216,1.4324404761904759,0.7666666666666666,-0.43244047619047626,0.26666666666666666,0.0
1719533,1.4226190476190474,0.5666666666666667,-0.4226190476190476,0.0,1.0
5988655,0.4813131313131314,0.6,0.5186868686868688,0.8066666666666666,0.0
5996120,1.5829448329448328,0.5333333333333333,-0.5829448329448329,1.0333333333333332,0.0
5981393,1.7525437525437526,0.5666666666666668,-0.7525437525437525,0.7866666666666667,0.0
2060678,1.1377665544332212,0.6,-0.13776655443322108,0.0,1.0
5988860,0.8946007845594384,0.6666666666666666,-0.1431083822616254,0.3008357452867753,0.0
5982518,1.4577533577533577,0.6666666666666666,-0.4577533577533577,1.32,0.0
5983691,1.125834350834351,0.4666666666666666,-0.12583435083435085,0.7600000000000001,0.0
5997027,1.108821733821734,0.6333333333333333,-0.10882173382173384,1.0133333333333334,0.0
5979411,1.2934343434343434,0.6333333333333333,-0.29343434343434344,1.1733333333333331,0.0
5984645,1.0708333333333333,0.6,-0.07083333333333335,0.3,0.0
5994737,1.1424603174603174,0.5,-0.14246031746031745,0.7200000000000001,0.0
3357153,1.300648148148148,0.6333333333333334,-0.30064814814814816,0.0,1.0
5992573,0.875,0.8000000000000002,0.125,0.3,0.0
5981934,0.7611111111111111,0.7000000000000001,0.2388888888888889,1.08,0.0
5993744,1.4037698412698412,0.5666666666666667,-0.4037698412698412,0.48,0.0
5989250,1.603379953379953,0.5333333333333333,-0.6033799533799534,0.58,0.0
5984262,1.3999338624338626,0.5666666666666668,-0.3999338624338624,0.3133333333333333,0.0
5979717,0.8055555555555555,0.5666666666666668,0.19444444444444445,0.5599999999999999,0.0
5985403,1.2905723905723905,0.5333333333333333,-0.2905723905723905,1.18,0.0
5987846,1.1484432234432236,0.5666666666666668,-0.14844322344322344,1.846666666666667,0.0
5984961,1.3518055555555557,0.5,-0.35180555555555554,1.106666666666667,0.0
3376268,0.6666666666666666,0.6000000000000001,0.3333333333333333,0.0,1.0
5980971,0.8841269841269841,0.5666666666666668,0.11587301587301588,0.6666666666666666,0.0
5988055,1.296700336700337,0.6,-0.29670033670033674,0.7799999999999999,0.0
5988772,1.5891941391941393,0.4666666666666666,-0.5891941391941392,0.9733333333333332,0.0
5981372,1.1089285714285717,0.6000000000000001,0.02996031746031746,0.7866666666666667,0.0
5996687,1.1263447971781304,0.6333333333333333,-0.12634479717813055,1.2466666666666668,0.0
5997947,0.9594246031746032,0.6,0.040575396825396834,0.21333333333333332,0.0
2532263,1.295909645909646,0.6333333333333333,-0.2959096459096459,0.0,1.0
5982218,1.1373063973063973,0.5,-0.1373063973063973,0.8400000000000002,0.0
5985405,1.2787037037037037,0.6,-0.2787037037037037,0.43333333333333335,0.0
5983097,1.148148148148148,0.6333333333333333,-0.14814814814814814,1.12,0.0
5981497,1.2819584736251404,0.4666666666666666,-0.2819584736251403,1.66,0.0
5985548,1.036111111111111,0.6,-0.0361111111111111,0.56,0.0
5989997,1.1080555555555556,0.6,-0.10805555555555556,1.1133333333333333,0.0
1585963,1.1990384615384615,0.6,-0.19903846153846155,0.0,1.0
3315822,1.6013431013431012,0.5333333333333333,-0.6013431013431013,0.0,1.0
5992341,1.4333333333333331,0.5,-0.43333333333333335,1.2,0.0
5998927,0.9754563492063492,0.6333333333333333,0.0245436507936508,0.3933333333333333,0.0
2663654,1.1555555555555557,0.5,-0.15555555555555556,0.0,1.0
2431218,1.3222222222222222,0.7333333333333334,-0.32222222222222224,0.0,1.0
5992749,1.3733333333333333,0.6666666666666666,-0.37333333333333335,0.82,0.0
2495267,0.7111111111111111,0.6,0.2888888888888889,0.0,1.0
1517061,0.9342857142857144,0.6,0.0657142857142857,0.0,1.0
5992785,1.5666666666666669,0.6,-0.5666666666666668,0.5866666666666667,0.0
5985719,0.8139180264180265,0.6999999999999998,0.1860819735819736,0.5,0.0
2079887,1.249074074074074,0.6999999999999998,-0.2490740740740741,0.0,1.0
5978151,1.6759259259259258,0.6666666666666666,-0.6759259259259259,0.8733333333333334,0.0
5993603,0.7916666666666666,0.6666666666666666,0.20833333333333331,0.24,0.0
5986324,0.8920634920634921,0.43333333333333335,0.10793650793650797,0.8466666666666667,0.0
5979641,1.1351190476190476,0.5333333333333333,-0.13511904761904764,1.2133333333333334,0.0
5983713,0.7597222222222223,0.6333333333333333,0.2402777777777778,1.0,0.0
2323068,1.1084004884004883,0.6,-0.1084004884004884,0.0,1.0
2381522,1.1918650793650791,0.5333333333333333,-0.19186507936507932,0.0,1.0
1701571,1.6398999183006535,0.6,-0.6398999183006536,0.0,1.0
2700003,0.7166666666666667,0.5666666666666667,0.2833333333333333,0.0,1.0
5998648,0.9546626984126984,0.6666666666666666,0.04533730158730157,0.9133333333333334,0.0
2870400,1.2610269360269362,0.6666666666666666,-0.261026936026936,0.0,1.0
2613440,1.542328042328042,0.6000000000000001,-0.5423280423280423,0.0,1.0
5979775,1.5948937908496734,0.6333333333333334,-0.5948937908496732,1.1933333333333334,0.0
5979649,2.699936306722265,0.55,-1.1987530254780692,0.7708282968709375,0.0
5991044,0.7870039682539683,0.43333333333333335,0.21299603174603168,1.2533333333333332,0.0
5999113,1.6095117845117846,0.5,-0.6095117845117844,0.48,0.0
1604597,1.2884477124183007,0.94690765648915,-0.28844771241830064,0.21086509429034114,1.0
5998581,1.4256715506715505,0.5666666666666668,-0.4256715506715507,0.5266666666666667,0.0
2271188,0.5347222222222222,0.6333333333333333,0.4652777777777778,0.0,1.0
5995235,1.4742063492063493,0.4666666666666666,-0.4742063492063493,0.5666666666666667,0.0
5992920,1.1180147058823529,0.7000000000000001,-0.11801470588235295,0.5933333333333334,0.0
5985475,1.7908730158730157,0.6666666666666666,-0.7908730158730158,0.88,0.0
5997711,0.8099326599326601,0.5603173863936443,0.19006734006734005,1.7333333333333334,0.0
5990204,0.3055555555555555,0.6333333333333334,0.6944444444444443,1.5666666666666669,0.0
2457321,1.4708791208791208,0.6999999999999998,-0.4708791208791209,0.0,1.0
2742695,1.3081454248366011,0.6,-0.3081454248366013,0.0,1.0
5992273,1.4265151515151515,0.7333333333333334,-0.4265151515151515,1.78,0.0
5979144,0.962851037851038,0.6720899874656133,0.03714896214896216,1.1133333333333333,0.0
5986062,0.8064814814814815,0.6666666666666666,0.19351851851851853,0.3,0.0
5998130,0.9394841269841272,0.6999999999999998,0.060515873015873,0.7466666666666667,0.0
2209642,1.45,0.5,-0.45,0.0,1.0
5994542,1.7954674954674956,0.6333333333333333,-0.7954674954674954,1.24,0.0
5994436,1.2894841269841268,0.6333333333333334,-0.289484126984127,1.24,0.0
5979139,1.454496891996892,0.6333333333333333,-0.454496891996892,1.086666666666667,0.0
5982611,1.10271164021164,0.5,-0.1027116402116402,0.15333333333333332,0.0
5979616,0.7715860528360529,0.6666666666666666,0.22841394716394714,1.0666666666666669,0.0
5994511,1.2677777777777777,0.6000000000000001,-0.2677777777777777,0.7600000000000001,0.0
5979040,1.8921717171717167,0.448988125034534,-0.8921717171717173,0.94,0.0
5985447,1.258000572649322,0.7666666666666666,-0.13369799101468974,1.2989957175538704,0.0
5978875,0.6320363562091503,0.5666666666666668,0.3679636437908497,1.2468998972629806,0.0
5994997,1.3932539682539682,0.7333333333333333,-0.39325396825396813,0.36000000000000004,0.0
5983688,0.9222222222222222,0.6666666666666666,-0.20745159363249815,0.6333333333333333,0.0
5989261,1.0277777777777777,0.43333333333333335,-0.027777777777777773,0.34,0.0
5994726,1.4568986568986568,0.6666666666666666,-0.4568986568986569,0.11333333333333336,0.0
5989225,0.6563797313797314,0.6666666666666666,0.34362026862026857,0.9466666666666668,0.0
2956043,1.3026251526251529,0.5333333333333333,-0.3026251526251526,0.0,1.0
2351471,2.9372294914736905,0.6333333333333333,-0.4883245304687458,0.0,1.0
5978499,1.3974867724867728,0.7333333333333334,-0.3974867724867725,1.34,0.0
5990177,0.956679894179894,0.6666666666666666,0.04332010582010581,1.1133333333333333,0.0
1946692,0.9694444444444444,0.5666666666666667,0.03055555555555552,0.0,1.0
5993194,1.1388888888888888,0.5333333333333333,-0.13888888888888887,0.7333333333333334,0.0
1944005,1.4252525252525252,0.6999999999999998,-0.4252525252525253,0.0,1.0
1761989,1.7637663398692809,0.7000000000000001,-0.7637663398692811,0.0,1.0
5992124,0.9717757936507936,0.5666666666666668,0.028224206349206343,0.9733333333333332,0.0
1826527,1.1016884531590414,0.7000000000000001,-0.1016884531590414,0.0,1.0
5995889,0.9621632996632996,0.6,0.03783670033670033,0.6066666666666668,0.0
5997936,1.4452215608465606,0.4333333333333333,-0.4452215608465608,0.94,0.0
5979228,0.8576388888888891,0.6333333333333334,0.14236111111111108,0.7600000000000001,0.0
5996419,0.8074900793650794,0.6,0.19250992063492064,1.3,0.0
2231920,1.2749007936507937,0.5,-0.2749007936507937,0.0,1.0
5985827,1.4916666666666665,0.6,-0.4916666666666666,0.5333333333333333,0.0
1574095,1.0638888888888889,0.6333333333333334,-0.06388888888888887,0.0,1.0
5984963,1.1240876906318082,0.6666666666666666,-0.12408769063180827,1.0000000000000002,0.0
5986419,0.6944444444444443,0.7333333333333334,0.3055555555555556,0.37333333333333335,0.0
5996712,1.5706349206349206,0.6666666666666666,-0.5706349206349206,0.6066666666666667,0.0
2867976,1.1287599206349206,0.6333333333333333,-0.12875992063492067,0.0,1.0
5985624,1.2793650793650797,0.5333333333333333,-0.2793650793650793,0.9,0.0
5984962,0.8555555555555555,0.6666666666666666,0.14444444444444446,0.013333333333333334,0.0
5980628,0.6138888888888888,0.6,0.3861111111111111,1.0733333333333337,0.0
5993416,1.4146825396825398,0.75,-0.4146825396825397,1.95,0.0
5995546,0.6303030303030303,0.5666666666666668,0.3696969696969697,0.3533333333333333,0.0
5997580,2.3406596880846657,0.6,-0.4444648692810458,0.26,0.0
5992364,0.7896848147261505,0.6666666666666666,-0.038857340172125165,0.8669314585239548,0.0
2562755,1.829475024276004,0.7666666666666666,-0.14978174603174604,0.0,1.0
5997339,1.3443055555555556,0.5,-0.3443055555555556,1.4,0.0
5985162,0.9724969474969476,0.7000000000000001,0.02750305250305248,0.2333333333333333,0.0
5981741,1.5694444444444444,0.6666666666666666,-0.5694444444444445,1.8533333333333333,0.0
2026448,1.7534194712118143,0.6666666666666666,-0.5491546977136004,0.0,1.0
5995480,0.9574938949938948,0.6000000000000001,0.042506105006104966,1.5066666666666666,0.0
5996218,0.8842592592592592,0.5333333333333333,0.11574074074074076,0.24,0.0
5987114,1.5287698412698412,0.5666666666666668,-0.5287698412698413,0.7266666666666666,0.0
5997753,0.6455738705738706,0.6333333333333333,0.35442612942612944,0.9666666666666668,0.0
5986881,1.0497222222222222,0.6,-0.049722222222222216,1.4733333333333334,0.0
5999256,0.8972222222222221,0.4000000000000001,0.1027777777777778,0.94,0.0
5996543,0.9737103174603176,0.5333333333333333,0.02628968253968254,1.0666666666666669,0.0
5986178,1.4611721611721613,0.5666666666666668,-0.4611721611721611,0.6333333333333334,0.0
5978442,1.0634920634920637,0.5,-0.06349206349206349,0.16,0.0
5978433,1.444107744107744,0.6666666666666666,-0.4441077441077441,1.1866666666666668,0.0
3373315,1.1229938271604938,0.6666666666666666,-0.12299382716049385,0.0,1.0
5986945,1.5811447811447812,0.7000000000000001,-0.5811447811447811,0.6266666666666666,0.0
2948527,1.5236111111111108,0.7546638039963041,-0.5236111111111111,0.0,1.0
5996912,1.3986531986531991,0.4666666666666666,-0.3986531986531987,1.62,0.0
1702466,0.5777777777777777,0.6,0.4222222222222222,0.0,1.0
5986315,1.2711784511784512,0.5666666666666668,-0.27117845117845113,0.9066666666666666,0.0
3276795,1.1126262626262626,0.6000000000000001,-0.11262626262626264,0.0,1.0
5980873,0.8075091575091574,0.5333333333333333,0.19249084249084247,0.48,0.0
2229602,0.8914285714285715,0.6333333333333333,0.10857142857142857,0.0,1.0
5998940,1.0925084175084174,0.6333333333333334,-0.09250841750841753,0.30000000000000004,0.0
5996497,0.7592592592592592,0.6333333333333333,0.24074074074074076,0.68,0.0
3225516,0.9291161616161616,0.7666666666666666,0.07088383838383837,0.0,1.0
5987952,0.6394199346405228,0.5,0.3605800653594771,1.6333333333333335,0.0
1770416,1.145581501831502,0.6,-0.14558150183150187,0.0,1.0
2256468,1.1126984126984123,0.5666666666666667,-0.1126984126984127,0.0,1.0
1573998,1.1638888888888888,0.6,-0.1638888888888889,0.0,1.0
5988774,1.588095238095238,0.6333333333333334,-0.5880952380952381,0.9666666666666668,0.0
5994312,1.2479365079365081,0.7333333333333334,-0.247936507936508,0.92,0.0
5978048,1.2897630147630148,0.5333333333333333,-0.2897630147630148,0.3800000000000001,0.0
5989551,1.8705050505050504,0.6999999999999998,-0.8705050505050506,0.4666666666666666,0.0
3228504,1.228422619047619,0.6,-0.2284226190476191,0.0,1.0
5983879,0.7534722222222222,0.4666666666666666,0.24652777777777776,0.9933333333333332,0.0
5978826,1.597027972027972,0.6999999999999998,-0.5970279720279721,0.46,0.0
5985328,1.2063492063492065,0.6666666666666666,-0.2063492063492064,1.2,0.0
5998210,1.1233245149911817,0.4374454172333826,-0.12332451499118167,1.54,0.0
5980875,0.7888888888888889,0.6,0.21111111111111114,1.12,0.0
5997519,0.9641694725028058,0.6666666666666666,0.0358305274971942,0.5533333333333333,0.0
5989824,1.3333333333333333,0.6666666666666666,-0.3333333333333333,1.4533333333333334,0.0
5987251,0.5986111111111111,1.1681281045259408,0.40138888888888896,0.92,0.0
5985451,1.3091727716727721,0.6,-0.3091727716727717,0.7533333333333333,0.0
5993351,1.2925099206349209,0.5666666666666668,-0.29250992063492065,0.6266666666666666,0.0
3117818,1.1335521885521886,0.5333333333333333,-0.13355218855218856,0.0,1.0
5990393,1.5361111111111112,0.5666666666666668,-0.5361111111111111,0.4266666666666667,0.0
5984145,1.7671245421245425,0.6666666666666666,-0.7671245421245421,1.36,0.0
2098171,1.4395502645502642,0.5420953659246249,-0.43955026455026464,0.0,1.0
5982145,0.8888888888888888,0.6666666666666666,0.1111111111111111,0.19333333333333333,0.0
5983529,0.9763888888888888,0.6,0.02361111111111109,0.7866666666666666,0.0
2085014,1.0589562289562289,0.5,-0.058956228956228963,0.0,1.0
1756105,0.9655723905723906,0.6,0.03442760942760944,0.0,1.0
5999261,0.8194444444444443,0.7000000000000001,0.1805555555555556,1.5199999999999998,0.0
5982873,1.1323232323232322,0.5666666666666667,-0.13232323232323231,0.86,0.0
5980572,1.2273148148148147,0.5666666666666668,-0.22731481481481486,0.30000000000000004,0.0
5985344,0.4738888888888889,0.5333333333333333,0.5261111111111111,0.9066666666666666,0.0
5997926,1.6138888888888892,1.1321149447651682,-0.6138888888888889,1.5666666666666669,0.0
5983607,1.0875,0.7666666666666667,-0.08750000000000001,0.32,0.0
5987297,1.2586111111111111,0.5333333333333333,-0.2586111111111111,0.26666666666666666,0.0
5990854,1.1299355158730158,0.6333333333333334,-0.12993551587301588,1.1933333333333334,0.0
5986000,1.1307239057239056,0.6,-0.13072390572390574,0.8933333333333334,0.0
5997833,1.0660714285714286,0.6333333333333334,-0.0660714285714286,1.1866666666666668,0.0
2921868,1.2910914702581369,0.6,-0.2910914702581369,0.0,1.0
3363432,0.9463624338624338,0.6666666666666666,0.05363756613756613,0.0,1.0
5982456,1.0261904761904759,0.6000000000000001,-0.02619047619047621,0.4666666666666667,0.0
5999300,1.7588643790849672,0.5,-0.7588643790849673,0.8266666666666667,0.0
5987197,0.9771464646464648,0.5,0.02285353535353533,0.9066666666666666,0.0
2141334,1.125,0.6499999999999999,-0.125,0.0,1.0
5989274,0.7888888888888889,0.5666666666666667,0.2111111111111111,0.15333333333333335,0.0
5997039,1.7459595959595955,0.5333333333333333,-0.7459595959595959,0.68,0.0
5982132,0.9379493464052288,0.5333333333333333,0.062050653594771236,0.6133333333333334,0.0
5980797,1.4178451178451177,0.4738986262476879,-0.4178451178451179,0.92,0.0
5989483,1.1433089133089134,0.6333333333333334,-0.14330891330891335,0.3333333333333333,0.0
5981233,1.1069444444444445,0.5666666666666668,-0.10694444444444444,1.2333333333333334,0.0
5985872,1.136813186813187,0.6666666666666666,-0.1368131868131868,2.12,0.0
5993719,1.5055555555555555,0.6000000000000001,-0.5055555555555555,1.02,0.0
3255575,1.0882867132867131,0.6666666666666666,-0.08828671328671328,0.0,1.0
3054768,0.9747271825396826,0.5,0.025272817460317468,0.0,1.0
5996389,1.5865079365079364,0.6666666666666666,-0.5865079365079365,1.2533333333333332,0.0
5978850,0.8094932844932844,0.7333333333333334,0.1905067155067155,0.7000000000000001,0.0
5979051,0.7909576534576535,0.7666666666666666,0.20904234654234652,0.96,0.0
5993439,1.127984068627451,0.4666666666666666,-0.12798406862745096,0.20666666666666667,0.0
5978880,1.3102258852258852,0.5666666666666668,-0.31022588522588523,0.736745100780038,0.0
5999094,1.6949494949494952,0.43333333333333335,-0.6949494949494951,1.4533333333333334,0.0
5987598,0.7976190476190476,0.7333333333333334,0.2023809523809524,1.5599999999999998,0.0
5984590,0.9777777777777776,0.5666666666666665,0.02222222222222224,0.84,0.0
2475226,0.7349206349206351,0.5,0.2650793650793651,0.0,1.0
5987611,1.199404761904762,0.9469624799609156,-0.19940476190476186,0.3506182115676501,0.0
5989371,1.4803005057197869,0.9487401516439724,-0.5811569919345478,0.9858800919299334,0.0
5984212,1.4339451058201058,0.6,-0.4339451058201058,0.9866666666666668,0.0
5979937,1.2871717171717172,0.6,-0.2871717171717172,0.7266666666666667,0.0
5981295,0.8048368298368298,0.5666666666666667,0.19516317016317014,3.717503368518669,0.0
5995386,0.3611111111111112,0.5333333333333333,0.6388888888888891,0.58,0.0
5982325,0.9794627594627592,0.5666666666666668,0.02053724053724056,1.5333333333333332,0.0
1859219,0.6180555555555556,0.5706218085371613,0.3819444444444445,0.0,1.0
5990360,1.9757557171614195,0.5333333333333333,-0.5124343024514905,1.2688554631606668,0.0
5997814,1.6011904761904765,0.7666666666666666,-0.6011904761904762,0.58,0.0
5982115,1.2775335775335774,0.5666666666666667,-0.27753357753357755,1.1266666666666667,0.0
2021986,1.3690476190476193,0.7333333333333334,-0.3690476190476191,0.0,1.0
5998611,1.1202319902319902,0.5333333333333333,-0.12023199023199024,0.4466666666666666,0.0
5985544,1.5974747474747475,0.6000000000000001,-0.5974747474747475,0.3800000000000001,0.0
1715803,0.7277777777777779,0.5,0.2722222222222222,0.0,1.0
5992677,1.1182081807081807,0.5666666666666668,-0.11820818070818068,1.4466666666666663,0.0
5992942,0.4248154056171985,0.5333333333333333,0.03583638583638582,0.9266666666666667,0.0
5989755,1.13003367003367,0.7666666666666666,-0.13003367003367006,0.42,0.0
5982715,0.9166666666666666,0.6451942219331583,0.08333333333333333,0.86,0.0
5979275,0.769993894993895,0.6333333333333333,0.230006105006105,0.6866666666666666,0.0
2188337,1.1137205387205389,0.5666666666666667,-0.11372053872053872,0.0,1.0
5986828,0.6510008169934641,0.6333333333333334,0.34899918300653593,1.6000000000000003,0.0
2395023,1.4453185703185705,0.6,-0.4453185703185703,0.0,1.0
2934902,1.7611111111111108,1.1725027603193476,-0.7611111111111111,0.0,1.0
3021128,1.64375,0.6499999999999999,-0.64375,0.0,1.0
1677807,0.7611111111111111,0.5666666666666667,0.2388888888888889,0.0,1.0
5987429,1.6232843137254902,0.4666666666666666,-0.6232843137254902,1.5200000000000002,0.0
5996892,1.24760101010101,0.6666666666666666,-0.2476010101010101,0.4533333333333333,0.0
5986591,1.1972222222222222,0.6666666666666666,-0.19722222222222227,1.0,0.0
5991149,0.7333333333333334,0.6333333333333334,0.26666666666666666,2.24,0.0
5992379,7.576942472503611,0.6333333333333333,-0.7107142857142857,0.9399999999999998,0.0
1633526,0.775629903017787,0.6666666666666666,-0.02137030202333105,0.0,1.0
2704876,1.2259259259259259,0.6,-0.22592592592592595,0.0,1.0
2746008,0.7916666666666666,0.6999999999999998,0.20833333333333331,0.0,1.0
5986582,0.7870370370370369,0.7333333333333334,0.21296296296296294,1.4666666666666668,0.0
3449645,1.314484126984127,0.6666666666666666,-0.31448412698412703,0.0,1.0
5983598,0.9637667887667888,0.5666666666666668,0.036233211233211216,0.9266666666666667,0.0
5983023,1.143154761904762,0.7000000000000001,-0.14315476190476192,0.5666666666666668,0.0
5983164,1.0840277777777778,0.5666666666666668,-0.0840277777777778,0.6133333333333334,0.0
5992776,1.3241461401398396,0.55,-0.26639813661923284,0.31,0.0
5986861,0.9444444444444444,0.6666666666666666,0.055555555555555546,0.92,0.0
5979405,0.6981481481481481,0.4333333333333333,0.3018518518518519,0.08666666666666666,0.0
5981748,0.8177579365079365,0.6,0.18224206349206348,0.48,0.0
5988795,0.3013888888888889,0.6,0.6986111111111111,1.606666666666667,0.0
5992384,1.105268959435626,0.5666666666666667,-0.10526895943562607,1.4533333333333334,0.0
5981396,0.8263888888888891,0.6197589920952254,0.17361111111111113,0.48,0.0
5978393,1.3898809523809526,0.6000000000000001,-0.3898809523809524,0.3333333333333333,0.0
5992439,0.6763888888888889,0.6,0.3236111111111111,0.20666666666666667,0.0
2727285,1.75,0.55,-0.75,0.0,1.0
5990105,1.427924297924298,0.6666666666666666,-0.4279242979242979,1.0333333333333332,0.0
5978510,1.9145502645502648,0.6333333333333333,-0.9145502645502646,0.7399999999999999,0.0
2771860,0.96515059015059,0.5,0.0348494098494098,0.2258729561358593,1.0
5989248,1.2778439153439152,0.6,-0.2778439153439153,0.18666666666666668,0.0
5985322,1.3777777777777782,0.6666666666666666,-0.37777777777777777,1.0333333333333334,0.0
5979056,1.4109432234432235,0.6666666666666666,-0.41094322344322337,0.2266666666666667,0.0
1693320,0.7900309273859395,0.6333333333333334,-0.019602235318978155,0.0,1.0
5997577,1.4369047619047621,0.7333333333333333,-0.4369047619047619,0.5333333333333333,0.0
5981208,1.2555555555555555,0.6999999999999998,-0.2555555555555556,1.04,0.0
2797842,0.474484126984127,0.5333333333333333,0.525515873015873,0.394760324074074,1.0
5984046,1.285383597883598,0.5333333333333333,-0.28538359788359785,1.1,0.0
5990316,0.7991694725028058,0.6,0.20083052749719413,0.8133333333333334,0.0
2865861,1.629125816993464,0.7666666666666666,-0.629125816993464,0.0,1.0
5978949,1.4674836601307188,0.6333333333333333,-0.4674836601307189,0.4933333333333334,0.0
3252361,1.068425925925926,0.5666666666666667,-0.06842592592592593,0.0,1.0
5994199,0.9841269841269842,0.5666666666666667,0.015873015873015872,0.21333333333333332,0.0
1979553,1.7708641975308639,0.6,-0.7708641975308641,0.0,1.0
5979214,1.4501683501683502,0.6333333333333333,-0.45016835016835016,2.24,0.0
5980869,0.7976430976430976,0.6333333333333333,0.2023569023569023,0.3866666666666667,0.0
2500363,0.953968253968254,0.6,0.04603174603174609,0.0,1.0
5998305,1.262140637140637,0.6666666666666666,-0.2621406371406372,0.84,0.0
5982885,1.095,0.6666666666666666,-0.095,0.36000000000000004,0.0
5995697,1.4336392773892774,0.6333333333333333,-0.43363927738927743,0.8733333333333334,0.0
5998367,0.8694444444444445,0.4666666666666666,0.13055555555555556,0.94,0.0
5991189,0.6090277777777778,0.5666666666666668,0.3909722222222222,1.0799999999999998,0.0
5991126,1.4166666666666667,0.7,-0.4166666666666667,0.9,0.0
1577364,1.6281562881562879,0.5666666666666668,-0.6281562881562881,0.0,1.0
5988422,0.6213293650793651,0.6,0.37867063492063496,0.98,0.0
5997013,1.1343434343434342,0.5666666666666668,-0.13434343434343435,0.3133333333333333,0.0
5995996,0.9233796296296296,0.6,0.07662037037037038,0.96,0.0
5988587,1.425,0.392535177380511,-0.425,0.68,0.0
2065785,0.7783726150392817,0.6333333333333334,0.22162738496071824,0.0,1.0
5994858,7.534934656982106,0.6,-0.7193528693528694,0.5,0.0
5998170,1.715229215229215,0.4666666666666666,-0.7152292152292152,1.64,0.0
1640286,1.0667249417249416,0.6,-0.06672494172494174,0.0,1.0
5983219,0.9069444444444444,0.6999999999999998,0.09305555555555556,0.6066666666666666,0.0
5979859,1.3054410866910866,0.6,-0.30544108669108666,0.84,0.0
5983101,1.4594696969696972,0.6999999999999998,-0.45946969696969703,0.9333333333333336,0.0
3240603,1.1136160714285714,0.6333333333333334,-0.11361607142857146,0.0,1.0
2801191,0.9085714285714286,0.55,0.09142857142857144,0.0,1.0
2596226,1.283449074074074,0.5333333333333333,-0.28344907407407405,0.0,1.0
5994805,1.2319444444444445,0.6666666666666666,-0.2319444444444445,0.24,0.0
2762396,1.1273313492063493,0.6666666666666666,-0.12733134920634925,0.0,1.0
5991536,1.4310250503379918,0.4666666666666666,-0.8814814814814814,0.2133333333333333,0.0
5994992,1.7387254901960782,0.5,-0.7387254901960784,0.6333333333333333,0.0
5992006,1.2,0.7666666666666666,-0.2,0.6666666666666666,0.0
1786681,1.786421911421911,0.7333333333333334,-0.7864219114219115,0.0,1.0
5988595,1.3277777777777775,0.5333333333333333,-0.3277777777777778,1.4933333333333334,0.0
5983933,0.8787964410446153,0.6,0.3676587301587301,1.4466666666666663,0.0
5998463,1.0833333333333337,0.5,-0.08333333333333331,0.94,0.0
5981604,1.271978021978022,0.5333333333333333,-0.271978021978022,0.68,0.0
2894418,0.8472222222222223,0.5,0.15277777777777776,0.0,1.0
5989934,0.9154040404040404,0.5666666666666668,0.08459595959595956,0.92,0.0
2538688,1.4193528693528694,0.6666666666666666,-0.41935286935286936,0.0,1.0
2135054,0.9599537037037038,0.6,0.04004629629629628,0.0,1.0
5978307,0.9722222222222224,0.5333333333333333,0.02777777777777779,0.1733333333333333,0.0
5999253,0.9805555555555556,0.5333333333333333,0.019444444444444486,1.5,0.0
5983443,0.7919312169312169,0.5339902270614644,0.20806878306878307,0.4066666666666667,0.0
5988007,0.7638888888888888,0.5701826505815517,0.23611111111111116,1.04,0.0
5996311,1.1666666666666667,0.7666666666666666,-0.16666666666666666,1.3666666666666665,0.0
3039722,1.4361693861693858,0.5666666666666667,-0.4361693861693862,0.0,1.0
2113520,0.9721240179573511,0.6666666666666666,0.027875982042648684,0.0,1.0
5990232,0.9815890522875818,0.5,0.018410947712418302,1.6933333333333334,0.0
2426204,0.9537247474747476,0.4666666666666666,0.04627525252525255,0.0,1.0
5990115,1.6011904761904765,0.6,-0.6011904761904762,0.24,0.0
2291177,1.0260885702727838,4.239855147287412,0.0949074074074074,0.0,1.0
2636586,0.6666666666666666,0.6333333333333334,0.3333333333333333,0.0,1.0
5982075,1.269510582010582,0.7000000000000001,-0.26951058201058203,0.98,0.0
5984724,2.989514677764032,0.7333333333333334,-1.2043011659730816,2.4462715105162527,0.0
5996766,1.444246031746032,0.6,-0.4442460317460317,0.9133333333333334,0.0
5993301,1.0989417989417989,0.6,-0.09894179894179896,0.5533333333333333,0.0
5981273,1.6075757575757574,0.5666666666666668,-0.6075757575757575,1.46,0.0
1913236,0.5277777777777778,0.6666666666666666,0.4722222222222222,0.0,1.0
5981828,1.0847222222222224,0.6999999999999998,-0.08472222222222221,0.9333333333333332,0.0
5985430,1.1361111111111108,0.5333333333333333,-0.13611111111111113,1.58,0.0
5994708,0.9453703703703704,0.5666666666666667,0.05462962962962963,1.3733333333333333,0.0
5995567,0.945436507936508,0.6333333333333334,0.05456349206349207,0.26666666666666666,0.0
5989688,1.4614570614570612,0.6666666666666666,-0.4614570614570615,0.16666666666666666,0.0
5990463,1.6527777777777777,0.6666666666666669,-0.6527777777777778,0.9399999999999998,0.0
2427385,1.6979629629629633,0.6499999999999999,-0.6979629629629629,0.0,1.0
5990837,1.1666666666666667,0.5,-0.16666666666666666,0.05333333333333334,0.0
5997516,0.9766453609267316,0.7666666666666666,-0.2311040091977994,0.4552122795435858,0.0
1632392,0.9556753691363736,0.5333333333333333,-0.1006039713305264,0.0,1.0
1715305,1.4166666666666663,0.6499999999999999,-0.4166666666666666,0.0,1.0
5981408,0.9811762311762312,0.5,-0.18186615602807008,0.42,0.0
5989637,1.3054811507936508,0.4000000000000001,-0.3054811507936508,0.64,0.0
5990551,1.2515873015873016,0.4666666666666666,-0.2515873015873016,0.8066666666666666,0.0
5987042,1.5027963948856902,0.4666666666666666,-0.4593167156331439,0.4666666666666666,0.0
5986645,1.5277777777777777,0.5666666666666667,-0.5277777777777778,0.5133333333333333,0.0
5994885,0.6415478919345924,0.43333333333333335,0.14189509867163988,0.5686294079701607,0.0
5996943,1.0388888888888892,0.6666666666666666,-0.038888888888888896,1.0533333333333337,0.0
5981243,0.85,0.6,0.15,0.64,0.0
5987595,0.970848595848596,0.5333333333333333,0.029151404151404117,0.2466666666666667,0.0
2078282,1.5343253968253967,0.5666666666666668,-0.5343253968253968,0.0,1.0
5981354,0.9444444444444444,0.6333333333333334,0.055555555555555546,0.7000000000000001,0.0
3265252,1.4232142857142858,0.7,-0.42321428571428577,0.0,1.0
5994107,1.0194444444444444,0.5333333333333333,-0.019444444444444414,0.38666666666666666,0.0
5981787,0.5590277777777778,0.6666666666666666,0.44097222222222215,1.4866666666666666,0.0
3140148,1.4348484848484848,0.8,-0.4348484848484849,0.0,1.0
5979203,1.4027777777777777,0.6,-0.40277777777777785,1.346666666666667,0.0
3122050,1.097718253968254,0.5666666666666668,-0.09771825396825397,0.0,1.0
2527756,0.8174938725490196,0.5333333333333333,0.1825061274509804,0.0,1.0
5982221,0.9828327228327228,0.6666666666666666,0.017167277167277173,0.8000000000000002,0.0
1680587,0.953968253968254,0.6666666666666666,0.04603174603174602,0.0,1.0
3354814,1.396296296296296,0.8000000000000002,-0.3962962962962963,0.0,1.0
5998337,0.9536574074074076,0.6333333333333333,0.04634259259259258,0.8933333333333332,0.0
5988660,0.6537057387057388,0.5666666666666668,0.3462942612942613,0.3800000000000001,0.0
5984199,1.1056216931216931,0.7333333333333334,-0.10562169312169313,0.2933333333333333,0.0
5987857,1.4275462962962964,0.6666666666666666,-0.4275462962962963,0.13333333333333333,0.0
5997222,1.3891414141414142,0.7000000000000001,-0.3891414141414142,0.64,0.0
5994849,1.0763888888888888,0.6333333333333333,-0.0763888888888889,0.26666666666666666,0.0
5995818,1.4567460317460317,0.5333333333333333,-0.4567460317460317,0.46,0.0
5989058,0.6944444444444443,0.43333333333333335,0.3055555555555556,0.04,0.0
3099554,1.3857083556779823,0.6333333333333333,-0.5539322957852726,0.0,1.0
5990855,0.9685337810337808,0.6,0.03146621896621896,1.1733333333333336,0.0
2973483,0.8583333333333334,1.2772362680367628,0.1416666666666667,0.0,1.0
5995400,1.1949074074074073,0.6333333333333334,-0.19490740740740745,0.8266666666666667,0.0
5984435,1.0208333333333333,0.4666666666666666,-0.02083333333333333,0.20666666666666667,0.0
5987781,12.8668834407612,0.6999999999999998,-0.0888888888888889,0.52,0.0
5985050,1.4126845376845376,0.5333333333333333,-0.4126845376845377,0.7533333333333333,0.0
5996737,1.1282407407407409,0.5,-0.12824074074074074,0.5333333333333333,0.0
5988736,1.5966015466015466,0.6666666666666666,-0.5966015466015465,0.6066666666666667,0.0
5998729,1.4583333333333333,0.5666666666666667,-0.4583333333333333,1.7333333333333332,0.0
5984772,1.130488446933845,0.6,-0.06623160220816024,1.1581523683712371,0.0
2736017,0.9732128267973856,0.6,0.026787173202614367,0.0,1.0
5982347,0.9758417508417508,0.5333333333333333,0.02415824915824912,1.4066666666666665,0.0
2141012,1.1341135620915033,0.6333333333333333,-0.13411356209150324,0.0,1.0
5998001,1.703843008833248,0.6333333333333333,-0.7314230337518121,1.3069039700977232,0.0
5986327,1.0233394140376828,4.474904913230337,-0.3128223770774838,0.2496470814645771,0.0
5980477,0.8046058006535949,0.6000000000000001,0.19539419934640526,0.58,0.0
5983603,1.097222222222222,0.5,-0.09722222222222222,1.153333333333333,0.0
3138830,1.93973063973064,0.986899392587712,-0.9397306397306396,0.0,1.0
5987435,1.6301470588235294,0.6666666666666666,-0.6301470588235295,1.3533333333333335,0.0
5993977,1.4446969696969696,0.5666666666666667,-0.4446969696969697,1.84,0.0
5978961,1.133080808080808,0.5337225508706657,-0.13308080808080805,0.3240321821274527,0.0
5994586,1.7273015873015871,5.06859859489525,-0.7273015873015872,0.2466666666666667,0.0
5979349,1.2902680652680651,0.6,-0.2902680652680653,0.11333333333333333,0.0
5983521,0.9500305250305252,0.8855646489058143,0.04996947496947498,0.6266666666666666,0.0
5981863,1.6345543345543347,0.6333333333333334,-0.6345543345543345,0.5800000000000001,0.0
5989723,0.9345117845117844,0.5,0.06548821548821553,0.7266666666666667,0.0
2011380,1.0833333333333333,0.7666666666666666,-0.08333333333333333,0.0,1.0
3336474,1.5549217372134037,0.5666666666666668,-0.5549217372134039,0.0,1.0
5983573,1.1849206349206352,0.8381964732776962,-0.18492063492063493,1.2666666666666668,0.0
5985696,0.6541181041181041,0.7999999999999999,0.3458818958818959,0.3333333333333333,0.0
2581755,1.2074074074074073,0.5333333333333333,-0.2074074074074074,0.0,1.0
5986334,1.7301587301587302,0.4666666666666666,-0.7910104633905468,0.6666666666666666,0.0
5992222,0.9627314814814816,0.6666666666666666,0.037268518518518534,0.9,0.0
5987143,0.8222222222222223,0.4834474390652199,0.17777777777777773,1.04,0.0
5991201,1.3062160062160062,0.6,-0.3062160062160062,0.5466666666666667,0.0
5983638,0.8411111111111111,0.5666666666666668,0.15888888888888889,1.4800000000000002,0.0
5981806,1.4673382173382172,0.5145423865552914,-0.4673382173382173,1.606666666666667,0.0
5985420,1.3010942760942759,0.5666666666666667,-0.3010942760942761,1.393333333333333,0.0
2219711,0.7958585858585859,0.5,0.20414141414141412,0.0,1.0
5985319,0.6536764705882353,0.6,0.34632352941176475,0.24,0.0
5998072,0.9774918300653596,0.6333333333333334,0.02250816993464054,1.26,0.0
1932117,1.0142195767195767,0.6333333333333333,-0.01421957671957671,0.0,1.0
2768850,1.3015993265993264,0.5666666666666667,-0.3015993265993266,0.0,1.0
2474774,0.7208333333333333,0.6000000000000001,0.2791666666666667,0.0,1.0
5991946,0.9083333333333332,0.6,0.09166666666666667,0.6466666666666667,0.0
5989340,1.28015873015873,0.7333333333333334,-0.2801587301587301,0.6666666666666666,0.0
5986791,1.0666666666666669,0.6666666666666666,-0.06666666666666668,2.013333333333333,0.0
5995804,0.6491656491656491,0.6333333333333333,0.3508343508343508,0.64,0.0
5997269,1.7000000000000002,0.6333333333333333,-0.7000000000000001,1.12,0.0
5998120,0.9230788165646936,0.6,-0.18094912905763325,0.4208796354173727,0.0
5995447,1.4462962962962962,0.6999999999999998,-0.4462962962962964,1.1266666666666667,0.0
5994235,1.036706349206349,0.6333333333333333,-0.036706349206349215,1.12,0.0
5989620,1.4627655228758172,0.6666666666666666,-0.462765522875817,0.2333333333333333,0.0
2083669,1.1068528693528694,0.6666666666666666,-0.10685286935286936,0.0,1.0
3155303,1.6308987308987308,0.6999999999999998,-0.6308987308987309,0.0,1.0
5982849,1.2932539682539683,0.5333333333333333,-0.2932539682539683,0.3666666666666667,0.0
3190157,1.068031482000846,0.5333333333333333,-0.11563582743843455,0.0,1.0
2672963,1.1172619047619048,0.7000000000000001,-0.11726190476190478,0.0,1.0
5983440,1.114186507936508,0.6333333333333333,-0.11418650793650792,0.9,0.0
5984340,0.4861111111111112,0.3488625742698927,0.5138888888888888,1.6333333333333335,0.0
5990868,1.5071428571428571,0.7333333333333334,-0.5071428571428571,0.4533333333333333,0.0
5996155,0.8960317460317461,1.0111639677243478,0.10396825396825396,0.7799999999999999,0.0
5980286,0.8122412854030502,2.8261122126919798,0.1877587145969499,1.06,0.0
5995062,1.1356060606060605,0.7666666666666666,-0.1356060606060606,0.82,0.0
5985140,1.6226851851851851,0.6000000000000001,-0.6226851851851852,1.5066666666666666,0.0
5993539,1.0938492063492065,0.8827959440266318,-0.09384920634920636,1.1866666666666663,0.0
5998384,1.0858796296296296,0.5333333333333333,-0.08587962962962965,0.92,0.0
5984920,1.4138810921349971,0.6666666666666666,0.2410774410774411,0.64,0.0
5983616,0.7157407407407407,0.5333333333333333,0.2842592592592593,0.8666666666666667,0.0
5988083,1.56010101010101,0.6333333333333333,-0.5601010101010101,0.9133333333333334,0.0
2453909,1.5974867724867725,0.6,-0.5974867724867725,0.0,1.0
5979684,0.5888888888888889,0.5666666666666668,0.4111111111111112,0.9333333333333332,0.0
5979295,1.3666666666666667,0.6499999999999999,-0.3666666666666667,1.63,0.0
5985623,1.80359477124183,0.6666666666666666,-0.80359477124183,0.58,0.0
1989228,1.4118492618492615,0.6666666666666666,-0.4118492618492618,0.0,1.0
5998413,1.479656862745098,0.5333333333333333,-0.4796568627450981,0.4466666666666667,0.0
1725914,1.5994543650793651,0.5666666666666668,-0.5994543650793651,0.0,1.0
5991497,1.3866666666666667,0.5499999999999999,-0.38666666666666666,0.5700000000000001,0.0
5990707,0.9046296296296296,0.6999999999999998,0.0953703703703704,1.8666666666666665,0.0
1967336,1.0531746031746032,0.5666666666666668,-0.05317460317460313,0.0,1.0
1962223,0.875,0.6333333333333333,0.12500000000000006,0.0,1.0
2728863,1.5333333333333332,0.55,-0.5333333333333333,0.0,1.0
5996439,1.4243915343915343,0.6666666666666666,-0.4243915343915344,1.2733333333333334,0.0
5985662,1.2749669312169312,0.7333333333333334,-0.2749669312169312,0.8666666666666666,0.0
5985426,1.8996031746031743,0.5333333333333333,-0.8996031746031745,0.14666666666666667,0.0
5980329,0.959039109039109,0.6333333333333333,0.040960890960890964,0.7733333333333333,0.0
5991223,1.6239106753812635,0.4000000000000001,-0.6239106753812637,0.14666666666666667,0.0
2165093,1.2631944444444445,0.6,-0.26319444444444445,0.0,1.0
2180206,1.2906818181818185,0.5666666666666667,-0.2906818181818182,0.0,1.0
5985762,1.07255291005291,0.7333333333333333,-0.07255291005291005,0.7866666666666666,0.0
5995329,1.8472222222222223,0.4000000000000001,-0.8472222222222223,0.8799999999999999,0.0
5991228,0.4912454212454213,0.6333333333333334,0.5087545787545787,0.9266666666666666,0.0
2487169,1.7749935249935251,0.5333333333333333,-0.774993524993525,0.0,1.0
5993729,0.3877314814814815,0.6,0.6122685185185185,0.9066666666666666,0.0
2154466,1.7712826797385623,0.43333333333333335,-0.7712826797385621,0.0,1.0
5983053,1.1308302808302808,0.6333333333333333,-0.13083028083028084,1.06,0.0
5992076,1.1916666666666669,0.6666666666666666,-0.19166666666666668,0.4066666666666667,0.0
2672323,0.8985714285714286,2.5926066396066414,0.10142857142857142,0.0,1.0
5987661,0.9218253968253968,0.6666666666666666,0.07817460317460319,0.4066666666666667,0.0
3399200,1.2737962962962959,0.5333333333333333,-0.2737962962962963,0.0,1.0
3031016,0.935003885003885,0.6000000000000001,0.06499611499611498,0.0,1.0
2905542,1.3875,0.55,-0.3875,0.0,1.0
5989643,1.3388888888888888,0.5666666666666667,-0.33888888888888885,0.9466666666666668,0.0
5979745,1.5550264550264552,0.6666666666666666,-0.5550264550264551,1.7066666666666668,0.0
5988666,1.2916666666666667,0.6333333333333333,-0.2916666666666667,0.8799999999999999,0.0
3341994,1.4313492063492064,0.5333333333333333,-0.4313492063492063,0.0,1.0
2501811,0.6517551892551893,0.6666666666666666,0.3482448107448108,0.0,1.0
5980136,1.2851571268237931,0.5333333333333333,-0.2851571268237935,1.0,0.0
5979238,0.9555555555555556,0.5,0.04444444444444448,0.3733333333333333,0.0
1665850,0.8111279461279461,0.7666666666666666,0.18887205387205386,0.0,1.0
2273941,0.7722222222222221,0.32193046605807724,0.22777777777777775,0.0,1.0
3403661,1.5370370370370368,0.5333333333333333,-0.5370370370370371,0.0,1.0
5982119,1.1297979797979798,0.7000000000000001,-0.1297979797979798,0.52,0.0
3332312,0.9805250305250306,0.6000000000000001,0.019474969474969468,0.12741373830104033,1.0
5988732,1.4444444444444446,0.6666666666666666,-0.4444444444444444,0.38,0.0
5988629,0.9757440476190476,0.7333333333333334,0.024255952380952368,0.88,0.0
1609359,1.2425595238095235,0.6000000000000001,-0.2425595238095238,0.0,1.0
5980212,1.3583333333333332,0.5333333333333333,-0.3583333333333333,0.9266666666666667,0.0
5996266,0.7777292152292152,0.6,0.2222707847707848,0.56,0.0
1624377,1.6281746031746032,0.8000000000000002,-0.6281746031746032,0.0,1.0
5995263,1.2622100122100124,0.6999999999999998,-0.2622100122100122,0.18000000000000002,0.0
3030775,1.225,0.75,-0.225,0.0,1.0
3384515,1.0564814814814816,0.6,-0.056481481481481466,0.0,1.0
5996151,1.4154623154623154,0.6333333333333333,-0.4154623154623153,5.823829536799833,0.0
5981930,0.9761111111111112,0.55,0.02388888888888889,0.98,0.0
5986833,1.2966422466422467,0.5666666666666665,-0.29664224664224664,1.2133333333333334,0.0
5980357,1.115873015873016,0.5666666666666668,-0.11587301587301585,0.4533333333333334,0.0
2432827,1.7887254901960783,0.6666666666666666,-0.7887254901960784,0.0,1.0
5988015,0.7818986568986569,0.5333333333333333,0.2181013431013431,0.8266666666666668,0.0
2125495,1.0318055555555556,0.5333333333333333,-0.03180555555555553,0.0,1.0
5997438,1.4550505050505051,0.5,-0.4550505050505051,0.39333333333333337,0.0
5992022,0.7953703703703704,0.4666666666666666,0.2046296296296296,1.2533333333333332,0.0
1570793,1.5864087301587302,0.6666666666666666,-0.5864087301587301,0.0,1.0
2592932,1.0416666666666667,0.5333333333333333,-0.04166666666666666,0.0,1.0
5994127,1.7315476190476191,0.6,-0.731547619047619,0.9333333333333332,0.0
5995010,0.9166666666666666,0.7333333333333334,0.08333333333333331,1.38,0.0
5984099,1.6700396825396826,0.7333333333333334,-0.6700396825396826,1.0,0.0
5997376,1.1992063492063492,0.7000000000000001,-0.19920634920634925,0.5733333333333334,0.0
5980036,1.1411782661782663,0.6333333333333333,-0.14117826617826615,0.22666666666666666,0.0
5994794,0.5416666666666666,0.6,0.4583333333333333,0.6333333333333333,0.0
5990667,1.4238400488400489,0.4666666666666666,-0.4238400488400489,0.24,0.0
5986643,1.5117724867724869,0.6999999999999998,-0.5117724867724868,1.4866666666666666,0.0
5996284,1.459640522875817,0.7000000000000001,-0.459640522875817,0.4200000000000001,0.0
5987924,1.0851945889257564,0.7333333333333334,-0.27678571428571425,0.7933333333333333,0.0
5991071,0.8106072984749456,0.6,0.18939270152505447,0.28,0.0
5990133,1.2819940476190477,0.6131378094048109,-0.2819940476190476,1.4733333333333334,0.0
5998638,0.4779456654456655,0.5,0.5220543345543346,0.8466666666666667,0.0
5984880,0.8861111111111111,0.5333333333333333,0.11388888888888887,0.11333333333333333,0.0
5992775,1.2987373737373735,0.5,-0.2987373737373737,0.2933333333333334,0.0
2612342,0.4212962962962963,0.6,0.5787037037037037,0.0,1.0
1793950,0.7666666666666666,0.6,0.2333333333333333,0.0,1.0
5991508,1.0896825396825396,0.5333333333333333,-0.0896825396825397,0.9533333333333333,0.0
5985891,1.1018009768009769,0.5666666666666668,-0.1018009768009768,1.0066666666666668,0.0
5991805,0.44651599668356384,0.5666666666666667,0.3134588703154464,0.12158341221934675,0.0
5996693,1.2807550743472729,0.5666666666666668,-0.20166666666666666,1.346666666666667,0.0
5981041,1.620496632996633,0.6,-0.6204966329966329,1.12,0.0
5990044,8.38319613563335,0.7000000000000001,-0.3798611111111112,0.36000000000000004,0.0
5981494,1.4433531746031747,0.6333333333333333,-0.4433531746031745,0.6733333333333333,0.0
5983587,1.4542929292929292,0.7666666666666666,-0.4542929292929293,0.18666666666666668,0.0
1773945,0.5254629629629629,0.43333333333333335,0.474537037037037,0.0,1.0
5995676,1.953865578865579,0.7666666666666666,-0.9538655788655791,1.54,0.0
5995087,1.0587962962962962,0.6333333333333333,-0.05879629629629631,2.02,0.0
1701028,1.4637254901960786,0.6,-0.4637254901960784,0.0,1.0
2036621,1.4281921781921785,0.4666666666666666,-0.4281921781921782,0.0,1.0
5988553,0.4723484848484849,0.6333333333333333,0.5276515151515152,0.92,0.0
5991142,1.1626302825875177,0.6666666666666666,-0.26871128199499833,0.4272702800711024,0.0
5981451,1.5055555555555555,0.4666666666666666,-0.5055555555555555,0.7533333333333333,0.0
5991127,0.8472222222222223,0.6,0.15277777777777776,1.1666666666666667,0.0
5986235,1.2737077737077735,0.5333333333333333,-0.2737077737077737,1.16,0.0
5979582,0.9348484848484848,0.43333333333333335,0.06515151515151514,1.2866666666666664,0.0
5994262,0.9640432098765432,0.6333333333333334,0.03595679012345682,1.1,0.0
5984484,1.201984126984127,0.5666666666666668,-0.20198412698412704,0.8133333333333334,0.0
5990005,1.29001554001554,0.6866290994710337,-0.29001554001554,0.46,0.0
3272479,1.1123015873015871,0.5333333333333333,-0.1123015873015873,0.0,1.0
5988830,0.3089250625695789,1.9417133396340125,0.3885297162885453,0.9440147275093368,0.0
1679165,0.467526455026455,0.6333333333333334,0.5324735449735449,0.0,1.0
5985597,0.9382090132090132,0.5666666666666668,0.06179098679098675,1.346666666666667,0.0
5994523,0.7180555555555556,0.6000000000000001,0.28194444444444444,0.28,0.0
5981709,1.4576262626262626,0.6666666666666666,-0.4576262626262626,0.9333333333333332,0.0
5980202,0.9234440991912476,0.6,-0.2535936285936286,0.3266666666666667,0.0
5984547,1.2354166666666666,0.5,-0.2354166666666667,1.9338621020784008,0.0
5982725,1.4301587301587302,0.6666666666666666,-0.4301587301587302,0.5133333333333333,0.0
1612351,0.4138888888888889,0.6666666666666666,0.5861111111111111,0.0,1.0
2246515,0.6670123848838007,0.7000000000000001,0.709778670963764,0.0,1.0
1514859,1.5037037037037038,0.6999999999999998,-0.4466108025318552,0.0,1.0
2617689,1.0388888888888888,0.5333333333333333,-0.038888888888888896,0.0,1.0
5978336,0.9719678469678468,0.43333333333333335,0.028032153032153038,0.3866666666666667,0.0
5992507,1.2291666666666667,0.6666666666666666,-0.22916666666666666,0.7133333333333334,0.0
1812484,1.1333333333333333,0.7333333333333334,-0.13333333333333333,0.0,1.0
5987550,1.3795238095238096,0.5666666666666668,-0.3795238095238096,1.0799999999999998,0.0
5996032,1.0985495985495983,0.5666666666666668,-0.09854959854959856,0.37333333333333335,0.0
5986221,1.12961860670194,0.6,-0.12961860670194006,1.0733333333333337,0.0
1969927,1.4337301587301583,0.6666666666666666,-0.4337301587301587,0.0,1.0
2459300,0.9027777777777776,0.6333333333333333,0.0972222222222222,0.0,1.0
5988724,1.91936507936508,0.5333333333333333,-0.9193650793650794,0.3066666666666667,0.0
5993278,1.897936507936508,0.6666666666666666,-0.8979365079365079,1.0266666666666666,0.0
5990247,1.4006944444444445,0.7666666666666666,-0.4006944444444445,0.2333333333333333,0.0
2035647,1.0502645502645502,0.6000000000000001,-0.05026455026455027,0.0,1.0
5986440,1.0431216931216931,0.6666666666666666,-0.04312169312169314,0.7333333333333334,0.0
5982588,0.4740740740740741,0.5333333333333333,0.525925925925926,0.66,0.0
5989727,0.6354797979797979,0.5333333333333333,0.3645202020202021,0.3666666666666667,0.0
1789421,1.3277777777777775,0.6333333333333333,-0.3277777777777778,0.0,1.0
5982720,1.7431818181818182,0.6000000000000001,-0.7431818181818182,0.44,0.0
5996760,0.9243055555555556,0.5333333333333333,0.07569444444444444,0.66,0.0
1922994,0.6293981481481481,0.561613342505462,0.3706018518518519,0.0,1.0
5984459,4.2623513038117,25.157889886676184,-0.9355921855921856,0.7600000000000001,0.0
5984691,1.2602513227513228,0.6999999999999998,-0.2602513227513228,0.4466666666666666,0.0
2532272,0.9682043650793649,0.6333333333333333,0.0317956349206349,0.0,1.0
5994826,0.9371114996114996,0.6333333333333333,0.0628885003885004,0.64,0.0
5979751,1.1881944444444446,0.5666666666666667,-0.18819444444444444,0.8999999999999999,0.0
5997132,1.31385582010582,0.6333333333333334,-0.3138558201058201,0.3800000000000001,0.0
5979352,0.9305555555555556,0.6333333333333334,0.06944444444444442,0.4533333333333334,0.0
5995283,1.3486111111111112,0.6,-0.34861111111111115,0.9066666666666668,0.0
2909422,0.8164966977466976,0.7333333333333333,0.18350330225330225,0.0,1.0
3313822,0.8107954545454547,0.6333333333333333,0.18920454545454546,0.0,1.0
5993197,1.9539682539682541,0.55,-0.953968253968254,0.64,0.0
1709038,1.4337301587301587,0.4666666666666666,-0.4337301587301587,0.0,1.0
3326941,0.8251540915004795,0.7000000000000001,0.0704928684674255,0.0,1.0
5978314,1.2284722222222222,0.6,-0.2284722222222223,0.8466666666666667,0.0
3423366,1.1709970727289902,0.5,-0.14635030826500925,0.0,1.0
5982183,0.8108567358567358,0.5333333333333333,0.18914326414326413,0.1466666666666667,0.0
5985440,1.4610430416997238,0.6666666666666666,-0.6015873015873016,0.96,0.0
2945933,1.7595115995115993,0.5666666666666667,-0.7595115995115994,0.0,1.0
3351377,1.4842592592592592,2.540894669118306,-0.4842592592592593,0.0,1.0
5995064,0.8055555555555555,0.5333333333333333,0.1944444444444444,0.7600000000000001,0.0
1555555,1.6155092592592597,0.8962816185765953,-0.6155092592592593,0.0,1.0
1852492,0.7583333333333333,0.389505764499256,0.2416666666666667,0.0,1.0
5997492,1.3097222222222222,0.5,-0.30972222222222223,0.5466666666666667,0.0
5996265,1.2800305250305248,0.6666666666666666,-0.28003052503052506,1.2933333333333332,0.0
5995528,1.1236111111111111,0.5666666666666668,-0.1236111111111111,0.37333333333333335,0.0
1943067,0.9722985347985348,0.5,0.0277014652014652,0.0,1.0
5986693,1.1373688811188811,0.43333333333333335,-0.13736888111888113,0.4,0.0
5995385,0.8140540015540015,0.7333333333333334,0.18594599844599846,0.48,0.0
5984107,1.8462962962962963,0.5333333333333333,-0.8462962962962962,0.7799999999999999,0.0
5982025,0.4444444444444444,0.5666666666666667,0.5555555555555555,0.9733333333333332,0.0
2389204,0.9916666666666668,0.6333333333333333,0.00833333333333334,0.4723467065868263,1.0
5989244,0.9793320105820108,0.5666666666666668,0.02066798941798938,0.6533333333333333,0.0
5986648,0.8298611111111109,0.5666666666666667,0.18461460405661886,1.0733333333333337,0.0
5989734,1.1469352869352871,0.7000000000000001,-0.14693528693528693,0.32666666666666666,0.0
5986274,0.5944444444444444,0.7333333333333334,0.4055555555555556,1.153333333333333,0.0
5980227,1.4362637362637365,0.5333333333333333,-0.4362637362637363,1.2733333333333332,0.0
2716702,0.7877747252747254,0.6,0.21222527472527472,0.0,1.0
1831670,1.1389285714285713,0.6,-0.13892857142857146,0.0,1.0
2861915,0.8986111111111111,0.5666666666666668,0.10138888888888888,0.0,1.0
5992409,0.9678406084656084,0.5666666666666665,0.03215939153439151,1.1466666666666667,0.0
5991133,1.4287057387057385,0.7333333333333334,-0.4287057387057385,0.24,0.0
5982886,1.4787888071895423,1.2518031556947629,-0.4787888071895425,0.84,0.0
1919891,0.7536111111111111,0.4666666666666666,0.2463888888888889,0.0,1.0
3384584,1.6209595959595955,0.6,-0.6209595959595959,0.0,1.0
5991281,0.9832924836601308,0.6333333333333333,0.016707516339869298,0.5333333333333333,0.0
5987200,1.2944444444444445,0.6333333333333334,-0.29444444444444445,1.106666666666667,0.0
5978465,0.7891178266178266,0.6666666666666666,0.21088217338217335,0.8866666666666667,0.0
5980856,1.292443783068783,0.6,-0.29244378306878305,0.28,0.0
5991404,1.271977124183007,0.7502818399961256,-0.2719771241830065,1.18,0.0
5987116,1.6533730158730158,0.5333333333333333,-0.6533730158730159,1.3333333333333333,0.0
5998744,0.983421855921856,0.43333333333333335,0.016578144078144074,1.0533333333333337,0.0
5983803,1.7391941391941392,0.6333333333333333,-0.7391941391941392,1.6933333333333334,0.0
5986593,1.1435690235690237,0.5333333333333333,-0.14356902356902354,2.14,0.0
1947289,2.1980056953665104,0.7,-0.7252941176470589,0.0,1.0
1987061,0.9624591503267976,0.5333333333333333,0.037540849673202585,0.0,1.0
5994142,1.286097494553377,0.7666666666666666,-0.2860974945533769,0.2266666666666667,0.0
1745722,0.8068518518518518,0.5915833761652768,0.19314814814814812,0.0,1.0
5983038,1.2777777777777777,0.6666666666666666,-0.2777777777777777,0.15333333333333335,0.0
5983780,0.9134920634920636,0.6263361429376605,0.08650793650793652,0.9293879527470686,0.0
5996329,1.1498107448107449,0.6666666666666666,-0.14981074481074486,0.3666666666666667,0.0
2235533,1.1135912698412698,0.6,-0.11359126984126985,0.0,1.0
1983845,0.948148148148148,0.5,0.05185185185185185,0.0,1.0
5982622,1.0583333333333331,0.5666666666666665,-0.05833333333333333,0.4866666666666666,0.0
5984731,1.2646464646464646,0.6,-0.26464646464646463,0.8533333333333334,0.0
2073681,1.1343253968253968,0.5666666666666667,-0.1343253968253968,0.0,1.0
5986615,1.7708829365079364,0.6666666666666666,-0.7708829365079365,0.7200000000000001,0.0
2983738,1.7640873015873015,0.4666666666666666,-0.7640873015873016,0.0,1.0
2823787,1.622979797979798,0.6,-0.6229797979797981,0.0,1.0
5993763,1.3738095238095243,0.7689618792684499,-0.3738095238095238,0.48,0.0
2463521,0.9643842268842268,0.5666666666666665,0.03561577311577305,0.0,1.0
5982082,0.9416623540115964,0.6999999999999998,-0.14899237472766888,0.5466666666666667,0.0
2202246,1.2862433862433862,0.6333333333333333,-0.28624338624338624,0.0,1.0
5994797,0.6333536833536834,0.6333333333333333,0.3666463166463166,0.4466666666666667,0.0
5998827,1.4379833129833133,0.6333333333333334,-0.437983312983313,0.6066666666666667,0.0
5998407,1.7184523809523808,0.65,-0.7184523809523811,0.81,0.0
5981189,0.9628086419753088,0.5666666666666668,0.03719135802469139,0.52,0.0
2713812,1.121076146076146,0.6,-0.12107614607614607,0.0,1.0
5985169,1.374074074074074,0.6999999999999998,-0.3740740740740741,0.96,0.0
1599467,1.4660984848484848,0.5517218751458411,-0.4660984848484849,0.0,1.0
5993542,0.8755555555555555,0.6,0.12444444444444445,0.6266666666666667,0.0
5990858,1.6576388888888889,0.7333333333333334,-0.6576388888888888,1.3733333333333333,0.0
3144587,0.7936574074074074,0.6333333333333333,0.20634259259259255,0.0,1.0
2251108,1.0111111111111108,0.5666666666666665,-0.011111111111111108,0.0,1.0
5981496,0.7555555555555555,0.6333333333333333,0.2444444444444445,0.58,0.0
5990331,1.3017704517704518,0.5333333333333333,-0.3017704517704517,0.9066666666666668,0.0
5983107,1.2908272283272282,0.6333333333333333,-0.29082722832722835,0.7333333333333334,0.0
2855780,0.9027777777777776,0.6666666666666666,0.0972222222222222,0.0,1.0
5997195,0.6482341269841271,0.6333333333333334,0.351765873015873,1.413333333333333,0.0
5983749,1.1042768959435625,0.7333333333333333,-0.10427689594356264,1.0666666666666669,0.0
3075723,0.9729166666666668,0.7,0.027083333333333348,0.0,1.0
5987968,1.224404761904762,0.6333333333333334,-0.2244047619047619,0.4533333333333334,0.0
3331770,1.0138888888888888,0.7333333333333334,-0.013888888888888876,0.0,1.0
3387626,0.75,0.6,0.25,0.0,1.0
5993509,1.5556565656565655,0.6,-0.5556565656565656,0.54,0.0
5996426,0.8036756453423121,0.5,0.196324354657688,1.1933333333333331,0.0
5994173,1.2222222222222223,0.6,-0.2222222222222222,0.3333333333333333,0.0
2128399,1.1184920634920634,0.6999999999999998,-0.1184920634920635,0.0,1.0
5992417,1.6157407407407407,0.6,-0.6157407407407408,0.6666666666666666,0.0
5979104,1.4447985347985348,0.5,-0.4447985347985348,0.5933333333333334,0.0
5996553,1.2959456699346406,0.5666666666666667,-0.2959456699346405,0.9666666666666668,0.0
5979802,0.7444444444444445,0.6,0.25555555555555554,1.0599999999999998,0.0
1622237,1.5814814814814817,0.5909720768730039,-0.5814814814814815,0.0,1.0
5995837,1.9183150183150184,0.7000000000000001,-0.9183150183150184,2.1266666666666665,0.0
5982063,1.1851648351648352,0.6,-0.1851648351648352,0.6000000000000001,0.0
5988276,1.0590277777777777,0.5,-0.059027777777777776,0.7399999999999999,0.0
5994051,1.1353349673202615,0.6,-0.13533496732026146,2.8744538750031463,0.0
5994341,1.3654761904761905,0.5666666666666668,-0.3654761904761905,0.3333333333333333,0.0
1668500,1.6085273692810458,2.642521574489287,-0.6085273692810458,0.0,1.0
5992535,1.0175925925925926,0.6666666666666666,-0.017592592592592587,0.4333333333333333,0.0
5986555,1.1648148148148147,0.7000000000000001,-0.5603745907893226,1.2133333333333334,0.0
5983697,1.4118686868686867,0.6333333333333333,-0.4118686868686869,0.9333333333333332,0.0
5981447,0.6443948412698413,0.6333333333333333,0.35560515873015874,0.3466666666666667,0.0
5993614,1.4588966588966592,0.6333333333333334,-0.4588966588966589,0.4666666666666666,0.0
5991700,1.1061167227833897,0.5,-0.10611672278338942,0.28,0.0
1913334,0.9656045751633988,0.6,0.034395424836601296,0.0,1.0
5987018,1.0902777777777777,0.4666666666666666,-0.0902777777777778,1.153333333333333,0.0
5999513,1.2798540965207632,0.6333333333333333,-0.27985409652076315,1.4400000000000002,0.0
2169231,1.3838624338624341,0.6666666666666666,-0.38386243386243385,0.0,1.0
5999267,1.6110119047619047,0.7000000000000001,-0.6110119047619048,0.2866666666666667,0.0
2391875,1.1127645502645505,0.6333333333333333,-0.11276455026455028,0.0,1.0
3071366,1.2938827838827842,0.6666666666666666,-0.2938827838827839,0.0,1.0
5980988,0.9275462962962964,0.5333333333333333,0.07245370370370369,0.46,0.0
2141885,0.9616898148148147,0.6,0.038310185185185176,0.0,1.0
2049817,1.0013888888888889,0.6666666666666666,-0.001388888888888884,0.0,1.0
5982188,1.602818477818478,0.6999999999999998,-0.6028184778184777,0.2533333333333333,0.0
5979297,1.3346031746031748,0.5333333333333333,-0.33460317460317457,1.3333333333333333,0.0
5981625,1.120669934640523,0.6,-0.12066993464052285,0.6666666666666666,0.0
5979053,0.9857440476190475,0.4492679247227098,0.014255952380952378,0.7679389540189829,0.0
5992133,1.2134920634920634,0.6,-0.21349206349206348,0.9466666666666668,0.0
5992902,1.2173611111111111,0.5,-0.21736111111111112,0.08,0.0
2222781,1.0731481481481482,0.6666666666666666,-0.07314814814814813,0.0,1.0
5994664,0.984404761904762,0.75,0.015595238095238096,0.18,0.0
5985766,1.5805555555555555,0.6,-0.5805555555555556,1.22,0.0
5978076,0.9713736263736262,0.5204580907476161,0.028626373626373637,1.0399999999999998,0.0
5982594,1.1396418396418395,0.6666666666666666,-0.13964183964183965,0.6666666666666666,0.0
2920031,0.8944444444444445,0.6333333333333334,0.10555555555555557,0.0,1.0
1860923,1.111111111111111,0.5333333333333333,-0.11111111111111112,0.0,1.0
5985933,1.4402625152625153,0.6333333333333333,-0.4402625152625153,0.52,0.0
5997809,0.8638888888888889,0.7333333333333334,0.1361111111111111,1.0533333333333337,0.0
5988062,1.2244444444444444,0.55,-0.22444444444444445,0.68,0.0
2252653,0.6427423747276689,0.5666666666666668,0.3572576252723311,0.0,1.0
5981306,1.3722222222222225,0.6,-0.37222222222222223,0.3466666666666667,0.0
2837632,1.5111111111111108,0.5666666666666667,-0.5111111111111111,0.0,1.0
5983627,0.8016835016835016,0.4666666666666666,0.1983164983164983,1.413333333333333,0.0
5988622,0.6248015873015873,0.5666666666666668,0.3751984126984127,0.7600000000000001,0.0
2222496,1.3012006512006509,0.5333333333333333,-0.3012006512006512,0.0,1.0
5989276,1.4520375457875458,0.6999999999999998,-0.4520375457875458,0.5933333333333333,0.0
1632150,1.1395909645909648,0.6,-0.1395909645909646,0.0,1.0
5995436,0.9005952380952381,0.6333333333333333,0.09940476190476187,0.6266666666666667,0.0
5998186,1.262043512043512,0.6999999999999998,-0.2620435120435121,0.4933333333333334,0.0
5985122,1.7071428571428573,0.6666666666666666,-0.7071428571428572,0.06,0.0
5997535,1.1898989898989898,0.6000000000000001,-0.1898989898989899,0.5,0.0
5986644,1.0754629629629628,0.4000000000000001,-0.07546296296296295,1.06,0.0
5986458,0.7222222222222222,0.5666666666666667,0.2777777777777777,1.2999999999999998,0.0
3397140,0.945,0.7333333333333334,0.055,0.2955097031457687,1.0
5994757,1.4712724673202615,0.6666666666666666,-0.4712724673202615,0.88,0.0
2535207,0.4866319444444445,0.65,0.5133680555555555,0.0,1.0
5993325,1.5341750841750839,0.6,-0.5341750841750842,0.32,0.0
5984177,1.2484126984126982,0.4666666666666666,-0.2484126984126984,0.7799999999999999,0.0
2444002,1.5626818783068783,0.6999999999999998,-0.5626818783068783,0.0,1.0
2747943,0.7194444444444444,0.6666666666666666,0.2805555555555556,0.0,1.0
3033762,1.428619528619529,0.6,-0.4286195286195286,0.0997622739018088,1.0
3115699,1.0472222222222225,0.6333333333333333,-0.047222222222222235,0.0,1.0
5985711,0.6312169312169312,0.6,0.3687830687830688,0.7333333333333334,0.0
5980763,0.5515848756295744,0.4000000000000001,0.16120910448145384,1.1901135164354295,0.0
5995606,0.7055555555555556,0.5,0.29444444444444445,1.0,0.0
5979346,1.2684126984126989,0.5666666666666667,-0.26841269841269844,0.04,0.0
5995217,0.5277777777777778,0.5333333333333333,0.4722222222222223,0.21333333333333332,0.0
3155234,1.1360364315935618,0.7000000000000001,-0.11546158503411345,0.0,1.0
5997063,0.7104580818300588,0.6333333333333334,0.023947007145969257,0.2933333333333333,0.0
5986707,1.9506699346405232,0.5333333333333333,-0.9506699346405229,0.9933333333333336,0.0
5983555,1.3055555555555556,0.6333333333333333,-0.3055555555555555,1.2333333333333332,0.0
5992002,0.6416666666666666,0.6666666666666666,0.3583333333333334,0.52,0.0
5991124,0.625,0.5666666666666665,0.375,0.7933333333333333,0.0
5995383,0.9563271604938272,0.5666666666666667,0.04367283950617285,1.0666666666666669,0.0
5987751,0.75,0.6333333333333333,0.25,1.0466666666666666,0.0
2979203,1.0638888888888889,0.6666666666666666,-0.06388888888888893,0.2676880422560662,1.0
1584642,1.392857142857143,0.43333333333333335,-0.3928571428571428,0.0,1.0
5999067,0.9305555555555556,0.6,0.06944444444444442,0.44,0.0
2271625,1.4037037037037037,0.5666666666666668,-0.4037037037037037,0.0,1.0
3418828,1.616121031746032,0.5666666666666667,-0.6161210317460317,0.0,1.0
5983835,1.2862949346405228,0.4000000000000001,-0.2862949346405229,0.68,0.0
5983600,0.9766964285714286,0.6999999999999998,0.023303571428571458,1.6066666666666665,0.0
5986179,1.0166666666666666,0.7666666666666666,-0.01666666666666668,1.46,0.0
5981568,0.9669146825396826,0.6,0.033085317460317475,1.7133333333333332,0.0
2927946,1.293121693121693,0.5666666666666667,-0.2931216931216931,0.0,1.0
2217834,1.4667443667443667,0.6333333333333334,-0.4667443667443667,0.0,1.0
5985329,0.9377899877899876,0.7666666666666666,-0.12373484632078467,0.54,0.0
5981684,0.8000000000000002,0.6333333333333333,0.2,0.6733333333333333,0.0
5989273,1.2863095238095237,0.6333333333333333,-0.2863095238095238,0.18000000000000002,0.0
2883058,1.064021164021164,0.7000000000000001,-0.06402116402116402,0.0,1.0
2283587,0.2424824218087005,0.6666666666666666,0.4341710612144916,0.0,1.0
5983493,0.9637667887667888,0.6666666666666666,0.036233211233211216,1.3733333333333333,0.0
1679324,1.313562091503268,0.6,-0.313562091503268,1.4780419546850991,1.0
2900817,1.3644841269841268,0.4666666666666666,-0.36448412698412697,0.0,1.0
5985134,1.1409493284493284,0.6,-0.14094932844932845,2.0866666666666664,0.0
5996738,1.2877428127428128,0.6,-0.2877428127428128,0.8733333333333334,0.0
1641174,0.7921977124183007,0.6333333333333334,0.20780228758169936,0.0,1.0
2988141,1.115873015873016,0.6333333333333334,-0.11587301587301588,0.0,1.0
3122352,1.7659090909090909,0.6000000000000001,-0.765909090909091,0.0,1.0
2689006,0.7306216991369282,0.6666666666666666,0.035332723295433216,0.0,1.0
5981814,0.8835615687992987,0.7000000000000001,-0.11507936507936507,0.3933333333333333,0.0
5978868,1.2633101851851851,0.5666666666666668,-0.2633101851851852,0.3266666666666667,0.0
5985130,0.8111111111111112,0.5,0.18888888888888888,0.24,0.0
5995481,1.1833333333333331,0.6,-0.18333333333333332,0.6933333333333334,0.0
5978041,1.1157828282828284,0.5242908175964944,-0.11578282828282828,1.0533333333333332,0.0
5984130,1.714814814814815,0.5333333333333333,-0.7148148148148148,0.4466666666666667,0.0
3432304,0.6972222222222223,0.5,0.30277777777777776,1.4481354754072682,1.0
5989379,1.2916569541569545,0.5333333333333333,-0.2916569541569542,1.0,0.0
5989624,1.2888480392156862,0.6,-0.2888480392156863,0.9,0.0
5980486,1.239169472502806,0.6666666666666666,-0.2391694725028059,0.7733333333333333,0.0
5989991,1.4730555555555558,0.6,-0.4730555555555556,0.98,0.0
5981254,1.7924603174603175,0.4666666666666666,-0.7924603174603174,0.4866666666666666,0.0
5991454,1.4475579975579975,0.6666666666666666,-0.4475579975579976,0.24,0.0
5980702,1.585606060606061,0.6999999999999998,-0.5856060606060606,0.6133333333333334,0.0
3287713,1.0511650821316707,0.6,-0.1990228199364732,0.0,1.0
5991984,0.6081349206349207,0.6666666666666666,0.39186507936507936,0.11616455938483378,0.0
5983303,0.8117229992229994,0.3700653169953909,0.1882770007770008,1.106666666666667,0.0
5982483,1.0972222222222223,0.5333333333333333,-0.09722222222222222,0.5933333333333333,0.0
5981661,1.6836507936507938,0.5333333333333333,-0.6836507936507936,0.88,0.0
1559704,1.1767676767676771,0.6,-0.17676767676767674,0.0,1.0
5994862,1.1126984126984123,0.4666666666666666,-0.11269841269841267,0.8133333333333334,0.0
5980726,0.980850630850631,0.5333333333333333,0.01914936914936915,0.28,0.0
2159995,0.6875,0.65,-0.20067403275405848,0.0,1.0
5978245,1.6960152116402114,0.5666666666666668,-0.6960152116402116,1.2933333333333332,0.0
5990422,0.9444444444444444,0.4666666666666666,0.055555555555555546,0.3138742363932569,0.0
5996272,1.3107598039215689,0.6333333333333333,-0.31075980392156866,1.1133333333333333,0.0
5984406,0.4820669934640523,0.7666666666666666,0.5179330065359476,0.32,0.0
2668984,1.570117845117845,0.5666666666666668,-0.5701178451178451,0.0,1.0
5982574,1.0850462962962963,0.5666666666666665,-0.0850462962962963,0.8266666666666667,0.0
5987011,0.4828703703703704,0.5666666666666668,0.5171296296296296,1.852001924734041,0.0
5992718,1.456228956228956,0.7333333333333334,-0.4562289562289562,0.8533333333333334,0.0
3220398,0.7430555555555555,0.43333333333333335,0.2569444444444445,0.0,1.0
1597926,1.2792947602975586,0.6333333333333333,-0.12589285714285714,0.0,1.0
3227748,0.6431781045751634,0.5333333333333333,0.3568218954248365,0.0,1.0
5982889,1.277913752913753,0.5333333333333333,-0.2779137529137529,1.2466666666666666,0.0
5985012,1.3713624338624335,0.6999999999999998,-0.3713624338624339,2.0,0.0
5996124,0.9480555555555557,0.5333333333333333,0.05194444444444444,0.4466666666666666,0.0
5992159,1.4476393976393975,0.5921887501722429,-0.4476393976393977,0.52,0.0
5988740,0.9844932844932844,0.6666666666666666,0.015506715506715488,1.0,0.0
5986764,0.9033333333333332,0.4666666666666666,0.09666666666666668,1.0533333333333337,0.0
5994239,0.8444444444444444,0.65,0.15555555555555556,1.13,0.0
5988731,1.4680069930069932,0.5666666666666668,-0.468006993006993,1.5,0.0
5994781,0.7903769841269841,0.5,0.2096230158730159,0.8266666666666667,0.0
5986278,0.6712962962962963,0.6333333333333333,0.3287037037037037,0.5466666666666666,0.0
1775441,1.3081807081807082,0.5666666666666667,-0.3081807081807081,0.0,1.0
2426477,1.1226307189542484,0.5333333333333333,-0.12263071895424835,0.0,1.0
5993942,1.0277777777777777,0.6999999999999998,-0.027777777777777773,1.4866666666666666,0.0
5987752,1.1436091686091687,0.6999999999999998,-0.14360916860916864,0.3466666666666667,0.0
2100474,0.9347222222222222,0.5666666666666667,0.06527777777777775,0.0,1.0
5999325,1.2314814814814816,0.5,-0.2314814814814815,1.5333333333333332,0.0
5979624,0.9792152292152292,0.6,0.020784770784770784,0.6973140121671308,0.0
5997526,2.5432010868373145,0.4666666666666666,-0.472100122100122,0.5133333333333333,0.0
5980316,1.1083333333333334,0.6000000000000001,-0.4310726424703028,1.1266666666666667,0.0
2764321,1.1015873015873017,0.5,-0.1015873015873016,0.0,1.0
2410559,1.4193528693528694,0.4666666666666666,-0.41935286935286936,0.0,1.0
5998110,0.7113095238095238,0.55,0.28869047619047616,0.3728764702007791,0.0
5990627,1.1026936026936027,0.6,-0.10269360269360267,0.5466666666666667,0.0
5980792,0.7685185185185185,0.4,0.2314814814814815,0.66,0.0
2788947,0.6481150793650793,0.6,0.3518849206349206,0.0,1.0
5984854,1.2989239926739928,0.6333333333333334,-0.2989239926739927,1.64,0.0
5993772,0.734775641025641,0.5,0.265224358974359,1.08,0.0
5996076,0.4705026455026455,0.4666666666666667,0.5294973544973546,0.5733333333333334,0.0
5997345,0.6111111111111109,0.6666666666666666,0.3888888888888888,1.78,0.0
2000072,0.980977668845316,0.4666666666666666,0.019022331154684064,0.0,1.0
5978256,0.925925925925926,0.7000000000000001,0.07407407407407407,0.8866666666666667,0.0
5983394,1.4414987789987788,0.5333333333333333,-0.441498778998779,0.04842245196654568,0.0
5992285,1.1246212121212122,0.5666666666666667,-0.12462121212121212,0.8533333333333334,0.0
1909042,1.3511904761904765,0.5,-0.3511904761904762,0.0,1.0
5992838,1.1272376543209877,0.6666666666666666,-0.12723765432098766,1.1733333333333331,0.0
5985859,1.7337301587301586,0.6333333333333333,-0.7337301587301587,1.46,0.0
5978074,1.5888888888888888,0.7000000000000001,-0.5888888888888889,1.0,0.0
5994519,0.9626599326599328,0.5,0.03734006734006734,0.38,0.0
1720047,1.425725623205755,0.5333333333333333,-0.4800980392156863,0.0,1.0
2088095,1.2173611111111111,0.5,-0.21736111111111112,0.0,1.0
1948513,1.0880924630924629,0.5333333333333333,-0.051340001405889985,0.0,1.0
1746892,1.1175925925925927,0.6,-0.1175925925925926,0.0,1.0
5991763,1.4627716727716729,0.4666666666666666,-0.4627716727716728,0.32,0.0
5983355,1.5404527026801758,0.6,0.2369047619047619,1.413333333333333,0.0
5998200,1.531746031746032,0.6333333333333333,-0.5991659693862683,0.3333333333333333,0.0
5979768,1.2055555555555555,0.5666666666666668,-0.2055555555555556,0.2333333333333333,0.0
5994584,1.4461574074074075,0.6666666666666666,-0.44615740740740745,1.04,0.0
5988211,1.1666666666666667,0.6666666666666666,-0.16666666666666666,0.7733333333333333,0.0
5994415,1.123989898989899,0.6333333333333333,-0.12398989898989897,0.9266666666666667,0.0
1862460,1.0071428571428571,0.6999999999999998,-0.007142857142857139,0.0,1.0
2711893,1.2103174603174602,0.5,-0.21031746031746032,0.0,1.0
5983858,1.9599206349206348,0.5333333333333333,-0.9599206349206351,1.2133333333333334,0.0
1804900,1.3999338624338626,0.6333333333333333,-1.5053446994490811,0.0,1.0
5990256,1.4625992063492064,0.6333333333333333,-0.4625992063492063,0.6866666666666666,0.0
5997326,1.1777777777777778,0.5,-0.1777777777777778,2.0466666666666664,0.0
5997694,1.287911162911163,0.6333333333333334,-0.28791116291116303,0.4533333333333333,0.0
5998313,1.6209859584859585,0.5333333333333333,-0.5171758663996334,0.88,0.0
2832118,1.134065009065009,0.6333333333333333,-0.1340650090650091,0.0,1.0
5994394,1.2696969696969698,0.6666666666666666,-0.2696969696969697,1.1133333333333335,0.0
2154564,0.9588293650793652,0.4666666666666666,0.04117063492063494,0.0,1.0
5999347,1.0,0.5333333333333333,0.0,2.68,0.0
5994908,1.3054713804713804,0.6,-0.30547138047138045,1.04,0.0
3378182,0.7472222222222222,0.6,0.2527777777777778,0.0,1.0
2379787,1.115079365079365,0.43333333333333335,-0.11507936507936507,0.0,1.0
5993178,0.7979039479039479,0.7333333333333334,0.20209605209605208,0.52,0.0
2117976,1.6178266178266176,0.6666666666666666,-0.7834923047551913,0.0,1.0
5992420,1.1277777777777778,0.4666666666666666,-0.1277777777777778,0.7666666666666667,0.0
5979631,1.2934796684796686,0.6,-0.2934796684796685,0.66,0.0
5994845,1.07,0.6333333333333333,-0.06999999999999999,1.1666666666666667,0.0
5999220,1.4613858363858363,0.5666666666666667,-0.4613858363858364,0.2866666666666667,0.0
5993757,1.1316498316498316,0.7000000000000001,-0.13164983164983166,1.2333333333333332,0.0
5990278,1.4416870166870168,0.6,-0.4416870166870168,0.9466666666666668,0.0
5983500,1.0111111111111113,0.6333333333333333,-0.011111111111111098,0.7600000000000001,0.0
1647630,0.7992796092796093,0.7333333333333334,0.2007203907203907,0.0,1.0
5999482,0.9027777777777776,0.5333333333333333,0.09722222222222222,1.7333333333333334,0.0
2309618,1.4684343434343434,0.7000000000000001,-0.4684343434343435,0.0,1.0
3253098,1.7931781045751636,0.6,-0.7931781045751634,0.0,1.0
5983279,0.9531580687830687,0.6333333333333334,-1.158044139270643,1.0200000000000002,0.0
5996840,0.9236111111111109,0.6999999999999998,0.0763888888888889,0.24,0.0
2422810,0.9684523809523808,0.5666666666666668,0.03154761904761905,0.0,1.0
5995125,0.7002645502645501,0.5915201746977045,0.2997354497354497,1.3866666666666667,0.0
2190630,0.9794246031746032,1.0935114344059584,0.020575396825396847,0.0,1.0
1777207,1.1430652680652682,0.6666666666666666,-0.14306526806526804,0.0,1.0
1542814,1.3555555555555554,0.6666666666666666,-0.3555555555555556,0.0,1.0
5980392,0.7964869281045752,0.6,0.2035130718954248,0.9933333333333336,0.0
5984631,1.1011904761904765,0.5333333333333333,-0.1011904761904762,0.7133333333333334,0.0
5997591,0.9611111111111112,0.6666666666666666,0.03888888888888888,0.38,0.0
2518745,1.2648148148148148,0.7666666666666666,-0.2648148148148148,0.0,1.0
5994790,1.2496212121212118,0.7333333333333334,-0.2496212121212121,1.3866666666666667,0.0
5998163,1.425,0.6,-0.425,0.96,0.0
1785431,1.2759920634920636,0.5666666666666668,-0.27599206349206346,0.0,1.0
5986682,0.9350793650793652,0.5333333333333333,0.06492063492063495,0.8266666666666665,0.0
2294853,1.0399470899470895,0.5333333333333333,-0.03994708994708995,0.0,1.0
5986537,0.9833333333333334,0.6333333333333333,0.016666666666666646,0.9866666666666668,0.0
5993574,1.1538281805129322,0.5666666666666667,-0.6046398046398047,0.86,0.0
3103969,0.9378434065934066,0.55,0.06215659340659337,0.0,1.0
3001961,1.259236111111111,0.5333333333333333,-0.25923611111111106,0.0,1.0
2759626,1.0777777777777775,0.6666666666666666,-0.07777777777777779,0.0,1.0
2570386,1.3121693121693119,0.7666666666666666,-0.3121693121693121,0.0,1.0
5988691,1.458139083139083,0.6999999999999998,-0.4581390831390832,0.7200000000000001,0.0
5998299,1.4275777847746796,0.7333333333333334,0.21571869488536155,0.32,0.0
5993190,1.141489651416122,0.5666666666666665,-0.14148965141612202,1.106666666666667,0.0
5993701,1.4653423120089786,0.6,-0.4653423120089786,0.4066666666666667,0.0
5988946,0.7809193121693122,0.6,0.21908068783068785,0.58,0.0
5982057,0.991534933386638,0.6333333333333334,-0.10515873015873016,0.7399999999999999,0.0
5986368,0.7999063051146384,0.7333333333333334,0.20009369488536155,0.9066666666666666,0.0
5996770,1.3504761904761906,0.6666666666666666,-0.35047619047619044,0.82,0.0
5993691,1.304166666666667,0.6666666666666666,-0.30416666666666664,0.3,0.0
5985898,1.2647376543209876,0.6,-0.2647376543209877,0.6733333333333333,0.0
5992354,1.1787698412698413,0.6999999999999998,-0.17876984126984122,1.0733333333333333,0.0
5992856,0.7826719576719577,0.5333333333333333,0.21732804232804234,1.6,0.0
3449274,0.8071835571835573,0.5666666666666668,0.1928164428164428,0.0,1.0
5983905,1.1072503885003886,0.5333333333333333,-0.1072503885003885,0.8866666666666666,0.0
2638092,2.298407367779493,0.6666666666666666,-1.032559769111944,0.1827978951184728,1.0
5997189,1.2175925925925926,0.6333333333333333,-0.2175925925925926,0.3,0.0
5988548,1.7355859563250826,0.5,-0.10231481481481483,0.3333333333333333,0.0
5995111,1.3694444444444445,0.6,-0.3694444444444445,1.24,0.0
5979286,1.184126984126984,0.5,-0.1841269841269841,1.6533333333333335,0.0
5986279,1.185978835978836,0.6666666666666666,-0.18597883597883605,2.3000000000000003,0.0
5980011,1.4169753086419752,0.6,-0.41697530864197535,0.9641873468478502,0.0
3439002,1.0916666666666666,0.6333333333333334,-0.09166666666666667,0.0,1.0
2245685,1.4289021164021165,0.6,-0.4289021164021165,0.0,1.0
1713384,1.1046703296703295,0.5333333333333333,-0.10467032967032967,0.0,1.0
5985466,1.4392857142857145,0.5666666666666668,-0.4392857142857143,0.14,0.0
5991606,1.3427149194255363,0.5666666666666668,-0.4080717880104106,1.896343208211361,0.0
5981187,0.9469907407407409,0.6,0.05300925925925922,0.82,0.0
5989916,0.5925925925925926,0.6000000000000001,0.40740740740740733,0.17333333333333334,0.0
5985261,1.4590048840048842,0.6333333333333334,-0.459004884004884,1.153333333333333,0.0
5992411,0.96875,1.7755105444143036,0.03125,0.8333333333333334,0.0
5991710,1.236111111111111,0.6000000000000001,-0.23611111111111116,0.43333333333333335,0.0
2879413,1.1387667887667887,0.7333333333333334,-0.1387667887667888,0.3719605226798701,1.0
5983250,1.4371031746031744,0.6000000000000001,-0.4371031746031746,1.4733333333333334,0.0
5998240,1.4444444444444444,0.6333333333333333,-0.4444444444444445,0.3533333333333333,0.0
5980039,0.4721230158730159,0.5333333333333333,0.5278769841269841,0.7266666666666666,0.0
3404091,1.4586959876543208,0.5666666666666668,-0.45869598765432107,0.0,1.0
5979777,0.6494200244200244,0.5666666666666668,0.3505799755799756,0.3666666666666667,0.0
5980369,0.9773692810457516,0.5,0.02263071895424834,1.4400000000000002,0.0
5993884,1.12271756021756,0.6666666666666666,-0.1227175602175602,0.52,0.0
5983546,1.3960317460317462,0.7333333333333334,-0.39603174603174607,1.0933333333333335,0.0
2602265,1.5918650793650793,0.6,-0.5918650793650794,0.0,1.0
5988743,1.2954545454545456,0.6666666666666666,-0.2954545454545455,0.4733333333333333,0.0
5985214,1.2970695970695971,0.6,-0.2970695970695971,0.6333333333333333,0.0
2608684,1.2856060606060604,0.4666666666666666,-0.2856060606060606,0.0,1.0
2836128,1.2956682206682206,0.5333333333333333,-0.2956682206682207,0.0,1.0
5986685,1.2597552910052912,0.5,-0.259755291005291,0.6466666666666666,0.0
1626491,0.6419968919968921,0.6333333333333333,0.35800310800310803,0.0,1.0
5979899,1.0857142857142856,0.7666666666666666,-0.08571428571428573,1.0666666666666669,0.0
5988604,0.6019654880063888,0.5666666666666667,-0.14881195533769062,0.7000000000000001,0.0
5991699,1.289382716049383,0.7000000000000001,-0.2893827160493827,0.8533333333333334,0.0
5993762,0.7194444444444444,0.6333333333333333,0.2805555555555556,0.6933333333333334,0.0
5983695,0.6333333333333333,0.6,0.3666666666666667,1.6266666666666667,0.0
5998017,1.4432539682539682,0.6333333333333333,-0.4432539682539683,1.06,0.0
5984611,0.8878968253968255,0.6,0.1121031746031746,0.6933333333333334,0.0
5978715,0.8147652116402115,0.5333333333333333,0.1852347883597884,0.5066666666666667,0.0
5992413,0.901851851851852,0.7000000000000001,0.09814814814814814,2.353333333333333,0.0
5990713,1.4316468253968253,0.4666666666666666,-0.43164682539682536,0.48,0.0
5992746,0.8020502645502646,0.5333333333333333,0.1979497354497354,1.0533333333333337,0.0
5999213,1.5467592592592592,0.6333333333333333,-0.5467592592592593,1.1,0.0
5978258,0.6223544973544973,0.6333333333333333,0.3776455026455026,0.4733333333333333,0.0
5990562,0.8967592592592593,0.5,0.10324074074074074,1.16,0.0
3036229,0.6449074074074074,0.6666666666666666,0.35509259259259257,0.0,1.0
5994277,0.6210115008856326,0.5,0.042003367003366966,0.9733333333333332,0.0
5990395,1.9297619047619048,0.5666666666666668,-0.9297619047619048,0.22666666666666666,0.0
5996294,0.974074074074074,0.5666666666666668,0.025925925925925918,0.94,0.0
5996375,0.9521428571428572,0.6,0.0478571428571429,0.96,0.0
5979024,0.6470571095571096,0.5666666666666668,0.3529428904428905,0.7533333333333334,0.0
5992445,1.0916666666666666,24.89898270677405,-0.09166666666666667,0.7266666666666667,0.0
5988263,1.5236111111111108,0.4666666666666666,-0.5236111111111111,0.9933333333333332,0.0
5995685,1.3646825396825395,0.6333333333333333,-0.3646825396825397,1.2533333333333332,0.0
5998776,0.8444444444444444,0.5,0.15555555555555553,0.7266666666666667,0.0
5997452,1.4455387205387205,0.5333333333333333,-0.4455387205387205,0.8000000000000002,0.0
5993801,0.4555555555555556,0.7333333333333334,0.5444444444444444,1.3266666666666669,0.0
5985601,1.1120538720538722,0.5333333333333333,-0.2146534922554955,1.1533333333333335,0.0
5982604,1.7231986531986532,0.9359099682404208,-0.7231986531986531,0.98,0.0
5982269,0.4398148148148148,0.6,0.5601851851851852,0.66,0.0
5979916,1.4533838383838384,0.6000000000000001,-0.4533838383838384,1.606666666666667,0.0
5981176,1.4056672494172495,0.6000000000000001,-0.4056672494172495,0.92,0.0
5978493,1.1076190476190475,0.6666666666666666,-0.1076190476190476,0.48,0.0
5985168,0.7892676767676767,0.5156163342994192,0.21073232323232324,1.8866666666666667,0.0
2390181,0.4775946275946276,0.7666666666666666,0.5224053724053723,0.7111114684032412,1.0
2018176,0.9687169312169313,0.6,0.03128306878306878,0.0,1.0
1664441,0.9375763125763128,0.6666666666666666,0.0624236874236874,0.0,1.0
3177149,1.2484126984126984,0.5666666666666668,-0.2484126984126984,0.0,1.0
5980417,0.8179716117216117,0.4189199630689253,0.18202838827838827,1.46,0.0
5983007,0.9473331558627106,0.6,-0.19656796039144214,0.11015303909425372,0.0
1624639,1.2613756613756613,0.5666666666666667,-0.2613756613756613,0.0,1.0
3136278,0.6359678130511464,0.7666666666666666,0.3640321869488536,0.0,1.0
5998191,0.9584104938271606,0.6,-0.14715004562024367,2.0066666666666664,0.0
5995081,0.9676767676767676,0.6666666666666666,0.032323232323232316,1.3,0.0
5989572,1.075,0.5666666666666668,-0.075,0.5333333333333333,0.0
5992574,1.314950980392157,0.6,-0.31495098039215685,0.12666666666666668,0.0
5996110,0.8170016339869282,0.4666666666666666,0.18299836601307187,0.3266666666666667,0.0
1926319,1.2611111111111108,0.5333333333333333,-0.2611111111111111,0.0,1.0
5994880,0.9581216931216932,0.7000000000000001,0.04187830687830688,1.5541008481474583,0.0
5997648,1.4459498834498836,0.6,-0.44594988344988346,0.4533333333333334,0.0
5980062,0.9784090909090908,0.6999999999999998,0.02159090909090911,1.6199549882846218,0.0
5991200,0.9844749694749696,0.5666666666666665,0.015525030525030525,1.6933333333333334,0.0
5986857,1.2943528693528694,0.6,-0.2943528693528693,0.4466666666666666,0.0
5984413,1.5834595959595958,0.5333333333333333,-0.5834595959595961,0.10666666666666667,0.0
5980564,1.6118386243386242,0.6333333333333333,-0.6118386243386243,1.0066666666666666,0.0
5994985,1.2724664224664226,0.5666666666666667,-0.27246642246642244,0.84,0.0
5984096,1.1215465169078878,0.55,-0.492886629226972,0.5417567460868397,0.0
5993140,0.7725902770562584,0.5666666666666667,-0.10494213083216218,0.9134903700625222,0.0
5991098,0.9608058608058608,0.6666666666666666,0.039194139194139166,0.5466666666666666,0.0
1817679,1.2548821548821552,0.5,-0.2548821548821549,0.0,1.0
5980670,1.2462962962962962,0.6,-0.24629629629629626,0.8333333333333334,0.0
1872206,1.3091727716727721,0.43333333333333335,-0.3091727716727717,0.0,1.0
5990065,0.8046058006535949,0.5437663274366971,0.19539419934640526,1.5,0.0
5982982,0.8051961926961927,0.5666666666666668,0.19480380730380728,1.5733333333333337,0.0
3185601,0.8898148148148147,0.5333333333333333,0.1101851851851852,0.0,1.0
2939671,1.2464814814814815,0.6666666666666666,-0.2464814814814815,0.0,1.0
1672121,1.4118967452300784,0.6666666666666666,-0.6851430942404345,0.0,1.0
3260758,1.126574074074074,0.7333333333333334,-0.12657407407407406,0.0,1.0
5992338,0.7953144078144078,0.6333333333333333,0.20468559218559212,0.82,0.0
5986049,0.8416666666666668,0.7333333333333334,0.15833333333333333,0.7000000000000001,0.0
5980235,1.1390386710239653,0.5,-0.13903867102396514,0.6256853707252544,0.0
5984747,0.9700785634118968,0.7333333333333334,0.029921436588103256,1.5666666666666669,0.0
5988142,1.1307539682539682,0.7666666666666666,-0.13075396825396826,0.3133333333333333,0.0
5985712,1.2967845117845116,0.6333333333333334,-0.29678451178451176,0.5866666666666668,0.0
5987217,1.6444444444444446,0.7000000000000001,-0.6444444444444445,1.0733333333333333,0.0
5992466,1.4594444444444443,0.5333333333333333,-0.4594444444444445,0.5733333333333334,0.0
5989977,1.4637334887334887,0.6333333333333333,-0.4637334887334888,2.053333333333333,0.0
5981470,1.2954156954156952,0.4242779138122469,0.020502549918126684,0.8883746560058291,0.0
2763683,1.1058536666481642,0.5666666666666667,-0.3745457134512662,0.0,1.0
5995054,1.3468253968253971,0.5,-0.3468253968253968,1.4066666666666665,0.0
5984713,0.6777777777777777,0.5333333333333333,0.32222222222222224,0.23333333333333334,0.0
5982794,1.44992673992674,0.6999999999999998,-0.4499267399267399,0.34,0.0
1635286,1.0953703703703703,0.6333333333333334,-0.09537037037037037,0.0,1.0
3421605,1.5585016835016834,0.5,-0.5585016835016835,0.0,1.0
5984660,0.9699074074074074,0.5666666666666667,0.0300925925925926,0.8133333333333334,0.0
5999481,1.41969696969697,0.7000000000000001,-0.4196969696969697,0.4266666666666667,0.0
1972193,1.6972222222222222,0.43333333333333335,-0.6972222222222223,0.0,1.0
5981596,1.3743386243386244,0.4666666666666666,-0.3743386243386244,0.8866666666666667,0.0
2436993,0.7657954072347257,0.6333333333333333,-0.029865382946291492,0.0,1.0
1823676,1.0064814814814815,0.4000000000000001,-0.006481481481481477,0.0,1.0
2858509,2.118518176910885,0.6333333333333333,-0.4281201086314249,0.0,1.0
5981307,1.2693528693528695,0.6333333333333333,-0.2693528693528693,0.64,0.0
5981886,0.7984788359788361,0.6333333333333333,0.201521164021164,1.2733333333333332,0.0
2271372,2.215557344490518,0.6333333333333333,0.08429337635285605,0.0,1.0
2900283,1.127732884399551,0.6333333333333333,-0.12773288439955108,0.0,1.0
1841070,0.7972222222222222,0.7333333333333334,0.2027777777777778,0.0,1.0
5993538,1.3984006734006733,0.6333333333333333,-0.39840067340067337,1.1266666666666667,0.0
5978371,1.365575396825397,0.5666666666666668,-0.3655753968253968,0.7800000000000001,0.0
5983032,1.254671717171717,0.6,-0.2546717171717172,0.5466666666666667,0.0
2133365,1.1256105006105006,0.5333333333333333,-0.1256105006105006,0.0,1.0
3196966,1.2734126984126986,0.6333333333333334,-0.2734126984126984,0.0,1.0
2782802,0.7180555555555556,0.351031878970558,0.28194444444444444,0.0,1.0
5987570,0.7816605616605616,0.7333333333333334,0.2183394383394384,0.56,0.0
5992561,1.4517676767676766,0.6,-0.4517676767676768,0.46,0.0
2530895,1.232390873015873,0.5666666666666667,-0.23239087301587305,0.0,1.0
5988461,1.475,0.6333333333333333,-0.475,1.106666666666667,0.0
2326317,0.5378101570033929,0.5666666666666668,0.2323904693659112,0.0,1.0
2057528,1.4737103174603174,0.5666666666666665,-0.4737103174603174,0.0,1.0
5979205,0.6431602733686067,0.6,0.35683972663139324,0.8333333333333334,0.0
5984180,1.4567155067155066,0.7333333333333334,-0.4567155067155067,1.36,0.0
2254068,1.0570105820105822,0.5,-0.05701058201058199,0.0,1.0
5998950,0.9335353535353536,0.6,0.06646464646464648,0.8733333333333334,0.0
5980730,1.3425925925925926,0.6666666666666666,-0.34259259259259256,0.7933333333333333,0.0
5984507,1.4422385620915037,0.6,-0.4422385620915033,1.1333333333333333,0.0
5994232,1.1367003367003363,0.6333333333333333,-0.13670033670033668,0.7666666666666666,0.0
5997256,0.8088657407407407,0.6666666666666666,0.19113425925925925,1.72,0.0
2408275,0.9342592592592592,0.5333333333333333,0.06574074074074075,0.0,1.0
5983159,0.9549603174603174,0.43333333333333335,-0.1772163066001929,0.8733333333333334,0.0
5990503,1.552314814814815,0.5,-0.5523148148148148,0.18000000000000002,0.0
5980794,1.3472222222222223,0.6999999999999998,-0.3472222222222221,0.34,0.0
1890918,1.6213064713064709,0.6666666666666666,-0.6213064713064713,0.0,1.0
2062716,2.998886521585654,0.6666666666666666,-1.4549666273835908,0.0,1.0
5980961,1.2,0.5,-0.20000000000000004,0.7333333333333334,0.0
2000818,0.9385582010582012,0.6666666666666666,0.06144179894179892,0.0,1.0
5988591,1.2055555555555555,0.5666666666666668,-0.2055555555555556,0.6266666666666667,0.0
5986011,1.1351953601953602,0.5,-0.1351953601953602,1.2066666666666668,0.0
2913476,1.4097643097643096,0.7000000000000001,-0.4097643097643098,0.0,1.0
2150061,0.7859788359788359,0.6000000000000001,0.21402116402116395,0.0,1.0
5980587,0.6279040404040405,0.6333333333333334,0.3720959595959596,0.8133333333333334,0.0
5989700,0.9736195286195288,0.6654070007999463,0.026380471380471397,0.7999999999999999,0.0
1643125,1.4586441336441336,0.4666666666666666,-0.4586441336441336,0.0,1.0
5984455,0.9535094535094536,0.5333333333333333,0.04649054649054648,1.4266666666666667,0.0
2102701,0.9222222222222222,0.6333333333333334,0.07777777777777779,0.0,1.0
5985095,0.3819444444444444,0.6,0.6180555555555555,0.8533333333333332,0.0
5978528,1.3990740740740744,0.6666666666666666,-0.3990740740740741,0.9066666666666668,0.0
2398847,1.9373015873015875,0.6,-0.9373015873015872,0.0,1.0
5991125,1.4417906746031746,0.5333333333333333,-0.4417906746031746,0.4133333333333334,0.0
5982814,1.2590048840048842,0.5666666666666665,-0.259004884004884,1.2599999999999998,0.0
5978786,0.8014550264550264,0.6666666666666666,0.1985449735449736,0.6133333333333334,0.0
3303357,1.6194444444444445,0.6333333333333334,-0.6194444444444445,0.0,1.0
5985884,0.6520350020350021,0.5333333333333333,0.3479649979649979,0.26666666666666666,0.0
3441367,1.0833333333333333,0.5666666666666667,-0.08333333333333331,0.0,1.0
5983470,0.7611111111111111,0.6666666666666666,0.2388888888888889,1.4333333333333331,0.0
5988614,0.9656565656565655,0.4666666666666666,0.03434343434343436,0.5466666666666667,0.0
5978408,0.8958333333333334,0.4333333333333333,0.10416666666666667,1.1,0.0
5994831,0.5383814323198317,0.7333333333333334,0.2664530208708867,1.1504478736802706,0.0
5979389,0.6352693602693603,0.6333333333333333,0.3647306397306397,0.3066666666666667,0.0
5993058,0.9409722222222222,0.7000000000000001,0.05902777777777779,0.5866666666666667,0.0
5998159,1.4515488215488217,0.5666666666666668,-0.4515488215488215,1.5,0.0
5986734,1.0921957671957674,0.6666666666666666,-0.0921957671957672,0.8133333333333334,0.0
5979407,0.7944444444444444,0.6666666666666666,0.2055555555555555,1.7066666666666668,0.0
5989150,0.9460978835978836,0.43333333333333335,0.0539021164021164,0.68,0.0
5988627,1.2416544183471605,0.5333333333333333,-0.2683342617604197,0.7989262178901733,0.0
2007302,1.7952614379084968,0.7333333333333334,-0.7952614379084967,0.0,1.0
5987998,1.0313492063492065,0.7000000000000001,-0.03134920634920635,0.46,0.0
5994276,1.1453296703296705,0.5675612598211585,-0.14532967032967034,0.4933333333333334,0.0
2490465,1.4799591503267973,0.6,-0.4799591503267974,0.0,1.0
5998114,1.4459523809523809,0.6666666666666666,-0.4744634343820249,0.22666666666666666,0.0
5978223,1.1199009324009324,0.6333333333333333,-0.11990093240093246,0.3066666666666667,0.0
5998295,1.1408221408221408,0.5666666666666668,-0.1408221408221408,0.26,0.0
5994005,0.7599326599326598,0.6,0.2400673400673401,1.1733333333333331,0.0
5985386,1.4446127946127945,0.7000000000000001,-0.4446127946127946,1.4,0.0
5995650,1.2992424242424243,0.6,-0.29924242424242425,0.18000000000000002,0.0
5984221,0.7777777777777778,0.5,0.22222222222222224,0.9533333333333333,0.0
2507105,1.131746031746032,0.6666666666666666,-0.13174603174603175,0.0,1.0
5984423,0.4662037037037037,0.5333333333333333,0.5337962962962962,0.5266666666666666,0.0
5988828,0.9196428571428572,0.5,0.08035714285714286,0.3333333333333333,0.0
2525550,1.2154761904761904,0.5333333333333333,-0.2154761904761905,0.0,1.0
2999275,1.883133094796993,0.5666666666666668,-0.6048280423280423,0.0,1.0
5979797,1.5546296296296296,0.6666666666666666,-0.5546296296296296,1.4266666666666663,0.0
3122757,0.6515114379084967,0.5666666666666668,0.34848856209150325,0.0,1.0
2993989,0.929563492063492,0.6999999999999998,0.07043650793650795,0.0,1.0
3270968,1.1541666666666666,0.6000000000000001,-0.15416666666666667,0.0,1.0
5993225,1.138888888888889,0.5666666666666667,-0.13888888888888892,0.9466666666666668,0.0
5995838,1.5344444444444445,0.6,-0.5344444444444445,1.0533333333333337,0.0
5998446,1.1381127450980393,0.6999999999999998,-0.13811274509803922,1.34,0.0
5989272,1.2740410052910054,0.786380417650932,-0.2740410052910053,0.18000000000000002,0.0
5997810,1.4658848096348096,0.7000000000000001,-0.4658848096348097,0.40666666666666657,0.0
5980314,1.4365967365967365,0.6333333333333333,-0.4691147444233865,0.3266666666666667,0.0
5996789,1.1603730099817566,0.6333333333333334,-0.4194444444444445,0.4133333333333333,0.0
5991915,1.2305555555555554,0.6333333333333333,-0.23055555555555554,0.5533333333333333,0.0
5992112,0.4867845117845118,0.6333333333333333,0.5132154882154881,0.15333333333333332,0.0
5996041,1.7263503086419751,0.7000000000000001,-0.7263503086419755,0.68,0.0
2659744,0.9744200244200244,0.5333333333333333,0.02557997557997556,0.0,1.0
5979514,1.4912698412698413,0.4666666666666667,-0.4912698412698413,0.4733333333333333,0.0
5984422,1.05,0.5666666666666668,-0.05000000000000001,0.8999999999999999,0.0
5980410,1.1183201058201058,0.8369508280361658,-0.11832010582010585,1.4666666666666666,0.0
2349292,1.4272486772486772,0.7333333333333334,-0.4272486772486772,0.3253585662972009,1.0
2615431,1.366666666666667,0.7333333333333334,-0.3666666666666667,0.0,1.0
2953591,1.4641536755797648,0.6,-0.691566232136668,0.0,1.0
5980243,0.9626262626262626,0.6,0.03737373737373738,0.6,0.0
5983784,0.9305555555555556,0.5666666666666667,0.06944444444444446,0.3800000000000001,0.0
5979932,0.8668563481639525,0.6000000000000001,0.05238280238280239,0.7533333333333333,0.0
3299306,1.44040404040404,0.6333333333333333,-0.4404040404040404,0.0,1.0
5984346,1.2724747474747475,0.5666666666666667,-0.2724747474747475,0.98,0.0
2859839,1.2152777777777777,0.7,-0.2152777777777778,0.0,1.0
5992626,1.0783333333333334,0.8000000000000002,-0.07833333333333334,0.36000000000000004,0.0
3436286,1.4297161172161177,0.5333333333333333,-0.4297161172161173,0.0,1.0
2397084,1.304639804639805,0.6666666666666666,-0.3046398046398047,0.0,1.0
2280937,1.2088888888888891,0.5333333333333333,-0.20888888888888887,0.0,1.0
5994117,1.2545833333333334,0.6333333333333333,-0.2545833333333333,0.56,0.0
5978158,1.3862433862433865,0.6666666666666666,-0.3862433862433862,0.8733333333333334,0.0
5979594,0.7361111111111112,0.6666666666666666,0.2638888888888889,0.8133333333333334,0.0
3110439,1.3024410774410775,0.5618753797142199,-0.30244107744107745,0.0,1.0
2294747,1.9399206349206348,0.6333333333333333,-0.9399206349206348,0.0,1.0
2189602,1.1356944444444443,0.7333333333333334,-0.13569444444444442,0.0,1.0
5992794,1.0842087542087542,0.5666666666666668,-0.08420875420875422,0.3133333333333333,0.0
5991896,0.807912457912458,0.6666666666666666,0.19208754208754208,0.36000000000000004,0.0
5993650,1.2526936026936026,0.6666666666666666,-0.2526936026936027,0.5066666666666667,0.0
2236791,1.3084640522875817,0.6666666666666666,-0.3084640522875817,0.0,1.0
5989975,0.9815563725490196,0.4495460070426968,-0.019176838325869885,1.5133333333333332,0.0
1941494,0.4722222222222223,0.5666666666666667,0.5277777777777778,0.0,1.0
5987241,1.630952380952381,0.7922228410028298,-0.6309523809523809,0.48,0.0
5981296,1.3126190476190478,0.6333333333333334,-0.31261904761904763,0.16666666666666666,0.0
1600864,0.6363858363858363,0.7333333333333334,0.3636141636141636,0.0,1.0
5979095,1.1961111111111111,0.45,-0.19611111111111112,1.32,0.0
3442463,1.5305555555555557,0.6333333333333334,-0.5305555555555556,0.0,1.0
1758324,1.2468013468013466,0.5666666666666668,-0.2468013468013468,0.0,1.0
5978742,0.7805886243386243,0.7333333333333334,0.21941137566137567,1.5600000000000005,0.0
5994766,0.9677960927960928,0.6666666666666666,0.0322039072039072,0.4733333333333333,0.0
3133572,1.1360449735449736,0.5666666666666667,-0.13604497354497355,0.0,1.0
5991941,1.086952861952862,0.4354079493118003,-0.08695286195286195,1.1,0.0
5998655,0.9416666666666668,0.7666666666666666,0.05833333333333335,7.428531369842001,0.0
1934477,0.875,0.6,0.125,0.0,1.0
5997512,1.075,0.5,-0.075,0.09000000000000001,0.0
5985968,0.7638888888888891,0.5666666666666668,0.23611111111111116,1.0733333333333333,0.0
1748837,1.4819444444444445,0.5333333333333333,-0.4819444444444445,0.0,1.0
3341877,1.4503968253968254,0.5666666666666668,-0.43928574460782,0.0,1.0
1843512,1.1037781662781665,0.6666666666666666,-0.10377816627816627,0.0,1.0
5984382,1.3652777777777778,0.5333333333333333,-0.3652777777777778,0.6,0.0
5998175,0.5999503968253969,0.4057207996307178,0.4000496031746032,1.04,0.0
3086713,0.9376984126984128,0.6666666666666666,0.0623015873015873,0.0,1.0
5983150,1.5257936507936507,0.7000000000000001,-0.5257936507936508,1.5666666666666664,0.0
5996870,1.2737131458029065,0.6,-0.46289196660197796,0.671373747074005,0.0
3370422,1.2555555555555555,0.3790698886658352,-0.25555555555555554,0.0,1.0
1777929,0.7083333333333334,0.6,0.2916666666666667,17.81522564827127,1.0
5983878,0.9791666666666666,0.43333333333333335,0.02083333333333333,0.8266666666666667,0.0
5999015,1.7126984126984126,0.7666666666666666,-0.7126984126984127,1.0466666666666666,0.0
5987628,2.0643546429546307,0.6666666666666666,-0.8790871542434546,1.4625720442008323,0.0
5992000,0.9722558922558924,0.4901508843021373,0.02774410774410775,0.13333333333333333,0.0
1776023,1.5022569478628605,0.6333333333333334,0.04111952861952862,0.0,1.0
5985858,0.9824481074481076,0.5666666666666668,0.017551892551892545,0.9,0.0
5987428,0.6304738562091504,0.4666666666666666,0.3695261437908497,0.3333333333333333,0.0
5978432,1.2813888888888891,0.5,-0.2813888888888889,0.4733333333333334,0.0
2075833,1.6214896214896215,0.5666666666666668,-0.6214896214896214,0.0,1.0
3193876,1.722142857142857,0.7,-0.7221428571428572,0.0,1.0
5989626,0.6481481481481481,0.6333333333333333,0.35185185185185186,1.5133333333333334,0.0
2983538,0.6162698412698413,0.7333333333333334,0.3837301587301588,0.0,1.0
5983044,1.6306502727118426,0.5666666666666668,-0.5019454508167208,2.097336553724617,0.0
5985109,1.2934336419753083,0.5666666666666667,-0.29343364197530863,1.3333333333333333,0.0
5986521,0.9555555555555556,0.6333333333333334,0.04444444444444443,0.7866666666666667,0.0
5980557,1.2841269841269842,0.6666666666666666,-0.2841269841269841,0.34,0.0
2280279,1.0509259259259258,0.5333333333333333,-0.05092592592592593,0.0,1.0
5981119,0.7932310744810745,0.5666666666666668,0.20676892551892548,0.8133333333333334,0.0
5998445,1.0397652116402116,0.5666666666666668,-0.03976521164021166,0.4200000000000001,0.0
5978706,0.9222222222222222,0.48608049009175003,0.07777777777777778,0.08,0.0
5998126,1.764183964183964,0.6,-0.7641839641839642,0.4000000000000001,0.0
5996824,1.1043349917829084,0.5333333333333333,-0.4082828282828283,0.62,0.0
5991994,0.6069444444444444,0.5,0.3930555555555556,1.5599999999999998,0.0
3070802,1.4540355477855478,0.6,-0.4540355477855478,0.0,1.0
5980380,0.9742445054945056,0.6,0.025755494505494525,1.06,0.0
2523265,0.8506944444444443,0.5315131200925665,0.14930555555555555,0.0,1.0
5996646,0.7885251322751322,0.6666666666666666,0.21147486772486776,1.153333333333333,0.0
5985855,1.4640873015873013,0.6,-0.4640873015873017,0.28,0.0
2087081,1.2480555555555557,0.6,-0.2480555555555556,0.0,1.0
5998543,1.4456349206349206,0.6,-0.4456349206349206,0.08,0.0
1505351,0.5962962962962962,0.5666666666666667,0.4037037037037037,0.0,1.0
5989704,1.28234126984127,0.8000000000000002,-0.2823412698412698,1.8133333333333332,0.0
5994563,0.7954350490196078,0.6333333333333333,0.20456495098039212,0.7000000000000001,0.0
5990415,1.2911477411477412,0.6666666666666666,-0.2911477411477412,1.2466666666666668,0.0
5990338,0.8902777777777778,0.6,0.10972222222222222,0.8133333333333334,0.0
5978994,0.6452602952602953,1.1860010699517989,0.35473970473970473,0.5466666666666666,0.0
2752774,0.6560702614379085,0.6333333333333333,0.3439297385620915,0.0,1.0
2820829,0.9243055555555556,0.6666666666666666,0.07569444444444445,0.0,1.0
5979423,0.9551587301587302,0.6,0.04484126984126985,0.7933333333333333,0.0
5991502,1.3194444444444444,0.6666666666666666,-0.3194444444444445,0.8733333333333334,0.0
5994419,0.75,0.6,0.25,0.5466666666666667,0.0
5997119,1.1251984126984127,0.6333333333333334,-0.1251984126984127,0.8866666666666667,0.0
1714528,0.9688271604938272,0.6666666666666666,0.031172839506172837,0.0,1.0
5997128,0.5995370370370371,0.5666666666666667,0.40046296296296297,1.42,0.0
3378823,0.9389550264550264,0.6,0.19737406912590613,0.0,1.0
1876246,0.9608100233100232,0.6,0.03918997668997674,0.0,1.0
5987696,0.6297949735449735,0.3289586354924423,0.3702050264550265,0.9333333333333332,0.0
5980290,1.5031746031746032,0.7333333333333334,-0.5031746031746032,1.4266666666666663,0.0
5992855,1.7919261294261295,0.6,-0.7919261294261295,0.6333333333333333,0.0
5995058,1.1895833333333332,0.7,-0.18958333333333333,0.6,0.0
2617399,1.2333333333333334,0.8800657652274325,-0.2333333333333333,0.0,1.0
5981303,1.186823684041878,0.5333333333333333,-0.4487455205714929,0.7437910832146827,0.0
5997668,1.2666666666666666,0.7333333333333334,-0.26666666666666666,0.62,0.0
5983759,1.4150155400155402,0.5333333333333333,-0.41501554001554,1.04,0.0
5988168,1.4611111111111108,0.5666666666666667,-0.4611111111111111,1.0466666666666666,0.0
5981166,1.58013468013468,0.5666666666666665,-0.5801346801346802,0.3333333333333333,0.0
5989952,0.9609279609279608,0.7333333333333334,0.0390720390720391,0.62,0.0
5992907,1.4466666666666663,0.4703866157401344,-0.4466666666666667,0.3866666666666667,0.0
5997450,1.2943084693084694,0.7185925123707544,-0.2943084693084693,0.7466666666666667,0.0
3207754,1.610218253968254,0.5333333333333333,-0.610218253968254,0.0,1.0
5998490,1.0305555555555557,0.7000000000000001,-0.03055555555555556,0.96,0.0
5985633,0.7779040404040404,0.7666666666666666,0.2220959595959596,1.2133333333333334,0.0
3354563,0.7291666666666666,0.6333333333333333,0.2708333333333333,0.0,1.0
5992619,1.2177248677248678,0.6333333333333334,-0.21772486772486774,0.8266666666666667,0.0
5981363,1.256986531986532,0.5666666666666668,-0.25698653198653204,0.3333333333333333,0.0
5993523,1.3648995678797222,0.5,-0.5115941460208618,1.1791313377727963,0.0
5996305,1.3111477411477412,0.7666666666666666,-0.31114774114774113,0.96,0.0
3112900,0.9212962962962964,0.6,0.0787037037037037,0.0,1.0
5988314,1.3849067599067602,0.5333333333333333,-0.3849067599067599,0.8666666666666667,0.0
5991582,0.2916666666666667,0.4666666666666666,0.7083333333333334,0.38,0.0
2834085,0.7384920634920634,0.5,0.2615079365079365,0.0,1.0
5999538,0.4700396825396826,0.5666666666666665,0.5299603174603175,1.0933333333333333,0.0
5995020,1.25,0.6,-0.25,0.7999999999999999,0.0
2648029,1.865187860212953,0.4666666666666666,-0.4354166666666666,0.0,1.0
5983928,1.1248168498168498,0.5666666666666668,-0.1248168498168498,0.4,0.0
3386233,0.8611111111111112,0.5,0.13888888888888887,0.0,1.0
5983120,1.4176587301587302,0.8920877134401723,-0.4176587301587301,1.086666666666667,0.0
5979112,1.4479497354497357,0.6,-0.4479497354497355,0.68,0.0
5998515,0.875,66.15906821160083,0.125,1.08,0.0
5979725,1.2629629629629628,0.6,-0.2629629629629629,0.8733333333333334,0.0
5998522,1.607323232323232,0.7333333333333334,-0.6073232323232324,1.18,0.0
5979998,1.1450757575757575,0.7000000000000001,-0.14507575757575758,1.18,0.0
3091213,0.8153922466422466,0.6666666666666666,0.18460775335775328,0.0,1.0
5984368,0.9355158730158728,0.5333333333333333,-0.13170011222964262,0.7399999999999999,0.0
2792167,0.7980260480260479,0.7000000000000001,0.20197395197395196,0.0,1.0
5978412,1.4383333333333332,0.6000000000000001,-0.4383333333333333,0.5933333333333334,0.0
2099964,1.5769607843137254,0.6666666666666666,-1.4822224941974864,0.0,1.0
5987385,1.102104377104377,0.7000000000000001,-0.1021043771043771,0.8370428900886769,0.0
5980173,1.4609279609279608,0.7333333333333334,-0.4609279609279609,0.5733333333333334,0.0
5979748,1.3760537155306014,0.6666666666666666,-0.4970784898044972,0.5595700455158712,0.0
5984916,1.0996632996632998,0.5666666666666668,-0.09966329966329968,0.8933333333333332,0.0
5995209,1.067987567987568,0.5666666666666668,-0.067987567987568,1.6133333333333333,0.0
5993635,1.3759920634920637,0.6666666666666666,-0.3759920634920635,1.106666666666667,0.0
2185926,1.6553571428571427,0.6666666666666666,-0.6553571428571429,0.0,1.0
1604726,1.1501184640522877,0.43333333333333335,-0.1501184640522876,0.0,1.0
5998172,1.0027777777777778,0.5333333333333333,-0.002777777777777805,1.0199999999999998,0.0
5993888,1.5662121212121212,0.6666666666666666,-0.5662121212121213,1.413333333333333,0.0
5981623,0.9605672105672104,0.7333333333333334,0.03943278943278942,1.106666666666667,0.0
5985982,1.175,0.7000000000000001,-0.17500000000000002,0.6266666666666666,0.0
5980841,1.7222222222222223,0.5666666666666668,-0.7222222222222222,1.1866666666666668,0.0
5997487,1.2772376543209876,0.5666666666666665,-0.2772376543209876,1.2733333333333332,0.0
5985233,0.6682623939036038,0.5333333333333333,0.3736089884363905,0.3133333333333333,0.0
1710388,1.1642857142857144,0.5666666666666665,-0.16428571428571426,0.0,1.0
5986606,0.9597513597513596,0.6,0.040248640248640236,0.4066666666666667,0.0
5997274,0.9770138888888888,0.7333333333333334,0.02298611111111111,0.5466666666666667,0.0
5979849,0.5985449735449736,0.7666666666666666,0.4014550264550265,1.8266666666666669,0.0
5982382,1.5936507936507935,0.6,-0.5936507936507937,0.9666666666666668,0.0
5993295,1.086666666666667,0.5333333333333333,-0.08666666666666667,1.0266666666666666,0.0
5993496,1.0833333333333333,0.5,-0.08333333333333331,0.5333333333333333,0.0
5986543,1.7550264550264552,0.6666666666666666,-0.7550264550264549,0.6000000000000001,0.0
2779283,0.5777777777777778,0.6666666666666666,0.4222222222222222,0.0,1.0
5986243,1.7757154882154882,0.4666666666666666,-0.7757154882154883,1.18,0.0
5991407,1.06875,0.7000000000000001,-0.06874999999999998,1.58,0.0
2648395,1.1241071428571427,0.6,-0.22110808936927875,0.0,1.0
5990170,1.768364197530864,0.5666666666666668,-0.7683641975308642,1.9266666666666667,0.0
5987178,1.131388888888889,0.6333333333333333,-0.1313888888888889,0.22,0.0
5990765,1.1018009768009769,0.7666666666666666,-0.1018009768009768,1.6133333333333333,0.0
2599201,0.6103174603174604,0.6333333333333333,0.3896825396825396,0.0,1.0
5979473,0.9622222222222222,0.6,0.03777777777777778,0.0,0.0
5983618,0.936029411764706,0.5666666666666668,0.06397058823529411,0.3333333333333333,0.0
5998843,1.2027777777777775,0.43333333333333335,-0.23601623411860675,1.82,0.0
5980234,0.9046031746031744,0.6,0.0953968253968254,1.36,0.0
3248582,0.9001322751322752,0.7333333333333334,0.09986772486772484,0.0,1.0
5984812,1.6879629629629629,0.7,-0.687962962962963,0.74,0.0
5994699,1.4311447811447813,0.6999999999999998,-0.4311447811447812,0.9666666666666668,0.0
5990706,0.9726521164021164,0.43333333333333335,0.027347883597883576,0.98,0.0
5995652,0.453968253968254,0.6666666666666666,0.5460317460317461,0.4866666666666666,0.0
5998932,1.2285052910052912,0.6666666666666666,-0.22850529100529104,0.8333333333333334,0.0
5992928,1.7433698106134647,0.7000000000000001,0.18686868686868685,0.11333333333333336,0.0
5992868,1.1430555555555555,0.5666666666666668,-0.14305555555555552,0.86,0.0
5983548,1.4093253968253967,0.5666666666666665,-0.4093253968253969,0.9733333333333332,0.0
3295941,1.5815018315018314,0.6666666666666666,-0.5815018315018315,0.0,1.0
5996898,0.7532943684238865,0.6333333333333333,0.2463262101396641,1.179886173569065,0.0
5997303,1.3012454212454212,0.6333333333333333,-0.30124542124542125,1.2466666666666668,0.0
5997373,1.3138888888888889,0.5666666666666665,-0.3138888888888889,0.7000000000000001,0.0
5979086,1.5349206349206348,0.7000000000000001,-0.5349206349206349,0.66,0.0
1821620,1.2405723905723909,0.5,-0.24057239057239055,0.0,1.0
5987313,1.244570707070707,0.5333333333333333,-0.2445707070707071,1.1866666666666663,0.0
5992078,0.8847222222222221,0.6666666666666666,0.11527777777777776,2.67375238486199,0.0
5978175,0.7967643467643467,0.6,0.20323565323565326,0.84,0.0
5989325,1.4666666666666668,0.7000000000000001,-0.4666666666666666,0.7333333333333333,0.0
5984925,1.236111111111111,0.6666666666666666,-0.23611111111111116,0.6533333333333333,0.0
5997683,0.972161172161172,0.6,0.02783882783882789,0.9266666666666667,0.0
5986177,1.0712962962962964,0.6,-0.07129629629629626,0.8133333333333335,0.0
5983362,1.6230820105820107,0.5333333333333333,-0.6230820105820106,0.34,0.0
5993302,0.7799272486772487,0.6333333333333334,0.2200727513227513,0.7400000000000001,0.0
3325598,1.1089225589225589,0.7333333333333334,-0.10892255892255892,0.0,1.0
3079453,1.1879629629629629,0.6666666666666666,-0.18796296296296294,0.0,1.0
5978646,1.778030303030303,0.7000000000000001,-0.778030303030303,1.3,0.0
3369792,1.3097222222222225,0.6333333333333333,-0.3097222222222222,0.0,1.0
5997771,1.9767872715530852,0.6666666666666666,-0.25,1.0066666666666666,0.0
3163295,1.2774410774410774,0.5666666666666668,-0.27744107744107743,0.0,1.0
2025063,0.9625252525252525,0.4537158131847268,0.03747474747474746,0.0,1.0
5995023,1.2971240179573507,0.5666666666666667,-0.2971240179573513,1.586666666666667,0.0
1809399,0.8911507936507936,0.5666666666666667,0.1088492063492064,0.0,1.0
5986609,1.1279003267973855,0.5,-0.6177110611580695,0.64,0.0
5998420,1.2646464646464646,0.5,-0.26464646464646463,0.6533333333333333,0.0
5990917,1.1163690476190478,0.4666666666666666,-0.1163690476190476,1.0333333333333332,0.0
5991554,0.7038690476190477,0.6499999999999999,0.2961309523809524,1.1,0.0
5984141,1.066385582010582,0.5666666666666668,-0.06638558201058202,1.1466666666666667,0.0
3409111,0.7868386243386243,0.6666666666666666,0.21316137566137566,0.0,1.0
5995338,1.1072222222222223,0.5666666666666667,-0.10722222222222222,0.5800000000000001,0.0
5994450,0.4851010101010101,0.7666666666666666,0.5148989898989899,0.84,0.0
5986109,1.378968253968254,0.6,-0.378968253968254,0.5266666666666666,0.0
5985834,0.603505291005291,0.6333333333333334,0.39649470899470896,0.4533333333333334,0.0
5992900,1.2659391534391535,0.5666666666666668,-0.2659391534391534,0.6266666666666667,0.0
1526009,1.2858585858585856,0.4666666666666666,-0.2858585858585859,0.0,1.0
5998107,1.2594797178130512,0.6,-0.2594797178130512,1.34,0.0
5983822,1.4548474945533771,0.6,-0.4548474945533769,1.4666666666666668,0.0
5979438,1.6364583333333331,0.5,-0.6364583333333333,0.45,0.0
5994303,0.7919413919413919,0.7333333333333334,0.20805860805860807,4.9653981583675915,0.0
5994272,1.4466666666666663,0.6,-0.4466666666666667,1.98,0.0
5988467,1.1128968253968254,0.6666666666666666,-0.1128968253968254,0.96,0.0
5990136,1.3611111111111107,0.6333333333333334,-0.3611111111111111,1.1866666666666668,0.0
1855460,1.5011111111111108,0.5666666666666667,-0.5011111111111112,0.0,1.0
5988651,1.2652162652162653,0.7666666666666667,-0.26521626521626523,1.413333333333333,0.0
5993616,0.9499007936507938,0.5319359941149499,0.05009920634920634,1.0666666666666669,0.0
5991347,1.137205387205387,0.6,-0.1372053872053872,1.0666666666666669,0.0
3074712,0.8837301587301587,0.7000000000000001,0.11626984126984127,0.0,1.0
3420723,1.8867724867724869,0.4666666666666666,-0.8867724867724868,0.0,1.0
5994592,0.8970454861983574,0.5,-0.00823004193589257,0.4905085323456128,0.0
2472456,1.4222222222222225,0.4666666666666666,-0.4222222222222222,0.0,1.0
5982746,0.8096240179573512,0.4666666666666666,0.1903759820426487,1.9666666666666663,0.0
5993281,1.1763888888888892,0.6,-0.17638888888888885,1.26,0.0
5988839,1.2860449735449735,0.52032815742477,-0.28604497354497355,0.8133333333333334,0.0
5987227,0.5555555555555555,0.5666666666666667,0.4444444444444444,0.9,0.0
5979654,1.1376984126984129,0.5666666666666667,-0.13769841269841268,0.11333333333333333,0.0
5991787,1.0428240740740742,0.4075153100235531,-0.04282407407407407,0.4733333333333333,0.0
5983984,1.1399645969498908,0.6333333333333333,-0.13996459694989108,1.1133333333333335,0.0
5997280,7.398370077256452,0.5333333333333333,-0.3958333333333333,0.5666666666666668,0.0
5991776,0.7731481481481483,0.6666666666666666,0.22685185185185186,1.2,0.0
1838596,1.2947191697191698,0.5666666666666668,-0.2947191697191697,0.0,1.0
2252063,1.578865578865579,0.4666666666666666,-0.5788655788655789,0.0,1.0
5982237,0.8541666666666666,0.6666666666666666,0.14583333333333334,0.7000000000000001,0.0
5990529,3.7509244980136986,0.7666666666666666,-0.23611111111111116,1.08,0.0
5983333,0.9425705467372132,0.6,0.05742945326278656,1.0133333333333334,0.0
5991383,1.1111111111111112,0.43333333333333335,-0.11111111111111112,1.4533333333333331,0.0
5983226,1.3061274509803924,0.5333333333333333,-0.3061274509803921,0.9666666666666668,0.0
2730192,1.4083333333333332,0.5666666666666668,-0.4083333333333334,0.0,1.0
2765229,1.2431216931216929,0.6666666666666666,-0.2431216931216932,0.0,1.0
5988341,1.4122895622895626,0.5666666666666668,-3.453932964485728,0.4533333333333334,0.0
5998026,1.5763888888888893,0.5333333333333333,-0.5763888888888891,1.0466666666666666,0.0
5997258,1.0841666666666667,0.6,-0.08416666666666668,0.7466666666666666,0.0
5997978,0.8147130647130648,0.43333333333333335,0.18528693528693527,1.88,0.0
5992438,1.7063492063492065,0.5333333333333333,-0.7063492063492064,0.4266666666666667,0.0
5993976,1.584013209013209,0.7333333333333334,-0.33653320059570063,0.4933333333333334,0.0
2788767,1.2820767195767198,0.5666666666666668,-0.2820767195767196,0.0,1.0
5995179,0.9566822066822066,0.5333333333333333,0.04331779331779332,1.2666666666666666,0.0
5997685,1.4663947163947164,0.6,-0.4663947163947164,1.14,0.0
5985506,0.6111111111111112,0.4702495850405858,0.3888888888888889,1.34,0.0
1793232,1.5833994708994708,0.4837523175479809,-0.5833994708994709,0.0,1.0
2730257,1.1144781144781144,0.6666666666666666,-0.11447811447811453,0.0,1.0
5981702,1.5939484126984127,0.4589355349636606,-0.5939484126984127,0.8066666666666666,0.0
5998320,1.10498778998779,0.5666666666666668,-0.10498778998778996,0.3333333333333333,0.0
2725311,0.7855801605801606,0.6,0.2144198394198394,0.0,1.0
3110437,0.650956450956451,0.5666666666666668,0.349043549043549,0.0,1.0
5998389,1.6023809523809522,0.43333333333333335,-0.6023809523809524,1.12,0.0
5991830,1.5301346801346802,0.6333333333333334,-0.3323536006019513,0.86,0.0
5983365,0.9647130647130648,0.5666666666666668,0.035286935286935286,0.7599999999999999,0.0
2442365,1.5353174603174604,0.5666666666666665,-0.5353174603174603,0.0,1.0
2292632,1.1301346801346799,0.6000000000000001,-0.13013468013468013,0.0,1.0
5988056,1.025,0.6,-0.025000000000000005,0.8933333333333332,0.0
1975979,1.1094599844599846,0.6666666666666666,-0.10945998445998444,0.0,1.0
2933654,0.9888888888888888,0.6,0.011111111111111108,0.0,1.0
5990751,1.5640151515151517,0.6333333333333333,-0.5640151515151516,1.3866666666666667,0.0
3045402,0.9517857142857142,0.5333333333333333,0.04821428571428573,0.0,1.0
5992864,0.9123677248677248,0.6,0.08763227513227513,0.7066666666666667,0.0
5980150,0.977777777777778,0.6333333333333333,0.022222222222222227,0.2333333333333333,0.0
5992568,0.9278439153439152,0.6,0.07215608465608465,0.7466666666666667,0.0
2299954,1.1214896214896215,0.5,-0.1214896214896215,0.0,1.0
5986400,1.5997038398692809,0.5,-0.599703839869281,0.62,0.0
5983222,1.5666666666666669,0.7000000000000001,-0.5666666666666668,0.4133333333333333,0.0
5995631,1.208581349206349,0.5666666666666668,-0.2085813492063492,0.92,0.0
1855298,0.965436507936508,0.6,0.034563492063492095,0.0,1.0
5978555,1.4150392817059485,0.4000000000000001,-0.4150392817059483,0.7866666666666666,0.0
5988930,0.969510582010582,0.7333333333333334,0.030489417989417993,1.0933333333333333,0.0
5994667,0.9255952380952379,0.7000000000000001,0.0744047619047619,0.9,0.0
3109419,1.1204351204351204,0.4666666666666666,-0.12043512043512045,0.0,1.0
2735076,0.95,0.5666666666666667,0.05000000000000001,0.0,1.0
5984667,1.2514309764309763,0.6333333333333333,-0.2514309764309765,1.6466666666666667,0.0
5988531,1.8650793650793651,0.6999999999999998,-0.8650793650793651,0.5533333333333333,0.0
5980801,1.4131944444444444,0.5666666666666667,-0.4131944444444444,1.7066666666666668,0.0
3414028,1.4112258740988557,0.43333333333333335,-0.2184438362320029,0.0,1.0
5978326,1.1464257964257965,0.6,-0.14642579642579642,0.7999999999999999,0.0
3069830,0.8527777777777779,0.5666666666666667,0.14722222222222225,0.6025183837358008,1.0
3330235,0.6562103174603174,0.6666666666666666,0.3437896825396825,0.0,1.0
5990092,0.6118055555555556,0.5333333333333333,0.3881944444444445,0.6266666666666667,0.0
5979452,1.2581807081807082,0.5666666666666667,-0.2581807081807082,0.94,0.0
3063228,1.2669036361431856,0.6,-0.25624561167636073,0.0,1.0
5992182,1.3805555555555555,0.6999999999999998,-0.3805555555555555,0.3333333333333333,0.0
1559550,1.1333333333333333,0.7333333333333334,-0.13333333333333333,0.0,1.0
1768353,1.4713904151404151,0.7000000000000001,-0.4713904151404152,0.0,1.0
5996529,1.2027777777777775,0.6666666666666666,-0.2027777777777778,1.16,0.0
2317839,0.973529411764706,0.6999999999999998,0.026470588235294096,0.0,1.0
5979462,1.8605285885814624,0.7000000000000001,-0.5681265126433019,0.3250294163708597,0.0
1778949,1.2641317016317015,0.6333333333333333,-0.2641317016317017,0.0,1.0
5990451,1.6694444444444445,0.6666666666666666,-0.6694444444444444,0.26666666666666666,0.0
5998248,1.2590476190476192,0.6666666666666666,-0.25904761904761897,0.4666666666666667,0.0
2573203,1.0626543209876542,0.6333333333333333,-0.06265432098765432,0.0,1.0
5979280,1.6184343434343436,0.5637990128107077,-0.6184343434343434,0.7599999999999999,0.0
5986172,0.6443507495590829,0.5666666666666668,0.35564925044091705,1.0133333333333334,0.0
5996292,1.313933531746032,0.6000000000000001,-0.3139335317460317,0.7133333333333334,0.0
5978189,0.7658777831446444,0.6333333333333333,0.20089305577917504,0.3500520861285764,0.0
5991053,0.9801023051023052,0.5666666666666668,0.01989769489769487,1.1133333333333333,0.0
3038956,0.7839301512066759,0.6333333333333333,0.26548653426536545,0.0,1.0
2077366,1.2992463235294116,0.5666666666666665,-0.2992463235294118,0.0,1.0
5982297,1.294398148148148,0.6,-0.2943981481481481,0.6933333333333334,0.0
5989855,1.301140873015873,0.5330885561293665,-0.3011408730158729,1.0666666666666669,0.0
5993791,1.1023478835978835,0.5102312560820278,-0.1023478835978836,0.7266666666666667,0.0
5984512,0.7996604938271604,0.6666666666666666,0.2003395061728395,0.26,0.0
2172518,1.1280753968253967,0.6666666666666666,-0.1280753968253968,0.0,1.0
2355567,1.2698412698412698,0.6,-0.2698412698412698,0.0,1.0
5993125,1.3694444444444445,0.7000000000000001,-0.3694444444444445,0.3133333333333333,0.0
5988659,0.9888888888888888,0.6,0.011111111111111108,0.42,0.0
5991131,1.3093545751633988,0.7000000000000001,-0.3093545751633988,1.0599999999999998,0.0
2767046,0.9652777777777776,0.5666666666666667,0.03472222222222223,0.0,1.0
5979593,1.121904761904762,0.5333333333333333,-0.1219047619047619,0.4466666666666667,0.0
2183219,1.1242909867909867,0.6333333333333333,-0.12429098679098675,0.0,1.0
1584759,0.9043249953474208,0.6666666666666666,-0.13435520891490574,0.0,1.0
2515961,1.6225718725718723,0.5666666666666668,-0.6225718725718726,0.0,1.0
2914699,1.2496031746031746,0.5666666666666667,-0.24960317460317455,0.0,1.0
5979029,1.088047138047138,0.5666666666666667,-0.08804713804713804,0.5866666666666667,0.0
5984737,0.7975028058361392,0.4666666666666666,0.20249719416386086,0.62,0.0
5979359,1.134052059052059,0.6333333333333333,-0.13405205905205905,1.12,0.0
5982537,0.8056216931216932,0.5333333333333333,0.19437830687830684,0.9733333333333332,0.0
5984815,1.265842490842491,0.6,-0.26584249084249084,0.5066666666666667,0.0
5981086,0.561111111111111,0.7333333333333334,0.4388888888888889,0.6,0.0
5986753,1.4452686202686202,0.5333333333333333,-0.44526862026862013,1.393333333333333,0.0
5998249,1.1353535353535351,0.6999999999999998,-0.13535353535353534,1.366666666666667,0.0
5986303,1.1329248366013072,0.5333333333333333,-0.1329248366013072,0.56,0.0
5996872,1.286706349206349,0.4666666666666666,-0.28670634920634924,1.0458945269793654,0.0
2978077,0.9729668479668481,0.6333333333333333,0.02703315203315206,0.0,1.0
5992007,1.4103009259259258,0.5666666666666668,-0.41030092592592604,0.32,0.0
3154755,0.9203042328042328,0.5666666666666668,0.07969576719576721,0.0,1.0
5993147,1.3888888888888886,0.7333333333333334,-0.3888888888888889,1.4866666666666666,0.0
2249856,1.559920634920635,0.6333333333333333,-0.5599206349206349,0.0,1.0
5986785,0.5787698412698412,0.6666666666666666,0.4212301587301587,1.06,0.0
5984725,1.1096542346542346,0.6,-0.10965423465423467,1.2066666666666668,0.0
5985686,0.85,0.7,0.15,0.42,0.0
5996674,0.8004365079365079,0.4666666666666666,0.1995634920634921,0.3333333333333333,0.0
5996322,1.4259259259259258,0.6,-0.4259259259259259,1.2666666666666666,0.0
2048094,1.213293650793651,0.6666666666666666,-0.2132936507936508,0.0,1.0
5985890,1.3044668294668291,0.5666666666666667,-0.3044668294668295,1.2466666666666666,0.0
1552313,1.1312830687830688,0.6,-0.1312830687830688,0.0,1.0
5979819,0.75,0.5666666666666665,0.25,0.3933333333333333,0.0
5989582,0.6549297924297924,0.6999999999999998,0.3450702075702075,0.07263972690452082,0.0
5982094,0.8873015873015873,0.4666666666666666,-0.3196451118326118,0.6266666666666667,0.0
2719494,1.4199494949494949,0.6666666666666666,-0.4199494949494949,0.0,1.0
5988845,0.786952861952862,0.6333333333333334,0.21304713804713804,0.5599999999999999,0.0
1860526,1.4243055555555555,0.7333333333333334,-0.19218830683516785,0.0,1.0
3357219,1.4686683006535948,0.5666666666666667,-0.4686683006535948,0.0,1.0
5999345,1.2531415343915344,0.6,-0.2531415343915344,1.32557418699187,0.0
5983136,1.4224747474747474,0.6,-0.42247474747474745,0.3,0.0
5978494,1.0618055555555557,0.5666666666666668,-0.061805555555555565,0.7799999999999999,0.0
5981495,0.8731481481481481,0.6333333333333333,0.12685185185185185,1.0199999999999998,0.0
5991659,0.5902777777777778,0.6666666666666666,0.4097222222222223,0.14666666666666667,0.0
5989511,1.143014705882353,0.5666666666666665,-0.14301470588235293,0.8733333333333334,0.0
5990548,1.1423382173382173,0.6666666666666666,-0.1423382173382173,0.9133333333333334,0.0
5997656,1.140890522875817,0.6333333333333333,-0.14089052287581694,0.43333333333333335,0.0
5984476,0.8666666666666667,0.45,0.13333333333333333,0.45,0.0
3271558,0.7312937062937063,0.5,0.2687062937062937,0.0,1.0
5987226,0.962087912087912,0.6000000000000001,0.03791208791208791,0.66,0.0
5984250,1.9079629629629629,0.6,-0.907962962962963,1.1666666666666667,0.0
5978693,0.5606481481481481,0.6333333333333333,0.4393518518518518,1.086666666666667,0.0
5991180,1.763742713616247,0.6333333333333333,-0.7687307266717088,0.17333333333333334,0.0
5995592,1.300097125097125,0.6333333333333334,-0.3000971250971251,0.4266666666666667,0.0
5993488,1.3074379324379324,0.7333333333333334,-0.30743793243793244,0.62,0.0
5978751,1.6332112332112334,0.7333333333333334,-0.6332112332112332,0.06666666666666668,0.0
1855131,1.2388888888888892,0.6666666666666666,-0.2388888888888889,0.0,1.0
5978455,1.136952861952862,0.5666666666666665,-0.13695286195286194,2.16,0.0
5987863,0.7790824915824915,0.6,0.2209175084175084,0.22,0.0
5991016,0.8125,0.5333333333333333,0.1875,1.9466666666666663,0.0
5996725,1.0930886243386244,0.5666666666666668,-0.09308862433862436,1.28,0.0
5983689,1.5973324514991183,0.8511269931417583,-0.5973324514991182,0.98,0.0
2892092,0.6299382716049383,0.5,0.37006172839506174,0.0,1.0
5990523,1.1061447811447809,0.6,-0.10614478114478113,0.7199999999999999,0.0
5990068,1.1944444444444444,0.4666666666666666,-0.1944444444444444,0.07333333333333332,0.0
2240879,1.1001543209876543,0.5666666666666667,-0.10015432098765432,0.0,1.0
5979672,0.977777777777778,0.7000000000000001,0.022222222222222216,0.5733333333333334,0.0
5989851,1.0166666666666666,0.6666666666666666,-0.016666666666666663,1.2,0.0
5982011,0.7865740740740742,0.4666666666666666,0.21342592592592596,0.6933333333333334,0.0
2479416,1.1283022533022533,0.7265513937820632,-0.12830225330225334,0.0,1.0
5982189,1.446155753968254,0.6,-0.446155753968254,0.7000000000000001,0.0
3257269,1.213425925925926,0.5333333333333333,-0.2134259259259259,0.0,1.0
5998483,1.2767565359477124,0.6,-0.27675653594771243,1.2066666666666668,0.0
2310288,1.1830762988948589,0.6333333333333333,-0.05819758525360765,0.0,1.0
5980475,1.4574888074888073,0.6999999999999998,-0.4574888074888075,1.3066666666666666,0.0
5997623,0.9797521786492376,0.6,0.020247821350762456,1.3533333333333333,0.0
2944842,1.4383597883597885,0.5333333333333333,-0.4383597883597883,0.0,1.0
5981379,0.5333333333333333,0.453670692835299,0.4666666666666666,0.32666666666666666,0.0
3298865,0.4055555555555556,0.5666666666666668,0.5944444444444444,0.0,1.0
3234447,0.6138888888888889,0.6999999999999998,0.3861111111111111,0.0,1.0
5979252,0.7989417989417991,0.6666666666666666,0.20105820105820105,0.9933333333333332,0.0
5986796,1.1953703703703704,0.6333333333333333,-0.1953703703703704,1.8533333333333333,0.0
2448820,1.1432303807303807,0.4666666666666666,-0.14323038073038072,0.0,1.0
5995051,0.9801470588235294,0.5666666666666668,0.019852941176470608,1.88,0.0
5982507,1.4507716049382715,0.6333333333333333,-0.4507716049382717,0.44,0.0
5998145,1.3124206349206349,0.6333333333333333,-0.3124206349206349,0.82,0.0
5982324,0.7326388888888888,0.6499999999999999,0.2673611111111111,1.64,0.0
5986681,0.7706349206349206,0.4666666666666666,0.22936507936507936,0.7733333333333333,0.0
5990588,1.7325757575757574,0.6333333333333333,-0.7325757575757575,0.34,0.0
5988400,1.111026936026936,0.6333333333333333,-0.11102693602693604,1.3666666666666665,0.0
5999400,1.8003052503052503,0.4000000000000001,-0.8003052503052502,0.6266666666666667,0.0
2523191,0.924074074074074,0.6333333333333334,0.07592592592592594,0.0,1.0
5981229,1.4298611111111112,0.6666666666666666,-0.4298611111111111,0.32666666666666666,0.0
2833523,1.4272486772486772,0.5666666666666668,-0.4272486772486772,0.0,1.0
1741052,0.9861111111111112,0.5333333333333333,0.013888888888888886,0.0,1.0
1654067,1.2456349206349209,0.5581573695874793,-0.24563492063492065,0.0,1.0
5995583,0.4797474747474748,0.6666666666666666,0.5202525252525252,0.48,0.0
2293987,0.9574900793650792,0.6999999999999998,0.042509920634920616,0.0,1.0
5990929,1.7154750926482094,0.6333333333333333,-0.4656593406593406,1.14,0.0
5998277,1.2498982498982498,0.6666666666666666,-0.2498982498982499,0.24,0.0
5984264,0.4617063492063492,0.9218621843112708,0.5382936507936508,0.2733333333333334,0.0
2401799,1.0754629629629628,0.7666666666666666,-0.07546296296296295,0.0,1.0
5991215,1.4413299663299666,0.5797129462340189,-0.4413299663299664,1.893333333333333,0.0
5982245,0.9693884818884818,0.6333333333333333,0.03061151811151812,1.0199999999999998,0.0
5993189,1.1960317460317458,0.4666666666666666,-0.196031746031746,1.2466666666666668,0.0
5981522,1.070436507936508,0.7000000000000001,-0.07043650793650791,0.5333333333333333,0.0
1650501,1.1541666666666666,0.7666666666666666,-0.15416666666666667,0.0,1.0
5995704,0.7857142857142857,0.7000000000000001,0.2142857142857143,1.3533333333333333,0.0
3364701,1.5952505827505827,0.4666666666666666,-0.5952505827505827,0.0,1.0
5995715,0.595138888888889,0.7000000000000001,0.4048611111111112,1.7266666666666666,0.0
5987583,1.4283389450056116,0.6999999999999998,-0.4283389450056117,0.8733333333333334,0.0
1708455,1.3569444444444445,0.5333333333333333,-0.35694444444444445,0.0,1.0
5992564,1.3842592592592593,0.5333333333333333,-0.3842592592592592,1.2866666666666666,0.0
5978586,0.6305555555555555,0.7666666666666666,0.3694444444444445,0.9,0.0
5994453,1.2998626373626374,0.5,-0.2998626373626374,0.3133333333333333,0.0
2753193,1.299669312169312,0.5666666666666665,-0.2996693121693122,0.0,1.0
5980333,1.4597680097680101,0.5333333333333333,-0.4597680097680098,0.9066666666666668,0.0
5997215,1.085873015873016,0.6000000000000001,-0.08587301587301588,0.8266666666666667,0.0
5997587,1.2284722222222222,0.6999999999999998,-0.22847222222222224,1.2333333333333334,0.0
5987230,1.2912698412698411,0.5,-0.2912698412698413,1.22,0.0
3104871,1.6353349673202615,0.43333333333333335,-0.6353349673202614,0.0,1.0
5981068,0.7964257964257965,0.41637395236698777,0.20357420357420355,1.2666666666666666,0.0
2564122,0.5555555555555555,0.6333333333333333,0.4444444444444444,0.0,1.0
2599921,1.4669253812636167,0.6666666666666666,-0.4669253812636166,0.0,1.0
5990867,1.2215277777777778,0.4666666666666666,-0.2215277777777778,0.9933333333333336,0.0
5995004,1.4044444444444444,0.7333333333333334,-0.4044444444444445,0.21333333333333332,0.0
5997539,1.765079365079365,0.5666666666666667,-0.7650793650793649,0.2466666666666667,0.0
3322981,0.9388888888888888,0.6,0.06111111111111112,0.0,1.0
5993333,1.132791514041514,0.6,-0.13279151404151407,0.9733333333333332,0.0
5980464,0.9683302808302808,0.7000000000000001,0.03166971916971917,0.58,0.0
2459198,1.1388888888888888,0.6,-0.13888888888888892,0.0,1.0
2361842,1.5468253968253969,0.6333333333333333,-0.5468253968253968,0.0,1.0
1550675,1.5836385836385836,0.6,-0.5836385836385837,0.0,1.0
5983867,1.5964590964590963,0.5666666666666668,-0.5964590964590964,0.8599999999999999,0.0
5984247,1.002777777777778,0.6000000000000001,-0.002777777777777786,0.98,0.0
5980679,1.2569444444444444,0.5666666666666667,-0.2569444444444444,0.4666666666666666,0.0
2300147,0.7129629629629629,0.4666666666666666,0.28703703703703703,0.0,1.0
2527012,1.1307539682539682,0.6333333333333333,-0.13075396825396826,0.0,1.0
2686953,0.7000000000000001,0.6999999999999998,0.3,0.0,1.0
5980770,0.9234126984126984,0.5333333333333333,0.07658730158730158,0.34,0.0
5987136,0.7897486772486771,0.6,0.21025132275132274,1.7333333333333334,0.0
5994600,1.5888888888888888,0.6,-0.5888888888888889,0.4133333333333333,0.0
3117975,1.6955882352941176,0.7,-0.6955882352941176,0.0,1.0
5993777,0.6286375661375662,0.5333333333333333,0.3713624338624338,0.8799999999999999,0.0
5991788,1.1102258852258853,0.7333333333333334,-0.11022588522588524,0.98,0.0
3174820,0.9651124338624338,0.6666666666666666,0.034887566137566134,0.0,1.0
3230108,1.6095996732026143,0.6666666666666666,-0.6095996732026144,0.0,1.0
5998354,1.1135521885521886,0.6666666666666666,-0.11355218855218857,1.2466666666666666,0.0
5995934,1.7902292152292152,0.5666666666666668,-0.7902292152292153,0.5133333333333333,0.0
2265241,0.925,0.6666666666666666,0.07499999999999997,0.0,1.0
5993133,0.7914141414141413,0.6333333333333333,0.20858585858585854,0.6866666666666666,0.0
1782701,0.9806138306138306,0.5333333333333333,0.019386169386169327,0.0,1.0
5992563,1.1924603174603174,0.5666666666666667,-0.19246031746031744,1.106666666666667,0.0
5986617,1.425,0.6333333333333333,-0.425,0.37333333333333335,0.0
5991741,1.4033362470862472,0.6666666666666666,-0.4033362470862472,1.3333333333333333,0.0
5995993,1.2996895424836603,0.5666666666666665,-0.2996895424836601,0.4933333333333334,0.0
5998850,1.1475885225885225,0.5,-0.1475885225885226,0.62,0.0
3304671,0.7772817460317459,0.5666666666666667,0.22271825396825395,0.0,1.0
5988118,1.1218273420479303,0.6333333333333333,-0.12182734204793028,0.36000000000000004,0.0
5985523,0.8081649831649832,0.6333333333333333,0.19183501683501686,1.34,0.0
2511309,1.4743055555555555,0.4666666666666666,-1.0786340624122168,0.0,1.0
5980897,1.280686274509804,0.5333333333333333,-0.28068627450980393,1.14,0.0
2966561,1.4321296296296298,0.4666666666666666,-0.4321296296296296,0.0,1.0
5988193,1.4375,0.5333333333333333,-0.4375,0.28,0.0
5997278,0.9542585784313724,0.5666666666666667,0.04574142156862745,0.4466666666666666,0.0
2125228,0.5925925925925926,1.449719515530231,0.40740740740740733,0.0,1.0
5999326,1.0959876543209877,0.6666666666666666,-0.09598765432098766,0.8466666666666667,0.0
2108398,0.7856902356902357,0.5333333333333333,0.2143097643097643,0.0,1.0
5992253,1.1166501322751323,0.7333333333333334,-0.11665013227513228,1.38,0.0
5997745,1.289351851851852,5.774672179812011,-0.28935185185185186,0.62,0.0
2789321,1.1012698412698414,0.6666666666666666,-0.10126984126984123,0.0,1.0
5982616,0.9832230392156864,0.6666666666666666,0.016776960784313715,0.62,0.0
2280014,1.4509920634920634,0.6333333333333333,-0.4509920634920634,0.0,1.0
5989462,1.011818569615272,0.5,-0.1320544361595768,0.4335481093602529,0.0
5983566,0.7780257936507936,0.6333333333333333,0.2219742063492064,0.9866666666666668,0.0
5983160,1.1299355158730158,0.4666666666666666,-0.12993551587301588,0.9466666666666668,0.0
2820162,0.7971064814814813,0.5666666666666668,0.20289351851851853,0.0,1.0
5980035,0.8944444444444445,0.6,0.10555555555555557,0.96,0.0
5990658,0.7722222222222221,0.5666666666666667,0.22777777777777775,0.7799999999999999,0.0
5989367,1.2535353535353535,0.6666666666666666,-0.2535353535353536,1.0133333333333334,0.0
5992586,1.0635747354497356,0.7333333333333334,-0.06357473544973546,1.2466666666666668,0.0
5994244,1.4167328042328042,0.6333333333333334,-0.4167328042328042,1.2304718749407797,0.0
5997520,1.2916666666666667,0.4666666666666666,-0.2916666666666667,1.0333333333333332,0.0
5992041,0.8125462962962963,0.6666666666666666,0.1874537037037037,0.5848146446423349,0.0
5989240,0.984175824175824,0.5,0.015824175824175838,0.24,0.0
5983541,1.4619172494172494,0.5666666666666668,-0.4619172494172494,0.6,0.0
5985902,1.4338064713064709,0.43333333333333335,-0.4338064713064713,1.0533333333333337,0.0
5994793,1.6092592592592592,0.7333333333333334,-0.6092592592592593,1.0,0.0
5986064,1.0888888888888888,0.7333333333333334,-0.0888888888888889,1.4733333333333334,0.0
5980675,1.4698665577342052,0.5666666666666667,-0.4698665577342049,1.34,0.0
5984248,1.4530830280830282,0.5666666666666668,-0.4530830280830281,1.34,0.0
5991907,1.0773346644248285,0.55,0.017994505494505486,0.5,0.0
1595403,0.9723544973544972,0.6,0.027645502645502643,0.0,1.0
5993640,0.9836683006535948,0.7000000000000001,0.016331699346405215,0.7533333333333334,0.0
1763525,0.949036578583593,0.6333333333333333,-0.3113480392156863,0.0,1.0
1920630,1.5914835164835164,0.6666666666666666,-0.5914835164835165,0.0,1.0
5998758,0.7013888888888888,0.6,0.2986111111111111,0.96,0.0
5994968,1.4933862433862437,0.6333333333333333,-0.4933862433862434,0.6066666666666666,0.0
5982957,0.7611111111111111,0.6000000000000001,-0.7862235494819,1.5533333333333337,0.0
5981555,1.7131944444444442,0.6000000000000001,-0.7131944444444445,0.8066666666666666,0.0
5985333,1.4285533673635251,0.5666666666666667,-0.02623530427610395,1.0919647819956226,0.0
5998385,0.7908572908572907,0.6666666666666666,0.2091427091427092,0.68,0.0
2473582,1.4492063492063492,0.6,-1.3091103799629906,0.0,1.0
5981222,1.3313492063492065,0.5333333333333333,-0.33134920634920634,0.6266666666666666,0.0
5997525,0.953968253968254,0.6333333333333333,0.04603174603174607,0.46,0.0
5988707,1.6658730158730157,0.6666666666666666,-0.6658730158730158,1.1866666666666668,0.0
5996839,1.8504876328021247,0.6921115537848607,-0.3583333333333334,0.46,0.0
5997367,1.0796957671957672,0.4666666666666666,-0.7125166711252234,0.19333333333333336,0.0
5982322,1.7041997354497356,0.5333333333333333,-0.7041997354497355,0.8266666666666667,0.0
3327770,1.2701388888888892,0.7666666666666666,-0.2701388888888889,0.0,1.0
2745784,0.7983488733488734,0.6,0.20165112665112664,0.0,1.0
5996921,0.5694444444444444,0.4666666666666666,0.4305555555555555,1.4933333333333334,0.0
1913949,0.8402777777777778,0.5333333333333333,0.1597222222222222,0.0,1.0
5980825,1.2375420875420875,0.6,-0.2375420875420876,1.46,0.0
5981365,1.2741161616161616,0.4000000000000001,-0.27411616161616165,0.92,0.0
5990645,1.4083501683501682,0.6059207782957783,-0.4083501683501684,0.7733333333333333,0.0
5995333,0.9560286935286936,0.6,0.04397130647130646,0.4133333333333333,0.0
5982896,1.4432659932659933,0.6999999999999998,-0.4432659932659933,0.6133333333333333,0.0
2117874,0.9666666666666668,0.6999999999999998,0.03333333333333335,0.0,1.0
5990527,0.8611111111111109,0.6,0.1388888888888889,2.9912174563266274,0.0
5989623,0.7974969474969474,0.6,0.20250305250305248,0.68,0.0
2837034,1.288047138047138,0.4000000000000001,-0.28804713804713805,0.0,1.0
2460081,1.31875,0.55,-0.31875,0.0,1.0
5988988,1.5397602431130235,0.5333333333333333,-0.11157407407407408,1.4333333333333331,0.0
5979750,1.1188131313131309,0.6666666666666666,-0.11881313131313133,1.0533333333333337,0.0
5983421,0.4621031746031746,0.6,0.5378968253968254,0.52,0.0
5995408,0.8068528693528694,0.43333333333333335,0.19314713064713065,0.3800000000000001,0.0
1528739,1.4307844932844933,0.6333333333333333,-0.4307844932844933,0.0,1.0
5993093,2.127716204420071,0.4666666666666666,-0.6388144841269842,0.7000000000000001,0.0
5994546,1.2622354497354495,0.5666666666666665,-0.2622354497354497,0.9066666666666666,0.0
5984908,1.1194120694120695,0.6333333333333333,-0.11941206941206944,1.6,0.0
5989189,1.1116666666666666,0.5,-0.11166666666666664,2.0666666666666664,0.0
5985032,0.8472222222222222,0.6666666666666666,0.15277777777777776,0.8866666666666667,0.0
5991311,1.4729624542124542,0.6,-0.3673503499672065,1.9066666666666665,0.0
3095524,1.4706565656565658,0.6,-0.4706565656565657,0.0,1.0
1530777,0.8152777777777778,0.5,0.18472222222222226,0.0,1.0
5993288,1.0111111111111108,0.6333333333333333,-0.011111111111111105,0.7999999999999999,0.0
5996507,1.2362859362859362,0.5,-0.23628593628593636,0.7999999999999999,0.0
5989480,0.9583333333333334,0.4666666666666666,0.04166666666666666,0.92,0.0
5992828,0.6431559181559181,0.6,0.35684408184408184,0.6466666666666666,0.0
5999379,0.8472222222222223,0.6,0.1527777777777778,1.0666666666666669,0.0
5995911,0.9395833333333332,0.7333333333333334,0.06041666666666665,0.17333333333333334,0.0
3018049,1.4657475490196081,0.6333333333333334,-0.4657475490196079,0.0,1.0
2100435,1.065277777777778,0.4666666666666666,-0.06527777777777778,0.0,1.0
5984223,0.8016534391534392,0.5333333333333333,0.1983465608465608,1.346666666666667,0.0
3444556,0.4444444444444444,0.6666666666666666,0.5555555555555555,0.0,1.0
5984865,1.4675925925925926,0.7333333333333334,-0.4675925925925926,0.26,0.0
5978854,0.8700396825396824,1.899672274639861,0.12996031746031747,1.04,0.0
2236250,1.5055555555555555,10.880607356081619,-0.5055555555555555,0.0,1.0
5982202,1.13513431013431,0.6,-0.13513431013431013,0.14,0.0
5993502,0.9364468864468865,0.6,0.06355311355311355,0.7399999999999999,0.0
5997556,0.9693452380952379,0.5912431400578284,0.030654761904761886,0.42,0.0
5992653,1.4410052910052908,0.6333333333333333,-0.44100529100529107,1.62,0.0
5989415,1.55,0.6666666666666666,-0.5499999999999999,1.0333333333333334,0.0
5984629,1.5996632996632998,0.5,-0.5996632996632997,1.5399999999999998,0.0
1760617,1.525925925925926,0.4666666666666666,-0.5259259259259259,0.0,1.0
1890446,1.1017195767195769,0.43333333333333335,-0.10171957671957672,0.0,1.0
5980056,1.5555555555555554,0.5666666666666668,-0.5555555555555556,1.2400000000000002,0.0
3268871,1.209077380952381,0.8,-0.20907738095238101,0.0,1.0
1868423,0.9605672105672104,0.4666666666666666,0.03943278943278942,0.0,1.0
5986717,1.4321296296296298,0.5666666666666667,-0.4321296296296296,1.4533333333333334,0.0
5996879,1.1354265873015874,0.6666666666666666,-0.1354265873015873,0.3533333333333333,0.0
5993220,0.9861111111111112,0.6,0.013888888888888876,0.13333333333333333,0.0
5989493,1.2336309523809523,0.6999999999999998,-0.2336309523809524,1.22,0.0
5989748,1.6555555555555557,0.6333333333333333,-0.6555555555555556,0.21333333333333332,0.0
3110824,1.4459595959595961,0.6666666666666666,-0.445959595959596,0.0,1.0
5993414,1.2435246252972734,0.5666666666666665,0.19037698412698412,0.9866666666666668,0.0
5993958,0.7865079365079365,0.6333333333333333,0.2134920634920635,1.0266666666666666,0.0
5989053,1.0264550264550265,0.6000000000000001,-0.02645502645502644,0.7799999999999999,0.0
1615575,0.5618055555555556,0.43333333333333335,0.4381944444444444,0.0,1.0
5985305,1.3984126984126986,0.6333333333333333,-0.3984126984126984,0.6,0.0
5981186,0.7919191919191918,0.6333333333333333,0.2080808080808081,0.7466666666666667,0.0
3060635,1.407936507936508,0.6000000000000001,-0.4079365079365079,0.0,1.0
1935346,0.9435866013071896,0.5666666666666665,0.05641339869281047,0.0,1.0
5992700,1.0768849206349207,0.6,-0.07688492063492065,0.4733333333333333,0.0
2844546,1.1302188552188552,0.5666666666666668,-0.13021885521885526,0.0,1.0
5988002,0.976521164021164,0.3844294837780473,0.023478835978835974,0.7066666666666667,0.0
5988086,0.7885757080610022,0.8000000000000002,0.2114242919389978,0.6398212895876193,0.0
5980214,0.7926587301587302,0.6333333333333333,0.20734126984126985,0.26666666666666666,0.0
5986198,1.4063174805775978,0.7999999999999999,-0.4666258169934641,1.22,0.0
2116007,1.604520697167756,0.7000000000000001,-0.6045206971677559,0.0,1.0
5979592,0.7983821733821733,0.6666666666666666,0.20161782661782654,1.7666666666666668,0.0
5997960,0.7922558922558922,0.7000000000000001,0.2077441077441077,1.08,0.0
5988741,1.5489898989898991,0.5333333333333333,-0.548989898989899,0.26,0.0
2022623,1.3216931216931218,0.8305700671431665,-0.3216931216931217,0.0,1.0
5999260,0.936029411764706,0.4,0.06397058823529411,0.82,0.0
5997609,1.2171296296296297,0.4666666666666666,-0.21712962962962964,0.3333333333333333,0.0
5983586,1.7797979797979795,0.5333333333333333,-0.7797979797979798,1.2666666666666666,0.0
5980137,0.9537990196078432,0.6,0.04620098039215685,0.7733333333333333,0.0
5982263,1.219107744107744,0.6000000000000001,-0.2191077441077441,0.4266666666666667,0.0
5987725,1.5771043771043771,0.6666666666666666,-0.5771043771043771,0.7333333333333334,0.0
5995777,1.5416666666666667,0.6333333333333333,-0.5416666666666666,1.3066666666666666,0.0
2227209,0.9721759259259258,0.7000000000000001,0.02782407407407409,0.0,1.0
5993022,0.7648148148148147,0.6,0.2351851851851852,0.7200000000000001,0.0
5993590,1.4414141414141417,0.6,-0.4414141414141414,0.39333333333333337,0.0
5985835,1.4632672882672884,0.6333333333333334,-0.4632672882672883,0.24,0.0
5994086,1.6277033730158732,0.7666666666666666,-0.6277033730158731,1.1466666666666667,0.0
5978727,1.4731127450980397,0.6666666666666666,-0.4731127450980392,1.153333333333333,0.0
5986933,1.0555555555555556,0.6666666666666666,-0.05555555555555556,0.28,0.0
2870194,0.9392636684303349,0.6333333333333333,0.2745217755597951,0.0,1.0
1553630,0.9635515873015872,0.5333333333333333,0.0364484126984127,0.0,1.0
2219130,0.4236111111111111,0.5666666666666665,0.5763888888888888,0.0,1.0
5986559,1.1233585858585855,0.6666666666666666,-0.12335858585858585,1.4399999999999995,0.0
5997962,1.2585978835978835,0.7000000000000001,-0.2585978835978836,1.08,0.0
5982006,1.4645493395493396,0.6333333333333334,-0.4645493395493396,0.8866666666666667,0.0
1936564,0.8152000777000777,0.6333333333333333,0.1847999222999223,0.0,1.0
2731161,4.582577614379085,0.6000000000000001,-0.10555555555555557,0.0,1.0
3116262,0.979949494949495,0.6333333333333334,0.020050505050505055,0.0,1.0
2230006,1.4687777244459188,0.7000000000000001,-0.361500577207837,0.0,1.0
5989680,1.124847374847375,0.6,-0.12484737484737485,0.24,0.0
2743024,1.0769444444444445,0.7333333333333333,-0.07694444444444445,0.0,1.0
5998089,1.2666666666666666,0.5333333333333333,-0.26666666666666666,0.5066666666666667,0.0
5997223,0.6166666666666667,0.5333333333333333,0.3833333333333333,1.5133333333333336,0.0
5986949,1.4649509803921568,0.5,-0.4649509803921568,1.18,0.0
5978263,1.3012373737373737,0.6333333333333333,-0.3012373737373737,0.4533333333333334,0.0
5999047,0.6216750841750841,0.7333333333333334,0.37832491582491584,1.2533333333333332,0.0
2724824,0.9193948412698412,0.5666666666666668,0.08060515873015872,0.0,1.0
1725377,0.9046296296296296,0.7000000000000001,0.09537037037037037,0.0,1.0
5978464,1.4427777777777775,0.5333333333333333,-0.44277777777777777,1.393333333333333,0.0
5998441,1.5919191919191915,0.6,-0.5919191919191918,0.5,0.0
2105865,1.3752525252525254,0.5666666666666667,-0.3752525252525253,0.0,1.0
2601843,0.628207671957672,0.6,0.3717923280423281,0.0,1.0
5990421,1.1470543345543345,0.5,-0.14705433455433456,1.5199999999999998,0.0
5982679,1.2450396825396826,0.7000000000000001,-0.24503968253968256,0.4666666666666666,0.0
5996545,1.7863858363858365,0.6333333333333333,-0.7863858363858364,1.6133333333333333,0.0
5987536,1.8398148148148143,0.6,-0.8398148148148148,0.6666666666666666,0.0
5984580,1.3194444444444444,0.6,-0.3194444444444445,0.5333333333333333,0.0
5991235,0.7555555555555555,0.5,0.2444444444444445,0.9266666666666667,0.0
2405044,0.736574074074074,0.5666666666666668,0.26342592592592595,0.0,1.0
5999447,1.7259259259259256,0.4333333333333333,-0.7259259259259259,1.1,0.0
5981821,0.8025835275835277,0.5,0.1974164724164724,0.4933333333333334,0.0
5998630,1.5996336996336995,0.6,-0.5996336996336996,0.8933333333333334,0.0
5980327,0.7222222222222222,0.6333333333333334,0.2777777777777778,0.8133333333333334,0.0
3057263,1.3958333333333333,0.5,-0.3958333333333333,0.0,1.0
5999087,1.1041666666666667,0.6,-0.10416666666666667,1.2466666666666668,0.0
5986938,1.4097643097643102,0.4000000000000001,-0.4097643097643098,1.106666666666667,0.0
5993175,1.3088966588966588,0.6666666666666666,-0.3088966588966589,0.18666666666666665,0.0
5999208,0.7297619047619047,0.6000000000000001,0.2702380952380953,0.29,0.0
5991118,0.8563492063492064,0.6666666666666666,0.14365079365079367,0.6133333333333333,0.0
2388730,0.9796680272957644,0.6,-0.2971001221001221,0.0,1.0
5985129,0.9064814814814812,0.5666666666666665,0.09351851851851853,0.3800000000000001,0.0
2852333,0.9166666666666666,0.5666666666666668,0.08333333333333331,0.0,1.0
5989363,0.4492063492063492,0.6,0.5507936507936507,0.7533333333333334,0.0
5979774,1.3155364923747277,0.6333333333333334,-0.3155364923747277,0.9333333333333332,0.0
2323390,1.7400793650793651,0.6,-0.7400793650793651,0.0,1.0
5991930,1.6125152625152623,0.5333333333333333,-0.6125152625152626,0.5,0.0
5996632,0.9111111111111112,0.6666666666666666,0.08888888888888886,1.0933333333333335,0.0
5996709,1.204861111111111,0.4666666666666666,-0.20486111111111116,0.5333333333333333,0.0
5982097,0.9055555555555556,0.6999999999999998,0.09444444444444446,0.9733333333333332,0.0
5993193,1.525,0.6666666666666666,-0.525,1.0266666666666666,0.0
5990640,1.0214285714285714,0.5,-0.021428571428571425,0.4666666666666666,0.0
3209736,1.1333333333333335,0.6999999999999998,-0.13333333333333333,0.0,1.0
3222334,0.5381232495038993,0.6000000000000001,0.2252045820660809,0.0,1.0
2885391,1.2505555555555554,0.6,-0.2505555555555556,0.0,1.0
5990515,0.7803240740740741,0.6333333333333334,0.2196759259259259,0.3533333333333333,0.0
5993485,1.4758382936507937,0.6333333333333333,-0.4758382936507937,0.8533333333333334,0.0
5990537,1.4705738705738705,0.5,-0.4705738705738705,0.4704238558521325,0.0
5996683,1.1546886624250146,0.5333333333333333,0.006109094989727855,1.0555396289685377,0.0
5982984,1.908221408221408,0.6333333333333334,-0.9082214082214084,1.1133333333333333,0.0
5984679,1.95822440087146,0.6,-0.9582244008714595,1.1333333333333335,0.0
5979943,1.2222222222222223,0.6333333333333334,-0.2222222222222222,0.6333333333333333,0.0
3425216,0.9136904761904764,0.6333333333333333,0.0863095238095238,0.0,1.0
2967953,1.7445008572947809,0.5333333333333333,-0.7411017232296566,0.0,1.0
5978601,1.441547619047619,0.7333333333333334,-0.4415476190476191,0.9866666666666668,0.0
5983379,0.9553571428571428,0.5333333333333333,0.04464285714285715,1.2533333333333332,0.0
5999308,1.5166666666666666,0.5666666666666667,-0.5166666666666667,0.66,0.0
5996804,1.4242063492063493,0.4666666666666666,-0.4242063492063492,0.9933333333333332,0.0
2786199,1.4574074074074073,0.6666666666666666,-0.4574074074074074,0.0,1.0
5981516,1.3111111111111111,0.6333333333333333,-0.3111111111111111,1.7000000000000002,0.0
5996147,0.8930555555555556,0.6666666666666666,0.10694444444444444,1.8066666666666664,0.0
2997624,0.5948412698412698,0.6666666666666666,0.4051587301587302,0.0,1.0
5996755,1.1138278388278389,0.5666666666666668,-0.11382783882783885,0.4933333333333334,0.0
5993931,0.6239057239057239,0.6333333333333333,0.3760942760942761,0.5533333333333333,0.0
5992707,1.5845791245791243,0.5333333333333333,-0.5845791245791246,1.7533333333333332,0.0
5985852,1.627057387057387,0.7333333333333334,-0.6270573870573871,0.5199999999999999,0.0
5995101,1.253030303030303,0.7000000000000001,-0.253030303030303,0.56,0.0
5979106,1.4282407407407407,0.36794586046813976,-0.4282407407407408,1.2133333333333334,0.0
5978270,1.4027777777777777,0.4000000000000001,-0.40277777777777785,0.06,0.0
5994369,0.9791750841750844,0.6000000000000001,0.02082491582491582,0.38,0.0
5979724,1.4138888888888892,0.43333333333333335,-0.4138888888888889,0.15333333333333332,0.0
5979690,1.4603785103785103,0.6666666666666666,-0.4603785103785104,0.7466666666666667,0.0
5986956,1.4072222222222222,0.5333333333333333,-0.4072222222222222,0.7799999999999999,0.0
5998410,0.6124074074074074,0.7666666666666666,0.3875925925925927,0.5333333333333333,0.0
5979434,1.2918192918192921,0.43333333333333335,-0.29181929181929184,0.32,0.0
5992129,1.1257165035172745,0.5,-0.4472222222222222,1.0266666666666666,0.0
5993122,1.0462962962962965,0.6333333333333333,-0.0462962962962963,0.3466666666666667,0.0
1857022,1.7375084175084174,0.6333333333333334,-0.7375084175084176,0.0,1.0
5993392,1.2916666666666667,0.5,-0.29166666666666663,0.2,0.0
5993797,1.7520502645502642,0.7000000000000001,-0.7520502645502645,1.3933333333333335,0.0
2011790,0.7606481481481481,0.5333333333333333,0.23935185185185184,0.0,1.0
5996669,0.7915827228327229,0.7333333333333334,0.20841727716727712,1.086666666666667,0.0
5980465,0.3677654993190361,0.4666666666666666,0.4015583606670859,0.9037684778400208,0.0
3100216,0.975473137973138,0.5,0.024526862026862026,0.0,1.0
5984011,0.9807844932844936,0.6,0.01921550671550674,0.5933333333333334,0.0
5985385,1.4332843137254905,1.5442624093005357,-0.4332843137254902,1.1,0.0
5992624,0.703968253968254,0.6333333333333334,0.29603174603174603,0.82,0.0
5990362,1.1396464646464646,0.7999999999999999,-0.13964646464646466,1.0266666666666666,0.0
5993030,1.6308987308987308,0.6333333333333333,-0.6308987308987309,2.4,0.0
5985096,0.7546296296296297,0.7000000000000001,0.24537037037037035,0.5484749829799334,0.0
5993547,1.2869841269841271,0.5,-0.2869841269841269,2.4133333333333336,0.0
5989130,1.243320105820106,0.6,-0.24332010582010585,0.6533333333333333,0.0
5979840,0.8050976800976801,0.6333333333333333,0.1949023199023199,0.56,0.0
2191889,1.2321428571428568,0.5,-0.2321428571428571,0.0,1.0
2508773,1.5923015873015869,0.6333333333333333,-0.5923015873015873,0.0,1.0
5978709,0.7794444444444445,0.6666666666666666,0.2205555555555556,0.58,0.0
2014555,1.1334147334147333,0.6333333333333333,-0.1334147334147334,0.0,1.0
5990230,1.1452686202686204,0.5666666666666667,-0.14526862026862028,0.5733333333333334,0.0
5978363,1.1369378306878306,0.6666666666666666,-0.1369378306878307,1.24,0.0
5986225,0.9747313797313796,0.644202822698023,0.025268620268620312,1.7466666666666668,0.0
5992926,1.7191666666666667,0.7,-0.7191666666666667,1.33,0.0
2972767,1.7516534391534393,0.6333333333333333,-0.7516534391534391,0.0,1.0
2025983,0.975885225885226,0.7215917771596164,0.14250790324663107,0.0,1.0
5979737,1.0494444444444444,0.6,-0.049444444444444464,1.8666666666666665,0.0
2076183,0.6553479853479854,0.5666666666666665,0.3446520146520147,0.0,1.0
1732761,1.1427423747276688,0.5333333333333333,-0.14274237472766885,0.0,1.0
2486476,1.0194444444444446,0.7000000000000001,-0.019444444444444448,0.0,1.0
3385549,1.1469035947712418,0.6,-0.14690359477124185,0.0,1.0
5996338,0.9451388888888888,0.6333333333333334,0.054861111111111104,1.38,0.0
5994049,1.749084249084249,0.6666666666666666,-0.7490842490842491,1.68,0.0
5985497,1.059722222222222,0.6,-0.059722222222222225,1.0599999999999998,0.0
5998661,0.6436874236874237,0.6333333333333333,0.3563125763125763,1.2133333333333334,0.0
2914944,1.25,0.6333333333333334,-0.25,0.0,1.0
1519109,1.249074074074074,0.6,-0.2490740740740741,0.0,1.0
2553001,1.136584249084249,0.5,-0.13658424908424907,0.0,1.0
1737250,1.0915849673202616,0.7666666666666667,-0.09158496732026143,0.0,1.0
3304658,1.5296296296296297,0.4438874830563613,-0.5296296296296297,0.0,1.0
5997430,0.9420634920634922,0.6333333333333333,0.057936507936507925,1.2933333333333332,0.0
5981565,1.4443667443667445,0.5666666666666668,-0.4443667443667443,0.18666666666666668,0.0
5978745,1.1332837301587302,0.5,-0.13328373015873016,1.2333333333333334,0.0
2107284,1.7355359147025815,0.7333333333333334,-0.7355359147025814,0.0,1.0
5993570,1.1813492063492064,0.6666666666666666,-0.1813492063492064,1.2,0.0
5989383,1.2781084656084656,0.5,-0.27810846560846564,0.16,0.0
5998256,1.290306915306915,0.6333333333333333,-0.2903069153069153,1.24,0.0
5996775,1.5777777777777775,0.43333333333333335,-0.5777777777777778,0.4,0.0
5995962,1.4308302808302809,0.5,-0.4308302808302809,0.5,0.0
1997598,1.459180402930403,0.4333333333333333,-0.459180402930403,0.0,1.0
5998406,0.9776960784313724,0.6,0.02230392156862745,0.5333333333333333,0.0
5993335,1.6353349673202615,0.6000000000000001,-0.6353349673202615,1.7599999999999998,0.0
5981019,0.988519599739112,0.5666666666666667,-0.10148148148148148,0.3333333333333333,0.0
2406747,0.8178853485838781,0.5666666666666667,0.182114651416122,0.0,1.0
5981272,0.6481481481481481,1.0102406281048788,0.35185185185185186,0.43333333333333335,0.0
2493646,1.4157509157509158,0.6999999999999998,-0.4157509157509158,0.0,1.0
5997815,0.9138888888888888,0.3367555176756428,0.0861111111111111,0.6333333333333333,0.0
5987837,1.4309343434343431,0.4666666666666666,-0.4309343434343435,0.4733333333333333,0.0
5978319,0.9689674523007856,0.6999999999999998,0.031032547699214364,0.06666666666666668,0.0
5978659,1.0638888888888889,0.5333333333333333,-0.06388888888888887,0.9066666666666666,0.0
1700934,0.5861111111111111,0.6333333333333333,0.4138888888888889,0.7481538929934236,1.0
2713905,1.075,0.6666666666666666,-0.075,0.0,1.0
1511038,0.7444444444444445,0.5,0.25555555555555554,0.0,1.0
3082125,1.111353923853924,0.6,-0.11135392385392386,0.0,1.0
5991836,1.4718253968253971,0.367259499554281,-0.4718253968253968,0.18666666666666668,0.0
5995790,3.5033531283531283,0.6333333333333334,-0.20138888888888887,0.21333333333333332,0.0
3333964,0.9635521885521884,0.5666666666666668,0.03644781144781143,0.0,1.0
1566752,0.8618055555555556,0.5333333333333333,0.13819444444444448,0.0,1.0
5980619,1.1389499389499391,0.4000000000000001,-0.13894993894993896,0.2933333333333333,0.0
5978783,0.7644781144781145,0.6666666666666666,0.23552188552188555,0.44,0.0
5992811,0.5939814814814816,0.5,0.4060185185185185,0.7066666666666667,0.0
2299109,1.4136111111111107,0.5,-0.4136111111111111,0.0,1.0
5981415,1.1293650793650791,0.6580418106395998,-0.12936507936507935,0.7666666666666666,0.0
2400014,1.115850970017637,0.5,-0.11585097001763672,0.0,1.0
5980966,0.5817460317460318,0.6333333333333333,0.41825396825396827,0.8266666666666667,0.0
5979047,1.4111111111111112,0.3152400949752833,-0.4111111111111112,1.4933333333333334,0.0
5987373,1.3638888888888892,0.5333333333333333,-0.3638888888888889,0.64,0.0
5984595,0.7759259259259258,0.6666666666666666,0.2240740740740741,1.1866666666666668,0.0
5997399,1.4588643790849674,0.6666666666666666,-0.4588643790849673,0.3,0.0
3267336,1.101527777777778,0.6,-0.10152777777777776,0.0,1.0
5979081,1.2971916971916972,0.4911630149829384,-0.2971916971916972,0.2,0.0
2421679,1.4486111111111108,0.6999999999999998,-0.4486111111111111,0.0,1.0
5997586,1.1251526251526252,0.5666666666666668,-0.12515262515262515,0.2533333333333333,0.0
5981772,0.9714460784313728,0.7000000000000001,0.028553921568627464,0.68,0.0
2328872,1.1486772486772487,0.6,-0.14867724867724866,0.0,1.0
5984684,1.4544810744810743,0.5333333333333333,-0.4544810744810746,1.28,0.0
2703183,1.2698412698412698,0.4000000000000001,-0.2698412698412698,0.0,1.0
5980691,1.419642857142857,0.7000000000000001,-0.4196428571428572,0.7266666666666666,0.0
5989405,1.2627525252525251,0.6333333333333334,-0.26275252525252524,1.16,0.0
5996661,1.5807539682539682,0.6333333333333333,-0.5807539682539682,0.6866666666666666,0.0
5996009,0.9157407407407409,0.5333333333333333,0.08425925925925926,0.3066666666666667,0.0
5980659,0.6805555555555555,0.6666666666666666,0.3194444444444445,1.1,0.0
3304322,1.1276094276094275,0.6666666666666666,-0.12760942760942762,0.0,1.0
5990372,1.3004084967320262,0.6333333333333333,-0.3004084967320261,0.7000000000000001,0.0
5984078,1.7911477411477412,0.6,-0.7911477411477411,0.8666666666666667,0.0
2395183,1.2942002442002445,0.6666666666666666,-0.2942002442002442,0.0,1.0
5996677,1.3729946478662782,0.7666666666666666,-0.3134920634920635,0.7666666666666666,0.0
5987716,1.9607031857031856,0.7333333333333334,-0.9607031857031858,1.413333333333333,0.0
3341183,1.4286375661375659,0.6999999999999998,-0.42863756613756615,0.0,1.0
5984654,1.2989898989898991,0.6333333333333333,-0.298989898989899,0.9733333333333332,0.0
5990215,1.440925925925926,0.6666666666666666,-0.4409259259259259,0.658342556475227,0.0
5986967,1.121043771043771,0.5666666666666667,-0.12104377104377105,1.22,0.0
5993604,1.3880952380952385,0.6,-0.3880952380952381,0.7666666666666666,0.0
3302407,0.8962962962962964,0.8000000000000002,0.1037037037037037,6.4562142889819105,1.0
5978192,0.9861904761904764,0.8,0.01380952380952381,1.38,0.0
5997737,1.4636904761904759,0.7000000000000001,-0.4636904761904762,0.8733333333333334,0.0
5979048,1.7635003885003886,0.5,-0.7635003885003885,0.5933333333333334,0.0
5995611,0.963510101010101,0.5666666666666668,0.036489898989899,0.9133333333333334,0.0
5990341,1.1555555555555557,0.5333333333333333,-0.15555555555555556,1.2533333333333334,0.0
5996823,1.44510582010582,0.6000000000000001,-0.4451058201058201,1.24,0.0
5991026,0.8895800831842305,0.804289017669961,0.0062496388723219005,0.3724992777446438,0.0
5982360,1.2741421568627451,6.697910166776737,-0.2741421568627451,1.2333333333333334,0.0
5994455,1.5424603174603175,0.6000000000000001,-0.5424603174603174,1.1666666666666667,0.0
1990635,0.7950396825396826,0.7333333333333333,0.20496031746031748,0.0,1.0
5991298,1.4367826617826616,0.7666666666666666,-0.4367826617826618,1.02,0.0
1751817,1.279141414141414,0.5333333333333333,-0.2791414141414141,0.0,1.0
5993002,1.6670636244608372,0.6,-0.0634920634920635,1.2866666666666668,0.0
5988328,0.647516835016835,0.6333333333333333,0.3524831649831649,1.3066666666666666,0.0
2224029,1.4727770969498912,0.5666666666666667,-0.4727770969498911,0.0,1.0
5991476,1.2803571428571427,0.6,-0.2803571428571429,0.6547280828635694,0.0
5995066,1.0988400488400487,0.5,-0.09884004884004884,0.7533333333333333,0.0
5991711,1.5041666666666664,0.6999999999999998,-0.5041666666666667,1.14,0.0
5986548,2.4660241280267603,0.5666666666666665,-0.4321296296296296,1.6466666666666665,0.0
5993152,1.0813492063492065,0.6,-0.08134920634920635,0.52,0.0
3143183,0.9846609477124184,0.6666666666666666,0.015339052287581681,0.0,1.0
5983174,0.7855918065145345,0.6666666666666666,0.03097222222222223,0.6733333333333333,0.0
5984488,0.9606481481481484,0.6,0.03935185185185184,0.8666666666666667,0.0
2963960,1.0611299477024738,0.4666666666666666,-0.14715688326985213,0.0,1.0
3311650,0.4553571428571429,0.6666666666666666,0.5446428571428572,0.0,1.0
5998681,0.9839379084967321,0.6333333333333333,0.016062091503267966,1.4066666666666665,0.0
5986036,0.9496632996632997,0.6,0.05033670033670031,1.5200000000000002,0.0
1995823,1.0384424603174602,0.5666666666666665,-0.03844246031746031,0.0,1.0
5997046,0.9731649831649832,0.6333333333333333,0.02683501683501685,0.8000000000000002,0.0
5980125,1.1147047397047396,0.6,-0.11470473970473972,0.8466666666666667,0.0
5995375,1.7943452380952385,0.5666666666666667,-0.7943452380952382,0.4466666666666667,0.0
2738462,1.6383169934640522,0.5,-0.6383169934640524,0.0,1.0
5998748,1.2656746031746031,0.5333333333333333,-0.2656746031746032,1.606666666666667,0.0
2458381,1.5706349206349206,0.5333333333333333,-0.5706349206349206,0.0,1.0
5996805,1.1363858363858363,0.43333333333333335,-0.13638583638583635,1.3066666666666669,0.0
2976916,0.8338888888888891,0.6333333333333333,0.16611111111111113,0.0,1.0
1972208,0.6551062091503268,0.549172764641122,0.08117668126962074,0.0,1.0
5983229,0.8128306878306878,0.5666666666666667,0.18716931216931215,0.5933333333333334,0.0
5984101,1.4496336996336996,0.5333333333333333,-0.4496336996336997,0.5133333333333333,0.0
5994982,0.9027777777777778,0.5333333333333333,0.0972222222222222,1.1,0.0
5986220,1.1427423747276688,0.5666666666666668,-0.14274237472766885,0.9666666666666668,0.0
5982955,1.2952861952861952,0.6666666666666666,-0.3939925497058752,0.2933333333333334,0.0
5993834,1.3,0.5,-0.3,1.2,0.0
5998214,1.1079365079365078,0.6666666666666666,-0.10793650793650793,0.96,0.0
5988231,1.3124489379084967,0.664895326426025,-0.3124489379084968,0.3533333333333333,0.0
5986290,1.405820105820106,0.4666666666666666,-0.4058201058201058,0.94,0.0
5991621,1.4317129629629628,0.6499999999999999,-0.43171296296296297,0.46,0.0
5983676,1.8555555555555556,0.6666666666666666,-0.8555555555555556,1.04,0.0
2868612,1.8885521885521883,0.6,-0.8885521885521886,0.0,1.0
5985981,0.8088064713064713,0.6666666666666666,0.19119352869352868,1.4733333333333334,0.0
5997197,0.9549242424242425,0.6,0.045075757575757575,0.34,0.0
2699932,1.7664465164465166,0.6,-0.7664465164465165,0.0,1.0
5992877,0.9546160130718956,0.6,0.0453839869281046,0.7799999999999999,0.0
5984259,0.9737373737373738,0.6333333333333334,0.02626262626262625,1.3533333333333335,0.0
5978710,1.3133394383394383,0.5333333333333333,-0.31333943833943834,0.5399999999999999,0.0
5979215,0.6421406525573192,0.6,0.3578593474426808,1.106666666666667,0.0
5987819,1.45,0.5,-0.45,1.0466666666666666,0.0
5985609,0.8430555555555556,0.6333333333333333,0.15694444444444444,1.2466666666666668,0.0
3201281,0.6431318681318682,0.6,0.3568681318681319,0.0,1.0
5984814,0.8048445767195767,0.5666666666666668,0.19515542328042326,0.5,0.0
5991475,0.9427910052910052,0.5666666666666667,0.05720899470899469,1.5066666666666668,0.0
3261696,1.4899140211640212,1.2899261396494934,-0.4578331643813896,0.0,1.0
5983326,1.454351851851852,0.5,-0.4543518518518518,0.7733333333333334,0.0
5996445,1.6538888888888892,0.6666666666666666,-0.6538888888888889,0.88,0.0
2349857,0.9036111111111113,0.8000000000000002,0.0963888888888889,0.0,1.0
5982530,1.5314814814814817,0.6666666666666666,-0.5314814814814816,0.52,0.0
5988854,1.4466422466422466,0.43333333333333335,-0.4466422466422466,0.84,0.0
5987500,0.6460317460317461,0.5921340049461389,0.35396825396825393,0.6666666666666666,0.0
5996633,1.7573232323232322,0.6999999999999998,-0.7573232323232323,0.5533333333333333,0.0
3029276,0.6454545454545455,0.6,0.3545454545454545,0.0,1.0
2748997,1.1364607614607616,0.4666666666666666,-0.13646076146076147,0.0,1.0
5994756,0.9619708994708996,0.7333333333333334,0.038029100529100544,0.32,0.0
5998125,1.6638888888888892,0.4666666666666666,-0.6638888888888889,1.8333333333333333,0.0
5999531,1.3180555555555555,0.5718486195622661,-0.31805555555555554,1.106666666666667,0.0
2883475,0.3082190324295588,0.4666666666666666,0.4098032961190856,0.0,1.0
5989833,0.968287037037037,0.6333333333333334,0.031712962962962936,0.3266666666666667,0.0
5999085,1.5822954822954822,0.6666666666666666,-0.5822954822954822,0.5066666666666667,0.0
3291270,1.456532356532357,0.7666666666666666,-0.4565323565323565,0.0,1.0
3439515,0.6666666666666667,0.55,0.3333333333333333,0.0,1.0
5984499,1.8047619047619048,0.7666666666666666,-0.8047619047619047,0.9133333333333334,0.0
5991457,1.374107142857143,0.75,-0.3741071428571429,1.67,0.0
5992390,0.8094246031746032,0.7000000000000001,0.19057539682539684,1.42,0.0
1988910,1.4361111111111111,0.7666666666666666,-0.4361111111111111,0.0,1.0
5994328,1.288095238095238,0.5,-0.2880952380952381,1.7133333333333336,0.0
5982424,1.4698107448107447,0.5333333333333333,-0.4698107448107448,1.04,0.0
5985090,0.9621632996632996,0.5333333333333333,0.03783670033670033,0.7866666666666667,0.0
5990028,0.8555555555555555,0.5666666666666668,0.14444444444444446,0.3333333333333333,0.0
5979988,1.1189814814814816,0.7333333333333334,-0.11898148148148148,0.98,0.0
2424141,8.33612263281381,0.5666666666666668,-0.17222222222222225,0.0,1.0
5986376,1.2579365079365081,0.6333333333333334,-0.2579365079365079,0.7466666666666667,0.0
5984119,0.7853174603174603,0.5333333333333333,0.21468253968253967,1.4007594310451454,0.0
2265818,0.7543981481481481,0.6666666666666666,0.2456018518518519,0.0,1.0
5983736,0.9646604938271603,0.5666666666666668,0.035339506172839506,0.04,0.0
3076538,1.602258852258852,0.4666666666666666,-0.6022588522588522,0.0,1.0
2924175,1.1001984126984128,0.6,-0.10019841269841273,0.0,1.0
5997444,0.6393121693121694,0.6333333333333334,0.36068783068783067,0.9466666666666668,0.0
5980306,0.9087962962962962,0.43333333333333335,0.09120370370370373,1.2933333333333332,0.0
5983078,0.4844246031746032,0.5,0.5155753968253968,1.2933333333333332,0.0
5997352,1.2758954008954009,0.5,-0.2758954008954009,1.2533333333333332,0.0
2123921,0.6898148148148149,0.6,0.3101851851851852,0.0,1.0
5991664,1.1098243464052289,0.5666666666666668,-0.10982434640522876,1.2666666666666666,0.0
2722629,1.4582516339869285,0.6333333333333334,-0.4582516339869282,0.0,1.0
5981423,0.6368827160493827,0.6,0.3631172839506173,1.2333333333333334,0.0
5985174,1.5755050505050503,0.7000000000000001,-0.5755050505050504,0.2933333333333334,0.0
2533972,1.135538073038073,0.5666666666666668,-0.13553807303807305,0.0,1.0
5986836,1.2777777777777777,0.6333333333333333,-0.2777777777777777,0.2866666666666667,0.0
2386904,1.3946969696969695,0.5666666666666667,-0.3946969696969697,0.0,1.0
5995238,1.1402625152625152,0.7666666666666667,-0.1402625152625153,0.52,0.0
5982473,0.9378052503052504,0.7666666666666666,0.0621947496947497,1.64,0.0
5988899,1.3177083333333337,0.55,-0.3177083333333333,0.5700000000000001,0.0
2534658,1.0735690235690236,0.6666666666666666,-0.07356902356902356,0.0,1.0
2896342,0.7977272727272727,0.6333333333333334,0.2022727272727273,0.0,1.0
5985843,1.4739163614163615,1.04762560551937,-0.4739163614163615,0.9933333333333336,0.0
3409352,1.5997023809523807,0.7000000000000001,-0.5997023809523809,0.0,1.0
3034664,1.1004629629629628,0.5666666666666667,-0.10046296296296296,0.0,1.0
5989968,1.3032356532356533,0.7333333333333334,-0.3032356532356532,0.37333333333333335,0.0
5989143,1.2,0.6333333333333333,-0.2,1.38,0.0
1739865,0.5694444444444444,0.4363191346860182,0.4305555555555555,0.0,1.0
5990465,1.6711640211640209,0.6,-0.6711640211640212,0.86,0.0
5982264,0.6194444444444444,0.6333333333333333,-0.1746711366538953,0.5,0.0
2496355,0.9817873677248676,0.4666666666666666,0.018212632275132257,0.0,1.0
5988256,0.9648730898730898,0.5666666666666667,0.035126910126910126,0.52,0.0
5996884,1.3222222222222222,0.6333333333333333,-0.3222222222222222,0.20666666666666667,0.0
5983800,0.9023809523809524,0.6,0.09761904761904763,0.98,0.0
5979155,1.5642195767195768,0.5333333333333333,-0.5642195767195767,1.5733333333333337,0.0
2576338,0.7973905723905723,0.37189709877255106,0.20260942760942768,0.0,1.0
5980490,1.2802645502645502,0.6333333333333333,-0.2802645502645503,0.3666666666666667,0.0
5999120,0.6116666666666667,0.6999999999999998,0.38833333333333336,0.8666666666666667,0.0
5989691,1.9556740153717591,0.5,-0.13277777777777774,0.44,0.0
5982697,1.1112764550264551,0.6999999999999998,-0.111276455026455,1.5,0.0
5979439,0.8210805860805861,0.6333333333333334,0.1789194139194139,0.3866666666666667,0.0
5990993,1.0271164021164019,0.6333333333333333,-0.02711640211640213,0.26,0.0
1709977,0.9879629629629629,0.5333333333333333,0.012037037037037032,0.0,1.0
1850906,1.2290343915343915,0.6333333333333333,-0.22903439153439156,0.0,1.0
5991716,1.0895493395493396,0.5,-0.08954933954933958,0.4466666666666667,0.0
5995113,0.973148148148148,0.5333333333333333,0.026851851851851863,0.48,0.0
5994257,4.65278353238948,0.5333333333333333,-0.14047619047619048,0.6266666666666666,0.0
5995055,1.2800505050505049,0.6666666666666666,-0.28005050505050505,1.26,0.0
5982059,1.1041666666666667,0.6,-0.10416666666666667,0.6133333333333334,0.0
5982544,0.7847222222222223,0.5333333333333333,0.2152777777777778,0.6133333333333333,0.0
5991419,1.5995604395604393,0.6666666666666666,-0.5995604395604396,0.7933333333333333,0.0
2946475,0.8106894841269842,0.6333333333333333,0.18931051587301587,0.0,1.0
5999392,0.7994949494949495,0.6000000000000001,0.20050505050505046,0.8866666666666667,0.0
5997398,0.9845787545787548,0.5333333333333333,0.01542124542124538,1.0066666666666666,0.0
2000783,1.7403439153439153,0.5666666666666668,-0.7403439153439152,0.0,1.0
5985930,0.8388888888888889,0.5333333333333333,0.16111111111111112,0.3533333333333333,0.0
5991166,1.4101010101010099,0.7666666666666666,-0.4101010101010101,0.44,0.0
1801395,0.7759259259259258,0.6333333333333333,0.2240740740740741,0.0,1.0
5995223,1.0791666666666666,0.7333333333333334,-0.07916666666666668,0.32666666666666666,0.0
5984540,1.4198412698412701,0.5333333333333333,-0.41984126984126985,1.0599999999999998,0.0
1549444,0.653049728049728,0.7000000000000001,0.147205057710837,0.0,1.0
5989309,1.139442501942502,0.8602236634758436,-0.13944250194250193,0.08,0.0
5985178,1.3937830687830688,0.5666666666666668,-0.3937830687830688,1.04,0.0
5986280,1.3934904601571267,0.6666666666666666,-0.3934904601571268,0.7599999999999999,0.0
5996837,0.9756715506715506,0.5,0.02432844932844934,1.0733333333333337,0.0
5982687,1.14478021978022,0.5666666666666667,-0.14478021978021974,0.3066666666666667,0.0
5990277,1.6631944444444444,0.5,-0.6631944444444444,1.05,0.0
5990604,1.272222222222222,0.6666666666666666,-0.2722222222222222,0.7333333333333334,0.0
5998258,0.4882631257631258,0.5666666666666668,0.5117368742368743,1.2066666666666666,0.0
5986289,1.1954365079365081,0.5666666666666668,-0.19543650793650796,0.20000000000000004,0.0
5992051,1.1552197802197803,0.8,-0.15521978021978022,2.52,0.0
3317004,1.3101953601953602,0.5666666666666668,-0.3101953601953602,0.0,1.0
1951595,0.48244949494949496,0.6000000000000001,0.517550505050505,0.0,1.0
5985547,1.2778390522875818,0.6,-0.2778390522875817,0.9333333333333332,0.0
5989392,1.2883928571428571,0.5333333333333333,-0.2883928571428572,0.3533333333333333,0.0
5989597,2.7347233843154903,0.7666666666666666,0.06851851851851852,0.7666666666666666,0.0
5993368,1.6332341269841268,1.2122854125783884,-0.6332341269841271,1.393333333333333,0.0
5993623,1.0900954590214282,0.5,-0.30012781469159594,0.7799352886596645,0.0
5978699,1.4265376984126985,0.43333333333333335,-0.4265376984126985,1.346666666666667,0.0
5996293,0.8415206102455794,0.6666666666666666,-0.16080158044740525,0.2311177785154897,0.0
3064244,1.6081349206349207,0.7666666666666666,-0.6081349206349206,0.2521401722881572,1.0
2247844,1.0222222222222224,0.6666666666666666,-0.022222222222222254,0.0,1.0
5983080,0.8968253968253969,0.5666666666666667,0.1031746031746032,0.7933333333333333,0.0
5981645,1.4,0.6666666666666666,-0.4,0.7799999999999999,0.0
2772094,1.0296296296296297,0.7999999999999999,-0.02962962962962965,0.0,1.0
5978519,1.1055426055426054,0.5666666666666665,-0.10554260554260554,1.5733333333333337,0.0
5979619,1.444345238095238,0.6666666666666666,-0.4443452380952381,1.8200000000000005,0.0
2165446,0.8125254375254375,0.5333333333333333,0.18747456247456246,0.0,1.0
5986808,1.293864468864469,0.4333333333333333,-0.2938644688644689,0.5266666666666667,0.0
5992077,1.2748015873015872,0.7333333333333334,-0.2748015873015873,0.6333333333333333,0.0
5978252,1.3452380952380951,0.45,-0.34523809523809523,0.8499999999999999,0.0
3224168,0.4618055555555556,0.4666666666666666,0.5381944444444445,0.0,1.0
5991214,0.8861111111111111,0.6,0.11388888888888887,0.54,0.0
2523631,1.0013888888888889,0.5666666666666668,-0.0013888888888889026,0.0,1.0
5991651,0.6972222222222223,0.6333333333333333,0.3027777777777778,0.3,0.0
2380510,0.4618055555555556,0.7333333333333334,0.5381944444444444,0.0,1.0
5992932,1.4591637529137529,0.8467406808948758,-0.459163752913753,1.0733333333333333,0.0
5978775,0.6405555555555555,0.7333333333333334,0.2755547798888491,0.8933333333333334,0.0
3198470,1.7353535353535354,0.5333333333333333,-0.7353535353535353,0.0,1.0
3347048,1.29854797979798,0.5209336577819627,-0.2985479797979798,0.0,1.0
5989819,1.3125,0.7666666666666666,-0.3125,0.5133333333333333,0.0
2944157,1.2526936026936026,0.5333333333333333,-0.2526936026936027,0.0,1.0
5981346,1.4679681429681428,0.43333333333333335,-0.467968142968143,0.06666666666666668,0.0
5988097,1.0373015873015874,0.5666666666666667,-0.0373015873015873,1.7,0.0
5986386,1.9330753968253969,0.6666666666666666,-0.9330753968253968,0.7800000000000001,0.0
5996405,1.0789682539682541,0.6333333333333334,-0.07896825396825398,0.4692091950145401,0.0
5983425,1.1253031305114638,0.6666666666666666,-0.12530313051146386,1.64,0.0
5980740,0.9755555555555556,0.6666666666666666,0.024444444444444446,0.9333333333333332,0.0
5995740,1.4694139194139195,0.6333333333333333,-0.4694139194139194,1.18,0.0
5980047,0.6138888888888888,0.5666666666666668,0.3861111111111111,1.1933333333333334,0.0
5978962,1.1984126984126984,0.6666666666666666,-0.1984126984126984,1.4,0.0
5998362,0.8026430976430977,0.5666666666666668,0.19735690235690231,0.9666666666666668,0.0
2187950,1.7778388278388275,0.5666666666666668,-0.7778388278388279,0.0,1.0
2220774,1.0416666666666667,0.6000000000000001,-0.04166666666666666,0.0,1.0
5990849,1.0527777777777778,0.5333333333333333,-0.052777777777777785,1.4733333333333334,0.0
1622835,1.2523809523809524,0.43333333333333335,-0.2523809523809524,0.0,1.0
5994893,2.000016447510054,0.6333333333333333,-0.2107744107744108,0.88,0.0
1880433,1.4430114638447973,0.5333333333333333,-0.4430114638447972,0.0,1.0
5989060,0.7776094276094275,0.5,0.2223905723905724,1.12,0.0
2374157,0.6382936507936509,0.6333333333333333,0.3617063492063492,0.0,1.0
5981916,1.462846412846413,0.5,-0.4628464128464129,0.7600000000000001,0.0
5999375,1.1936507936507936,0.6000000000000001,-0.19365079365079366,1.22,0.0
2682147,0.8148148148148149,0.5,0.1851851851851852,0.0,1.0
5998925,1.45530303030303,0.6666666666666666,-0.4553030303030303,0.9533333333333333,0.0
5981277,0.9414682539682541,0.4666666666666666,0.05853174603174601,0.26666666666666666,0.0
5981847,1.3976190476190478,0.6000000000000001,-0.3976190476190476,0.3733333333333333,0.0
5982318,1.7601919934640522,0.6333333333333334,-0.7601919934640523,0.28,0.0
5997478,1.430067155067155,0.7333333333333334,-0.43006715506715504,0.9,0.0
2928012,1.2746809757842008,0.5,-0.07470285459933539,0.0,1.0
3324744,1.0711111111111111,0.5333333333333333,-0.07111111111111112,0.0,1.0
5983395,1.4617035742035742,0.7333333333333334,-0.4617035742035742,1.0599999999999998,0.0
5984079,1.097222222222222,0.5,-0.0972222222222222,0.82,0.0
5979786,0.6936507936507937,0.6000000000000001,0.3063492063492064,1.4,0.0
5980207,1.576094276094276,0.6666666666666666,-0.5760942760942761,0.52,0.0
5990167,0.9361111111111112,0.5333333333333333,0.06388888888888887,0.05333333333333334,0.0
5993953,1.4041666666666668,0.55,-0.4041666666666667,0.6799999999999999,0.0
5985368,1.1296296296296295,0.5666666666666668,-0.12962962962962962,0.2466666666666667,0.0
2816498,1.1222222222222222,0.43333333333333335,-0.12222222222222225,0.0,1.0
1607335,1.0322420634920637,0.6,-0.03224206349206349,0.0,1.0
5995068,1.664393939393939,0.5666666666666668,-0.6643939393939394,1.0,0.0
3050203,1.2166666666666666,0.7666666666666666,-0.21666666666666667,0.0,1.0
5985455,0.4814153439153439,0.6999999999999998,0.5185846560846561,1.2266666666666668,0.0
5991261,0.7720538720538721,0.6333333333333333,0.227946127946128,1.1,0.0
2223968,0.3148148148148148,0.6666666666666666,0.6851851851851851,0.0,1.0
2954671,1.0805555555555555,0.905702468189454,-0.08055555555555552,0.0,1.0
5984037,1.3038385225885225,0.6333333333333333,-0.30383852258852256,0.96,0.0
5982645,0.9773313492063492,0.6333333333333333,0.02266865079365081,1.4666666666666668,0.0
5980008,1.3541666666666667,0.6333333333333333,-0.3541666666666667,4.038162679425838,0.0
5996658,1.285332722832723,0.7000000000000001,-0.2853327228327228,0.38,0.0
5991539,1.076984126984127,0.5666666666666668,-0.07698412698412699,1.6000000000000003,0.0
2190921,0.725,0.6161524146161488,0.275,0.0,1.0
5995551,0.6055555555555555,0.6333333333333333,0.3944444444444445,0.7866666666666667,0.0
5984917,1.2595238095238095,0.5,-0.25952380952380955,0.8599999999999999,0.0
5994778,0.7712466931216931,0.6333333333333333,0.2287533068783069,1.5466666666666666,0.0
5997127,1.1122354497354496,0.5666666666666668,-0.11223544973544974,0.8666666666666667,0.0
5982947,1.146886446886447,0.5333333333333333,-0.1468864468864469,0.7266666666666667,0.0
5978497,0.9753001628001626,0.5666666666666668,0.024699837199837187,0.20666666666666667,0.0
1516606,1.3715873015873017,0.34577579848727596,-0.3715873015873016,0.0,1.0
1669057,1.4686507936507935,0.4666666666666666,-0.4686507936507936,0.0,1.0
2982812,1.4199494949494949,0.5666666666666667,-0.4199494949494949,0.0,1.0
5989678,0.7194444444444444,0.7333333333333334,0.2805555555555556,0.5933333333333334,0.0
5989422,1.2375420875420875,0.6333333333333333,-0.23754208754208755,1.1,0.0
5989368,1.1164682539682542,0.5333333333333333,-0.11646825396825396,0.3333333333333333,0.0
1725602,0.9138888888888888,0.6,0.0861111111111111,0.0,1.0
5978978,1.784848484848485,0.6666666666666666,-0.7848484848484848,0.7666666666666667,0.0
5980962,1.2365079365079363,0.5,-0.2365079365079365,0.9133333333333332,0.0
1881680,0.952258852258852,0.5666666666666668,0.04774114774114772,0.0,1.0
5985653,0.8125198412698413,0.5333333333333333,0.18748015873015875,0.94,0.0
5996295,1.427020202020202,0.6333333333333334,-0.4270202020202021,0.5066666666666667,0.0
5995589,0.9162698412698412,0.5333333333333333,0.08373015873015875,0.06,0.0
5999248,0.7152777777777778,0.6,0.2847222222222223,0.5533333333333333,0.0
5999419,0.7968915343915345,0.5666666666666667,0.2031084656084656,0.7466666666666666,0.0
5997524,1.046164021164021,0.6333333333333333,-0.046164021164021164,1.3,0.0
5979846,1.1291524855403352,0.5333333333333333,-0.2592027848681656,1.0175758563226414,0.0
1695942,1.570277777777778,0.43333333333333335,-0.5702777777777778,0.0,1.0
5993599,1.1025252525252525,0.5666666666666665,-0.10252525252525256,1.0533333333333337,0.0
5985707,0.7853835978835978,0.6666666666666666,0.2146164021164021,0.7733333333333333,0.0
1630031,1.5469696969696969,0.6333333333333333,-0.546969696969697,0.0,1.0
5980223,1.1140151515151515,0.6333333333333334,-0.11401515151515153,0.8733333333333334,0.0
5981842,1.1373366013071895,0.6333333333333334,-0.13733660130718953,1.413333333333333,0.0
2369960,0.6340048840048841,0.6,0.365995115995116,0.0,1.0
5979387,0.8018890831390831,0.4666666666666666,0.19811091686091686,1.18,0.0
5984399,1.0,0.7000000000000001,0.0,0.26,0.0
5996519,0.9521138583638584,0.43333333333333335,0.04788614163614161,1.0199999999999998,0.0
3098236,0.960218253968254,0.6333333333333333,0.039781746031746036,0.0,1.0
5984392,1.4328282828282832,0.6333333333333333,-0.4328282828282828,0.6333333333333333,0.0
5979572,1.36031746031746,0.6000000000000001,-0.3603174603174603,0.54,0.0
3344358,0.7454074493922691,0.6666666666666666,0.3799603174603175,0.0,1.0
2577199,0.9543981481481482,0.6,0.045601851851851866,0.0,1.0
5994073,0.775925925925926,0.7333333333333334,0.22407407407407406,1.106666666666667,0.0
2443296,0.7748015873015873,0.5666666666666667,0.2251984126984127,0.0,1.0
5995418,0.9591600529100528,0.5666666666666668,0.040839947089947065,1.086666666666667,0.0
3310289,0.8088383838383838,0.7333333333333334,0.19116161616161614,0.0,1.0
5980335,1.0180555555555555,0.6,-0.01805555555555556,1.1266666666666667,0.0
2107582,0.7748015873015873,0.7333333333333334,0.2251984126984127,0.0,1.0
5979138,1.2487373737373741,0.4666666666666666,-0.24873737373737376,0.3800000000000001,0.0
5980217,0.9843341503267974,0.7666666666666666,0.015665849673202614,0.3133333333333333,0.0
5978384,1.9729738562091503,0.5666666666666665,-0.9729738562091504,0.5533333333333333,0.0
5989097,1.3371033309367812,0.6333333333333333,0.08341243813836925,0.3771285589556848,0.0
2192816,0.6302188552188552,0.6666666666666666,0.3697811447811448,0.0,1.0
2542412,1.114186507936508,0.6,-0.11418650793650792,0.0,1.0
5988571,1.1130821078431372,0.5666666666666668,-0.11308210784313727,0.7933333333333333,0.0
5993851,1.1675925925925923,0.6999999999999998,-0.1675925925925926,0.86,0.0
5989872,1.1408700980392157,0.6333333333333333,-0.14087009803921569,1.28,0.0
2779590,1.2555976430976432,0.43333333333333335,-0.2514351656221347,0.0,1.0
5991736,0.7838966588966589,0.6,0.21610334110334106,5.1467294915423265,0.0
1567890,1.25902076318743,0.6333333333333333,-0.2590207631874299,0.0,1.0
3238928,1.6050056116722784,0.7333333333333334,-0.6050056116722783,0.0,1.0
2684519,0.6296296296296297,0.5666666666666668,0.3703703703703704,0.0,1.0
5979772,1.584722222222222,0.5666666666666668,-0.5847222222222223,0.17333333333333334,0.0
5992193,0.6302188552188552,0.4666666666666666,0.3697811447811448,0.8333333333333334,0.0
5982497,0.9373677248677248,0.7000000000000001,0.06263227513227514,0.3533333333333333,0.0
5993516,0.9668650793650794,0.6666666666666666,0.033134920634920635,0.8066666666666666,0.0
1890895,1.1972222222222222,0.5,-0.1972222222222222,0.0,1.0
5992171,1.3008288008288011,0.5,-0.3008288008288008,1.0,0.0
5980809,0.9314814814814816,0.5333333333333333,0.06851851851851852,0.92,0.0
5983536,1.1296296296296295,0.8000000000000002,-0.12962962962962962,0.7266666666666666,0.0
5989645,0.7638888888888891,0.4666666666666666,0.23611111111111116,0.96,0.0
5985016,1.1868055555555557,0.6333333333333334,-0.18680555555555556,0.8533333333333334,0.0
1885159,1.0541666666666667,0.5333333333333333,-0.05416666666666666,0.0,1.0
5988047,1.5484126984126985,0.6666666666666666,-0.5484126984126985,0.5533333333333333,0.0
5995424,1.0671957671957673,0.6333333333333333,-0.06719576719576717,0.7399999999999999,0.0
1575834,1.0791666666666666,0.6333333333333333,-0.07916666666666666,0.4815911334528355,1.0
5983087,0.6524918300653595,0.6,0.3475081699346405,0.54,0.0
5984367,1.298611111111111,0.4666666666666666,-0.2986111111111111,0.7266666666666666,0.0
5986547,0.6541590354090354,0.5333333333333333,0.3458409645909645,1.2133333333333334,0.0
5987707,1.3841269841269843,0.6,-0.3841269841269841,1.74,0.0
5995719,1.1177953700464294,0.5,-0.6211843711843712,0.8733333333333334,0.0
3149876,1.135641339869281,0.7666666666666666,-0.13564133986928106,0.0,1.0
5988061,0.9305555555555556,0.6,0.06944444444444448,0.58,0.0
3083635,0.9469907407407409,0.5333333333333333,0.053009259259259256,0.0,1.0
5997140,1.1036630036630035,0.7333333333333334,-0.10366300366300367,0.8066666666666666,0.0
5983738,1.1244949494949494,0.4666666666666666,-0.12449494949494948,1.96,0.0
5985519,1.5716765873015872,0.5666666666666665,-0.5716765873015873,0.5399999999999999,0.0
5988616,1.548046398046398,0.6666666666666666,-0.548046398046398,0.6266666666666666,0.0
5997237,0.7987433862433863,0.5666666666666667,0.20125661375661374,1.6266666666666667,0.0
2065201,1.5474074074074071,0.6666666666666666,-0.5474074074074075,0.0,1.0
2067044,0.7111111111111111,0.6000000000000001,0.2888888888888888,0.0,1.0
5992672,1.6677389705882353,0.75,-0.6677389705882353,0.84,0.0
1964621,0.9552503052503052,0.5,0.044749694749694716,0.0,1.0
5992478,1.0833333333333333,0.5333333333333333,-0.08333333333333333,0.26666666666666666,0.0
5985067,1.465927960927961,0.4666666666666666,-0.465927960927961,0.5599999999999999,0.0
5995763,1.2064814814814817,0.5333333333333333,-0.2064814814814815,0.82,0.0
5988675,0.8018650793650793,0.7000000000000001,0.1981349206349207,1.6133333333333333,0.0
5981966,1.093919968919969,0.5,-0.09391996891996894,0.6733333333333333,0.0
5982623,1.2929232804232804,0.5666666666666667,-0.2929232804232805,0.4866666666666666,0.0
5980013,1.2833333333333332,0.5,-0.2833333333333334,0.8533333333333334,0.0
5980965,1.3981902356902356,0.5333333333333333,-0.3981902356902357,0.8920118688911556,0.0
5987040,0.9848529411764706,0.5,0.015147058823529413,0.8133333333333335,0.0
1836173,0.8141865079365079,0.6,0.18581349206349207,0.05106326780684018,1.0
5980159,1.3722222222222225,0.7333333333333334,-0.37222222222222223,0.7733333333333334,0.0
5991538,1.1854166666666666,0.4666666666666666,-0.18541666666666667,0.62,0.0
5985889,1.51986531986532,0.6333333333333334,-0.5198653198653199,0.94,0.0
5982627,1.2888468013468015,0.7666666666666666,-0.2888468013468013,1.3666666666666665,0.0
5991257,0.9751984126984128,0.7333333333333334,0.024801587301587286,1.6933333333333334,0.0
5984957,1.4158564814814814,0.4666666666666666,-0.3289376214276797,0.34,0.0
5995257,0.9647727272727272,0.55,0.03522727272727273,0.42,0.0
5984826,0.7872023809523809,0.4666666666666666,0.21279761904761907,0.3178039096923249,0.0
1748099,1.4148148148148147,0.8000000000000002,-0.4148148148148148,0.0,1.0
5982620,1.4375,0.5,-0.4375,0.7466666666666667,0.0
5990693,1.3616666666666666,0.5666666666666667,-0.3616666666666665,1.7866666666666668,0.0
1511327,1.4094466522748832,0.6666666666666666,-0.03819444444444442,0.0,1.0
2740811,1.380808080808081,0.43333333333333335,-0.3808080808080809,0.0,1.0
3448179,1.4735780423280425,0.6666666666666666,-0.4735780423280424,0.0,1.0
5988586,1.4409722222222223,0.6333333333333333,-0.4409722222222223,0.32666666666666666,0.0
5980530,1.623962148962149,0.4666666666666666,-0.623962148962149,1.153333333333333,0.0
5992959,1.0944444444444443,0.6666666666666666,-0.09444444444444444,0.19333333333333333,0.0
5982681,0.9213383838383838,0.6000000000000001,0.07866161616161611,0.9866666666666668,0.0
5978830,0.7768518518518518,0.5666666666666665,0.22314814814814807,1.3333333333333333,0.0
5988960,1.0585317460317458,0.43333333333333335,-0.08771258650983738,0.4933333333333334,0.0
5981745,0.8805555555555555,0.6999999999999998,0.11944444444444445,0.6333333333333333,0.0
5985453,0.5902777777777778,0.6,0.4097222222222223,1.36,0.0
5987049,0.7843055555555556,0.6333333333333333,0.21569444444444444,0.8066666666666666,0.0
5992760,1.3145506535947713,0.5333333333333333,-0.31455065359477125,0.1,0.0
5984868,1.1487103174603177,0.6666666666666666,-0.14871031746031746,0.2274789659286172,0.0
5979255,1.3279761904761904,0.5333333333333333,-0.3279761904761905,1.24,0.0
5995921,0.4716422466422466,0.6,0.5283577533577533,0.58,0.0
2820493,0.9551917989417991,0.6666666666666666,0.04480820105820108,0.5703425233038287,1.0
5984730,1.779156954156954,0.5,-0.7791569541569542,0.5866666666666667,0.0
5985265,1.2449494949494948,0.5333333333333333,-0.2449494949494949,1.3333333333333333,0.0
5998330,0.9426892551892552,0.7040079339625341,0.0573107448107448,1.0066666666666666,0.0
5996643,1.0013888888888889,0.4333333333333333,-0.001388888888888884,0.6466666666666666,0.0
5981894,1.7564153439153438,0.6,-0.7564153439153438,0.8266666666666667,0.0
5983953,0.9832010582010584,0.5,0.01679894179894179,0.7800000000000001,0.0
5997518,1.094261294261294,0.6,-0.09426129426129426,0.7200000000000001,0.0
5990200,0.5972222222222222,0.5333333333333333,0.40277777777777785,1.18,0.0
5995924,0.8402777777777777,0.5333333333333333,0.15972222222222224,0.7933333333333333,0.0
5986687,1.0416666666666667,0.5666666666666667,-0.04166666666666666,0.6733333333333333,0.0
3443489,0.7908272283272283,0.5,0.20917277167277168,0.0,1.0
3323682,1.398148148148148,0.6896819248633431,-0.39814814814814814,0.0,1.0
5997172,0.9655892255892256,0.6666666666666666,0.03441077441077441,0.04666666666666667,0.0
5983654,1.3153228958692815,0.7000000000000001,-0.4721649155456782,0.6,0.0
5996914,0.9529927248677248,0.5666666666666668,0.04700727513227513,1.16,0.0
5985812,1.7810185185185186,0.6333333333333333,-0.7810185185185187,0.16,0.0
5978056,1.2987762237762237,0.6333333333333333,-0.29877622377622376,0.52,0.0
5986566,1.2989519739519741,0.6,-0.20100728415569916,0.56,0.0
1566228,0.8944444444444444,0.5666666666666667,0.10555555555555557,0.0,1.0
1793863,0.9166666666666666,0.6333333333333333,0.08333333333333331,0.0,1.0
5984167,1.466170634920635,0.6666666666666666,-0.4661706349206349,0.86,0.0
5984704,1.143030118030118,0.6333333333333333,-0.14303011803011806,0.6333333333333333,0.0
5986146,1.2914351851851853,0.6,-0.29143518518518524,0.7666666666666666,0.0
1726030,1.5444444444444445,0.7000000000000001,-0.5444444444444444,0.0,1.0
3236428,1.9401785714285715,0.6,-0.9401785714285714,0.0,1.0
5995033,1.1127104377104378,0.6000000000000001,-0.11271043771043768,0.62,0.0
5980905,1.4508928571428572,0.6,-0.4508928571428572,0.03,0.0
5982823,0.8136531986531986,0.5864636396176593,0.18634680134680132,0.46,0.0
5994491,0.8165646853146854,0.6000000000000001,0.18343531468531468,0.4466666666666666,0.0
5986613,1.3072099673202615,0.5666666666666667,-0.30720996732026146,0.48,0.0
5985575,0.9820436507936507,0.6,0.017956349206349198,0.7933333333333333,0.0
5997842,0.9709595959595959,0.6666666666666666,0.02904040404040405,0.66,0.0
5990166,1.1136574074074077,0.4333333333333333,-0.11365740740740743,0.5466666666666666,0.0
5994240,0.9571208112874781,0.6333333333333333,0.04287918871252203,1.42,0.0
3223133,0.6457351290684624,0.8115927719504811,0.35426487093153763,0.0,1.0
5997243,3.751355829562149,0.5,0.5557539682539682,0.7200000000000001,0.0
5988978,0.9710152116402117,0.6666666666666666,0.028984788359788387,0.3800000000000001,0.0
2134190,1.4651739926739928,0.5333333333333333,-0.4651739926739927,0.0,1.0
2641231,0.8893849206349206,0.6333333333333334,0.11061507936507936,0.0,1.0
5984242,1.4150252525252525,0.4666666666666666,-0.4150252525252525,0.6,0.0
5982735,2.2995627841902766,0.6715874197441178,-0.027777777777777752,1.5600000000000005,0.0
5995678,0.7823015873015873,0.5666666666666667,0.2176984126984127,0.05333333333333334,0.0
5997412,1.2679080179080178,0.5666666666666667,-0.2679080179080179,1.6,0.0
5996607,1.5913888888888892,0.6999999999999998,-0.5913888888888889,0.92,0.0
5999537,1.421746031746032,0.6333333333333333,-0.42174603174603176,1.5466666666666666,0.0
1577162,1.4192550505050503,0.5,-0.4192550505050505,0.0,1.0
2363864,1.3895700196858904,0.6,-0.617070707070707,0.0,1.0
5986285,1.224404761904762,0.6666666666666666,-0.2244047619047619,0.7666666666666666,0.0
3350698,1.773052832244009,0.5666666666666668,-0.7730528322440087,0.0,1.0
5993621,0.4770016339869281,0.5666666666666665,0.5229983660130718,1.0333333333333334,0.0
5995952,1.2757605820105822,0.5333333333333333,-0.27576058201058196,0.6733333333333333,0.0
5982073,1.3864197530864195,0.6,-0.3864197530864198,0.6733333333333333,0.0
5998504,1.1759259259259258,0.7666666666666666,-0.1759259259259259,0.6133333333333333,0.0
2324579,1.415674603174603,0.6,-0.4156746031746032,0.0,1.0
2462779,1.5666666666666664,0.5333333333333333,-0.5666666666666667,0.0,1.0
5981211,1.6250661375661375,0.6,-0.6250661375661376,1.6866666666666668,0.0
5998904,0.7597222222222223,0.6,0.2402777777777777,0.10666666666666667,0.0
1873452,1.5812646411405955,0.5333333333333333,-0.055886243386243366,0.0,1.0
5984241,0.8611111111111112,0.5666666666666667,0.13888888888888887,0.5399999999999999,0.0
5996503,0.7777777777777777,0.5333333333333333,0.22222222222222224,0.2933333333333333,0.0
3105205,0.9432234432234432,0.4769562756055985,0.05677655677655676,0.0,1.0
5978671,1.143477668845316,0.5666666666666667,-0.14347766884531593,0.37333333333333335,0.0
3421870,1.0222222222222224,0.6,-0.022222222222222216,0.0,1.0
5995750,0.7922588522588523,0.6333333333333333,0.2077411477411477,0.37333333333333335,0.0
3166491,1.1777777777777778,0.6333333333333334,-0.17777777777777778,0.0,1.0
5979374,0.8333333333333334,0.6,0.16666666666666666,1.5266666666666666,0.0
1714784,0.6478373015873016,0.5,0.3521626984126984,0.0,1.0
2811476,1.4675793650793654,0.6666666666666666,-0.4675793650793651,0.0,1.0
3449944,0.6944444444444443,0.5333333333333333,0.3055555555555556,0.0,1.0
5981088,1.16875,0.6333333333333333,-0.16874999999999998,0.68,0.0
3064582,1.150925925925926,0.6,-0.15092592592592596,0.0,1.0
5993180,1.1013888888888892,0.5666666666666668,-0.10138888888888888,0.62,0.0
1549743,0.8925925925925927,0.2895772352418602,0.10740740740740744,0.0,1.0
5997477,1.3513888888888892,0.5,-0.3513888888888889,0.7333333333333334,0.0
5997484,1.140890522875817,0.4666666666666666,-0.140890522875817,0.08,0.0
5984682,1.9171957671957671,0.5666666666666668,-0.9171957671957672,0.2866666666666667,0.0
1642240,1.3333333333333333,0.5,-0.3333333333333333,0.0,1.0
1994701,1.1325571895424835,0.5666666666666667,-0.13255718954248366,0.0,1.0
5987089,0.7636243386243388,0.7000000000000001,0.23637566137566135,0.13333333333333333,0.0
5982541,0.8777777777777779,0.5,0.12222222222222222,0.4000000000000001,0.0
5994744,0.6180555555555556,0.4666666666666666,0.3819444444444445,0.7600000000000001,0.0
2213794,0.8717194865322178,0.6666666666666666,0.024584051586899098,0.0,1.0
5997971,1.6290079365079364,0.6666666666666666,-0.6290079365079365,0.5866666666666668,0.0
5986314,1.3222222222222222,0.6333333333333333,-0.32222222222222224,1.7533333333333332,0.0
5991933,1.0,0.7,0.0,1.02,0.0
5983519,1.110866910866911,0.6333333333333334,-0.11086691086691083,0.7399999999999999,0.0
5997761,1.5388888888888892,0.6,-0.5388888888888889,0.6333333333333334,0.0
5984533,1.103730158730159,0.5666666666666667,-0.10373015873015873,0.4866666666666666,0.0
5999424,0.6254171754171755,0.6333333333333333,0.3745828245828246,0.5466666666666667,0.0
5997595,1.2555555555555555,0.6333333333333334,-0.25555555555555554,0.2733333333333333,0.0
5987632,1.306099456099456,0.5666666666666668,-0.3060994560994561,1.0733333333333337,0.0
5987408,0.5666666666666668,0.6333333333333334,0.43333333333333335,1.96,0.0
5981740,0.5138888888888888,0.5666666666666668,0.4861111111111112,0.13333333333333333,0.0
5982941,1.3087452342047932,0.4666666666666666,-0.3087452342047931,1.32,0.0
5993892,1.0561111111111112,0.6,-0.05611111111111112,0.12,0.0
5986806,1.7491181657848325,0.6,-0.7491181657848324,1.0733333333333333,0.0
5978075,1.3107420357420356,0.9439806443423496,-0.3107420357420358,0.4466666666666667,0.0
5996795,1.2760515873015874,0.6,-0.2760515873015873,0.86,0.0
2652401,0.7880555555555556,0.4666666666666666,0.21194444444444446,0.0,1.0
5988720,0.9590277777777776,0.5333333333333333,0.04097222222222219,1.3765803188341468,0.0
2426328,0.8861111111111111,0.4666666666666666,0.11388888888888893,0.0,1.0
5984465,1.1368686868686868,0.6666666666666666,-0.1368686868686869,0.5333333333333333,0.0
2982657,1.3029479847494554,4.315262486968657,-0.3029479847494553,0.0,1.0
2003507,1.2418350168350167,0.6666666666666666,-0.2418350168350168,0.0,1.0
5982759,1.1353835978835978,0.6822752850765954,-0.13538359788359788,0.4066666666666667,0.0
5994979,0.6183201058201059,0.6999999999999998,0.3816798941798942,1.0666666666666669,0.0
2672736,1.720740740740741,0.6333333333333333,-0.7207407407407408,0.0,1.0
5981526,1.6314141414141412,0.5666666666666668,-0.6314141414141413,0.6533333333333334,0.0
5985772,2.3076217881903545,0.5333333333333333,-0.6012582993660013,3.270508754519525,0.0
5979421,0.960338631631069,0.6333333333333333,-0.044530275497782455,0.9793492282265404,0.0
5986495,1.1440909090909093,0.5,-0.14409090909090908,0.34,0.0
5989344,1.4369047619047621,0.7000000000000001,-0.4369047619047619,0.9133333333333334,0.0
5996048,1.7140046296296296,0.6,-0.7140046296296297,0.9733333333333332,0.0
5978261,1.2349747474747474,0.6333333333333333,-0.2349747474747475,1.0733333333333337,0.0
5979287,0.9166666666666666,0.5666666666666667,0.08333333333333333,1.4266666666666663,0.0
5980931,0.9702861952861952,0.6,0.02971380471380469,0.4533333333333333,0.0
5986349,1.149428104575163,0.6,-0.14942810457516342,1.5266666666666666,0.0
5980573,1.1057539682539683,0.5333333333333333,-0.10575396825396824,0.4866666666666666,0.0
5983411,0.6402188552188552,0.5,0.3597811447811448,1.3266666666666669,0.0
5980262,0.9563131313131312,0.6999999999999998,0.04368686868686866,0.5466666666666667,0.0
5988692,1.058531746031746,0.6333333333333334,-0.058531746031746025,0.5599999999999999,0.0
5997817,0.8185389433551199,0.5666666666666668,0.18146105664488013,1.04,0.0
5984524,1.3008169934640523,0.6,-0.30081699346405233,0.8666666666666667,0.0
5980793,1.3986772486772487,0.6,-0.3986772486772487,0.2533333333333333,0.0
5983367,1.1669973544973544,0.4666666666666666,-0.1669973544973545,0.3800000000000001,0.0
5986522,1.720436507936508,0.5666666666666668,-0.7204365079365079,0.6933333333333334,0.0
5985588,1.105109126984127,0.4666666666666666,-0.105109126984127,0.8666666666666667,0.0
5986150,1.7694444444444446,0.5,-0.7694444444444445,0.7866666666666666,0.0
5984766,0.7978826728826728,0.5333333333333333,0.2021173271173271,0.34,0.0
5985749,1.4488289760348585,0.5343107766332493,-0.4488289760348583,0.06666666666666668,0.0
2061992,0.6520222832722833,0.4666666666666666,0.3479777167277167,0.0,1.0
5993869,1.002777777777778,0.43333333333333335,-0.002777777777777768,1.4466666666666663,0.0
5998270,0.9745337995337996,0.7666666666666666,0.02546620046620045,0.7266666666666666,0.0
5978951,1.3055167055167054,0.6333333333333334,-0.3055167055167056,0.5866666666666667,0.0
5991875,0.7398809523809523,0.6666666666666666,0.26011904761904764,0.5066666666666667,0.0
2003319,1.5633838383838383,2.582877548903713,-0.5633838383838384,0.0,1.0
3091434,0.9721380471380472,0.7666666666666667,0.027861952861952883,0.0,1.0
5982127,1.013888888888889,0.5,-0.013888888888888876,0.18666666666666665,0.0
5992140,0.7904100529100528,0.5666666666666667,0.20958994708994708,1.24,0.0
5985626,1.2271604938271603,0.6666666666666666,-0.2271604938271605,1.0,0.0
5996540,0.9664122914122912,0.6666666666666666,0.033587708587708584,1.0733333333333333,0.0
5995256,1.2924579124579123,0.6333333333333333,-0.2924579124579125,0.66,0.0
5992803,1.1569444444444443,0.4000000000000001,-0.15694444444444444,1.2066666666666668,0.0
5983344,1.7624338624338625,0.6,-0.7624338624338624,0.37333333333333335,0.0
5981803,1.4305555555555556,0.7666666666666666,-0.4305555555555555,0.3,0.0
5981012,1.2830357142857145,0.6666666666666666,-0.28303571428571433,0.11333333333333336,0.0
5995077,1.4414702581369248,0.5,-0.4414702581369248,1.0733333333333337,0.0
5991751,1.1095238095238094,0.6333333333333333,-0.10952380952380954,1.0666666666666669,0.0
5991051,1.2496031746031746,0.5666666666666667,-0.2496031746031746,1.6866666666666668,0.0
5994714,1.4253968253968254,0.6,-0.4253968253968254,1.2802282515073216,0.0
5981061,0.8485997805711779,0.5,-0.11404195092766176,1.0596000191519377,0.0
3002836,0.7271978021978023,0.65,0.2728021978021978,0.0,1.0
5992258,1.6000582750582752,0.6,-0.600058275058275,0.6666666666666666,0.0
5981839,1.273106060606061,0.6333333333333333,-0.27310606060606063,1.106666666666667,0.0
5997747,1.4206349206349207,0.6333333333333333,-0.4206349206349207,1.26,0.0
5992965,1.6289141414141417,0.5333333333333333,-0.6289141414141414,1.153333333333333,0.0
5993487,1.1083638583638584,0.4666666666666666,-0.10836385836385833,0.5066666666666667,0.0
5981419,1.4072390572390574,0.6000000000000001,-0.4072390572390572,0.4666666666666666,0.0
2016454,1.2200176366843034,0.5666666666666667,-0.4938800086654744,0.0,1.0
5978550,1.0589947089947092,0.6333333333333333,-0.058994708994708975,0.7600000000000001,0.0
3344483,0.9513888888888888,0.6333333333333333,0.04861111111111111,0.0,1.0
3121654,1.4781590413943355,0.6,-0.4781590413943355,0.0,1.0
5981654,1.1171626984126986,0.5666666666666668,-0.33628844060112795,1.18,0.0
5979331,1.1055962555962555,0.6333333333333334,-0.1055962555962556,0.5133333333333333,0.0
2658750,0.9746184371184372,0.5666666666666665,0.02538156288156286,0.0,1.0
5986246,0.7938888888888888,0.5666666666666667,0.20611111111111116,1.0266666666666666,0.0
5989495,0.7592592592592592,0.6333333333333334,0.24074074074074076,1.5266666666666668,0.0
5991158,0.7829966329966329,0.6999999999999998,0.21700336700336695,0.17333333333333334,0.0
5993419,1.2841049382716048,0.7333333333333334,-0.2841049382716049,0.8999999999999999,0.0
5996462,1.4684926184926184,0.6333333333333334,-0.4684926184926185,0.8999999999999999,0.0
5978799,0.5444444444444444,0.7559420943383883,0.4555555555555556,1.08,0.0
3297551,1.2743818681318682,0.6000000000000001,-0.27438186813186816,0.0,1.0
1837490,1.0555555555555556,0.43333333333333335,-0.055555555555555546,0.0,1.0
5997153,1.6399007936507937,0.5666666666666667,-0.6399007936507937,1.9866666666666664,0.0
5987472,0.91765873015873,0.5666666666666665,-0.11615083705658573,1.2,0.0
5985022,1.7540873015873018,0.6000000000000001,-0.7540873015873015,1.0199999999999998,0.0
5996562,1.1310185185185186,0.7666666666666666,-0.13101851851851853,0.8666666666666667,0.0
2973725,0.965063316993464,0.5,0.034936683006535935,0.0,1.0
5981101,1.137786519036519,0.4666666666666666,-0.13778651903651906,0.64,0.0
2513936,1.1052777777777776,0.6333333333333333,-0.1052777777777778,0.0,1.0
3164919,0.7002314814814815,0.6666666666666666,0.2997685185185185,0.0,1.0
5993343,1.4702380952380951,0.7999999999999999,-0.4702380952380952,1.0199999999999998,0.0
5993610,1.2772817460317458,0.5333333333333333,-0.27728174603174605,0.7466666666666667,0.0
5994446,1.1317501942501942,0.6,-0.13175019425019427,1.1333333333333335,0.0
5981193,1.2727182539682542,0.9151962905644592,-0.27271825396825394,0.48,0.0
5995496,1.1354166666666667,0.6,-0.13541666666666666,1.94,0.0
1769622,1.5152777777777775,0.6,-0.5152777777777778,0.0,1.0
5996107,0.7960988562091503,0.6333333333333333,0.20390114379084967,0.5133333333333333,0.0
5994709,1.7497957516339868,0.7000000000000001,-0.7497957516339869,0.7066666666666667,0.0
5993586,1.4348484848484848,0.7333333333333334,-0.4348484848484849,0.9466666666666668,0.0
1575959,1.4513403263403264,0.7000000000000001,-0.4513403263403264,0.0,1.0
5985935,1.9152777777777776,0.75,-0.915277777777778,0.6,0.0
3070285,1.5792929292929292,0.7000000000000001,-0.5792929292929293,0.0,1.0
2311906,1.139779411764706,0.7333333333333334,-0.13977941176470587,0.0,1.0
1690483,1.0727777777777778,0.6666666666666666,-0.07277777777777779,0.0,1.0
5980753,1.4184232026143793,0.6,-0.4184232026143791,0.16666666666666666,0.0
5994478,1.2665343915343914,0.6666666666666666,-0.2665343915343915,1.0666666666666669,0.0
2269957,1.3034493284493285,0.6333333333333333,-0.3034493284493284,0.0,1.0
5996521,1.2474206349206352,0.6000000000000001,-0.2474206349206349,2.14,0.0
1770268,1.083796296296296,0.6666666666666666,-0.0837962962962963,0.0,1.0
5998845,0.7518518518518519,0.5,0.2481481481481482,0.6466666666666666,0.0
5988804,1.2655303030303031,0.6666666666666666,-0.265530303030303,0.4133333333333333,0.0
5981225,1.1092897842897844,0.5666666666666665,-0.10928978428978432,0.9533333333333336,0.0
3368789,1.6247474747474746,0.6999999999999998,-0.6247474747474747,0.0,1.0
5988290,1.4861111111111107,0.5,-0.4861111111111112,1.2533333333333332,0.0
5982373,1.2083333333333333,0.6,-0.20833333333333331,0.5599999999999999,0.0
5989091,1.2388888888888892,0.6,-0.2388888888888889,1.0133333333333334,0.0
2640656,1.2111111111111108,0.4128482521278676,-0.21111111111111114,0.0,1.0
5983108,0.8011029411764706,0.6,0.1988970588235294,0.6533333333333333,0.0
3237478,1.5555241895220795,0.4666666666666666,-0.7775252525252525,0.0,1.0
5997112,1.9045502645502643,0.6333333333333333,-0.9045502645502644,0.4933333333333334,0.0
5983954,1.275,0.7666666666666666,-0.275,0.64,0.0
5992853,0.6443627450980393,0.6666666666666666,0.3556372549019608,0.84,0.0
5999009,1.1395016339869282,0.6666666666666666,-0.1395016339869281,1.106666666666667,0.0
5994145,1.2166666666666666,0.7666666666666666,-0.21666666666666667,1.0533333333333332,0.0
3345559,1.7094356261022927,0.6666666666666666,-0.7094356261022927,0.0,1.0
3270496,1.3133928571428573,0.5333333333333333,-0.31339285714285714,0.0,1.0
5992353,1.141466503267974,0.5,-0.14146650326797386,1.12,0.0
2960547,1.2916666666666667,0.4333333333333333,-0.2916666666666667,0.0,1.0
5980430,0.6320767195767195,0.5666666666666665,0.3679232804232804,0.26,0.0
2824759,1.7353341103341104,0.6333333333333334,-0.7353341103341103,0.0,1.0
2930076,0.4836279461279462,0.5666666666666667,0.5163720538720539,0.0,1.0
2357969,1.4376984126984125,0.6999999999999998,-0.4376984126984127,0.0,1.0
5999497,0.75,0.5,0.25,1.1266666666666667,0.0
2495709,1.1423835784313725,0.6333333333333333,-0.14238357843137253,0.0,1.0
3086820,1.2815476190476192,0.5333333333333333,-0.28154761904761905,0.0,1.0
5997687,1.1335317460317458,0.5666666666666667,-0.133531746031746,1.04,0.0
5985195,1.7691176470588237,0.6333333333333334,-0.7691176470588236,0.20666666666666667,0.0
1753312,1.4047619047619049,0.6666666666666666,-0.4047619047619047,0.0,1.0
5988115,1.507777777777778,0.6000000000000001,-0.5077777777777778,0.9933333333333332,0.0
2850055,0.6418209876543209,0.6666666666666666,0.3581790123456791,0.0,1.0
3204145,1.3095179738562093,0.6,-0.3095179738562091,0.0,1.0
2565391,0.974074074074074,0.7333333333333334,-0.025800336824730152,0.0,1.0
5981913,0.8125966625966626,0.6666666666666666,0.1874033374033374,1.7733333333333334,0.0
5991399,0.9436507936507936,0.5666666666666667,0.05634920634920635,0.68,0.0
5986770,1.5908068783068785,0.6666666666666666,-0.5908068783068783,1.0799999999999998,0.0
5983925,1.3849206349206349,0.7000000000000001,-0.3849206349206349,0.92,0.0
2452008,1.1397047397047395,0.6333333333333333,-0.13970473970473973,0.0,1.0
5987433,0.9888888888888888,0.7333333333333334,0.011111111111111108,1.6933333333333334,0.0
5983857,1.4514814814814816,0.6666666666666666,-0.4514814814814814,0.5133333333333333,0.0
5995094,1.423795648795649,0.5207107647077062,-0.4237956487956489,0.6933333333333334,0.0
2102461,0.7361111111111109,0.6,0.26388888888888884,0.0,1.0
5981376,0.8805555555555555,0.5333333333333333,0.11944444444444445,1.3,0.0
1760931,1.3888888888888893,0.7333333333333334,-0.3888888888888888,0.0,1.0
5979825,1.6154040404040406,0.5666666666666665,-0.6154040404040404,0.2933333333333333,0.0
3302071,0.9636616161616162,0.6333333333333333,0.036338383838383864,0.0,1.0
5998750,1.3107997557997555,0.6666666666666666,-0.8685097902287694,1.08,0.0
5979419,34.177905440685045,0.6666666666666666,0.028174603174603168,0.6266666666666666,0.0
5995430,0.8101010101010101,0.5333333333333333,0.18989898989898987,1.22,0.0
5987915,0.954375,0.45,0.045625,0.63,0.0
2689602,0.7699494949494948,0.7666666666666666,0.23005050505050506,0.0,1.0
5992382,0.9822527472527472,0.5,0.01774725274725279,1.9533333333333331,0.0
2118524,1.4458333333333333,0.7,-2.464929183135705,0.0,1.0
5990913,0.7777777777777777,0.6666666666666666,0.2222222222222222,0.7533333333333334,0.0
5998746,1.6144400352733683,0.5666666666666668,-0.6144400352733687,0.7333333333333334,0.0
5987855,1.364814814814815,0.5666666666666667,-0.3648148148148149,0.43333333333333335,0.0
5994736,0.9466931216931216,0.5333333333333333,0.0533068783068783,0.7933333333333333,0.0
3097785,0.9416666666666668,0.5,0.05833333333333333,0.0,1.0
5994953,0.8253913635546901,0.6999999999999998,0.1929563492063492,1.0266666666666666,0.0
3187667,1.5851851851851853,0.5,-0.5851851851851851,0.0,1.0
5978243,1.4125420875420875,0.6333333333333333,-0.4125420875420875,1.0666666666666669,0.0
5981799,1.267063492063492,0.7000000000000001,-0.2670634920634921,1.4933333333333334,0.0
5980686,0.924537037037037,0.554061453155039,0.07546296296296295,1.7066666666666668,0.0
5979459,1.623989898989899,0.6666666666666666,-0.623989898989899,0.9533333333333333,0.0
2521241,1.111005291005291,0.6,-0.11100529100529101,0.0,1.0
3070887,0.9417059483726148,0.5333333333333333,0.05829405162738496,0.0,1.0
5995104,1.1164326414326415,0.5666666666666668,-0.11643264143264148,1.2000000000000002,0.0
2506223,1.1026960784313726,0.5666666666666668,-0.10269607843137256,0.0,1.0
5988334,1.0917824074074074,0.8000000000000002,-0.0917824074074074,0.4733333333333334,0.0
5978984,1.6483961640211642,0.5666666666666668,-0.6483961640211641,1.6000000000000003,0.0
5988475,1.08885582010582,0.6,-0.0888558201058201,1.0266666666666666,0.0
1849723,1.7867424242424244,0.6999999999999998,-0.7867424242424242,0.0,1.0
2817239,0.5902777777777778,0.7000000000000001,0.40972222222222215,0.0,1.0
1849601,0.960218253968254,0.6666666666666666,0.039781746031746036,0.0,1.0
5993660,0.6444139194139193,0.5666666666666667,0.3555860805860806,0.68,0.0
2143467,1.1527777777777777,0.5666666666666667,-0.15277777777777782,0.0,1.0
2093273,1.5005555555555556,0.5666666666666668,-0.5005555555555555,0.0,1.0
5989777,1.1347643097643096,0.6666666666666666,-0.13476430976430975,3.7944109126293033,0.0
5986982,0.6712962962962963,111.55430961130276,0.3287037037037037,0.54,0.0
5993137,1.1231481481481482,0.6,0.1556615519085926,0.3800000000000001,0.0
5981218,0.7086111111111112,0.6,0.2913888888888889,0.26666666666666666,0.0
5998844,1.1464257964257965,0.5333333333333333,-0.14642579642579642,0.92,0.0
1632077,1.128724053724054,0.4666666666666666,-0.1287240537240537,0.0,1.0
5983620,1.771001221001221,0.4666666666666666,-0.7710012210012209,2.0,0.0
5987045,0.8361111111111111,0.5333333333333333,0.1638888888888889,0.9266666666666667,0.0
5995801,1.80406746031746,0.5333333333333333,-0.8040674603174603,1.2866666666666664,0.0
5983717,0.5173802220721843,0.6666666666666666,0.2553371190101095,0.4242420269766251,0.0
5983382,0.9680555555555556,0.7000000000000001,0.031944444444444435,0.3866666666666667,0.0
3172867,0.8111263736263736,0.5,0.1888736263736264,0.1113390447633326,1.0
5998518,1.437742812742813,0.4666666666666667,-0.4377428127428128,0.9066666666666668,0.0
5989163,1.6113756613756614,0.6000000000000001,-0.6113756613756615,0.66,0.0
2516857,1.106643356643357,0.4666666666666666,-0.10664335664335664,0.0,1.0
5992529,1.3626984126984123,0.5666666666666667,-0.3626984126984128,0.3133333333333333,0.0
5994192,0.9406565656565656,0.6333333333333333,0.05934343434343434,1.8333333333333333,0.0
5991687,1.090569153069153,0.6,-0.09056915306915307,1.893333333333333,0.0
5983387,1.2626910126910127,0.6039989402001581,-0.2626910126910127,0.8333333333333334,0.0
5980924,1.6058080808080808,0.6666666666666666,-0.6058080808080808,0.34,0.0
5989506,1.624767156862745,0.6333333333333333,-0.6247671568627451,1.0533333333333332,0.0
5987666,1.05,0.5666666666666668,-0.04999999999999999,0.3133333333333333,0.0
5993924,1.2862103174603174,0.6,-0.28621031746031744,0.52,0.0
1538281,1.4695436507936508,0.5,-0.4695436507936508,0.0,1.0
2085363,0.8194444444444443,0.6666666666666666,0.1805555555555556,0.0,1.0
5986288,0.8611111111111109,0.5666666666666668,0.13888888888888887,1.3733333333333333,0.0
5991066,0.9888888888888888,0.7666666666666666,0.011111111111111108,0.9266666666666667,0.0
5989347,1.2027777777777775,0.5666666666666668,-0.20277777777777772,0.4133333333333334,0.0
5983558,0.975796425796426,0.6666666666666666,0.0242035742035742,0.5466666666666667,0.0
2740753,1.3015196078431372,0.5666666666666668,-0.30151960784313725,0.0,1.0
5994205,1.3909722222222225,0.6666666666666666,-0.3909722222222223,0.1,0.0
5990702,4.701784697408619,0.6666666666666666,-0.11276455026455028,0.48,0.0
5991473,0.7444444444444445,0.6666666666666666,0.25555555555555554,0.7733333333333333,0.0
1724596,11.352675153793573,0.6,-0.6175595238095238,0.0,1.0
5999191,1.4131944444444444,0.6499999999999999,-0.4131944444444444,0.62,0.0
5988043,0.9393849206349209,0.6666666666666666,0.06061507936507937,0.9533333333333336,0.0
5993421,1.4013888888888888,0.6333333333333334,-0.4013888888888889,1.346666666666667,0.0
5979517,1.6346478174603174,0.5,-0.6346478174603174,0.8933333333333334,0.0
5997231,1.14468954248366,0.5,-0.14468954248366014,0.5914156604410277,0.0
5998453,1.7972832722832723,0.7000000000000001,-0.7972832722832722,0.96,0.0
5997347,1.7837301587301588,0.5333333333333333,-0.7837301587301587,0.8266666666666667,0.0
5989338,1.1891534391534393,0.5666666666666665,-0.1891534391534392,0.44,0.0
5990119,1.462087542087542,0.6333333333333334,-0.4620875420875421,0.3333333333333333,0.0
2040033,0.9372519841269842,0.5333333333333333,0.06274801587301587,0.0,1.0
5992569,1.2314814814814814,0.6,-0.2314814814814815,0.92,0.0
5994924,0.9633838383838385,0.6333333333333333,0.03661616161616164,0.9666666666666668,0.0
5987741,0.9144781144781144,0.5333333333333333,0.08552188552188549,1.1466666666666667,0.0
5999315,1.4547453703703703,0.6,-0.4547453703703703,1.16,0.0
5988549,0.7563492063492063,0.43333333333333335,0.24365079365079365,0.7400000000000001,0.0
5983951,1.4371672771672772,0.5666666666666665,-0.4371672771672772,0.6133333333333333,0.0
5997740,0.9133417508417508,0.5666666666666667,0.08665824915824916,2.1666666666666665,0.0
5992523,1.1085171568627452,0.7000000000000001,-0.1085171568627451,0.2733333333333334,0.0
5980156,1.1431318681318678,0.6,-0.14313186813186815,0.4533333333333333,0.0
5995199,1.6187830687830689,0.4666666666666666,-0.6187830687830688,0.17333333333333334,0.0
5998043,1.4913594947650677,0.43333333333333335,-0.3081154684095861,0.4866666666666666,0.0
5984491,1.4169312169312167,0.7333333333333334,-0.4169312169312169,0.3466666666666667,0.0
5989547,0.7222222222222222,0.6333333333333333,0.2777777777777777,0.9266666666666667,0.0
5979652,0.5944444444444444,0.6000000000000001,0.4055555555555556,0.8733333333333334,0.0
5989901,1.4629629629629628,0.6333333333333333,-0.462962962962963,0.7733333333333333,0.0
3291690,1.0509259259259258,0.5666666666666667,-0.05092592592592593,0.0,1.0
5989471,1.3076429738562092,0.5,-0.30764297385620915,0.8533333333333334,0.0
5999183,0.6459325396825397,0.8394612350932014,0.3540674603174603,1.04,0.0
5988883,0.7878306878306879,0.7666666666666666,0.21216931216931212,1.7666666666666666,0.0
5980170,1.1170634920634919,0.4000000000000001,-0.11706349206349205,3.6268057383842818,0.0
5982395,1.0861111111111108,0.5333333333333333,-0.0861111111111111,1.3266666666666664,0.0
2570710,1.1753968253968254,0.7333333333333334,-0.1753968253968254,0.0,1.0
5990269,0.6359890109890111,0.5666666666666665,0.364010989010989,0.15333333333333335,0.0
2322027,0.7646329365079364,0.6333333333333333,0.2353670634920635,0.0,1.0
5989398,1.2874320124320124,0.43333333333333335,-0.28743201243201244,1.14,0.0
5994966,0.8527777777777777,0.7333333333333334,0.14722222222222225,1.1266666666666667,0.0
5994054,1.3059232026143792,0.7333333333333334,-0.38615471510375815,1.1733333333333331,0.0
5999190,1.4767626633986932,0.5666666666666667,-0.4767626633986928,0.38,0.0
5986231,0.9322089947089948,0.6,0.0677910052910053,0.7000000000000001,0.0
5989717,0.950653594771242,0.7000000000000001,0.04934640522875814,1.1333333333333335,0.0
2902810,1.3555555555555558,0.6666666666666666,-0.3555555555555556,0.0,1.0
1725027,1.3000152625152626,0.5333333333333333,-0.3000152625152625,0.0,1.0
5985054,1.1439865689865691,0.6333333333333333,-0.14398656898656895,0.4266666666666667,0.0
5983817,0.4305555555555556,0.4666666666666666,0.5694444444444445,0.7333333333333334,0.0
5985779,1.3462962962962963,0.5333333333333333,-1.0088429278521445,0.2933333333333333,0.0
5992738,1.2361111111111112,0.6,-0.2361111111111111,0.66,0.0
5983964,1.6403769841269842,0.6333333333333333,-0.6403769841269841,1.5733333333333333,0.0
2578259,1.5595238095238095,0.43333333333333335,-0.5595238095238095,0.0,1.0
2246369,1.2563492063492063,0.43333333333333335,-0.2563492063492063,0.0,1.0
2897011,1.0736111111111108,0.6666666666666666,-0.07361111111111113,0.0,1.0
5981427,1.0,0.6333333333333333,0.0,0.7933333333333334,0.0
5992692,1.3842592592592593,0.7000000000000001,-0.3842592592592592,0.4466666666666667,0.0
5994334,1.1083333333333334,0.7333333333333334,-0.10833333333333334,0.4933333333333334,0.0
2777027,1.2944444444444445,0.7333333333333334,-0.29444444444444445,0.0,1.0
3358758,1.5626262626262626,0.5333333333333333,-0.5626262626262627,0.0,1.0
5992743,1.4516975308641975,0.5333333333333333,-0.4516975308641975,1.2733333333333334,0.0
5980860,0.9527777777777778,0.5666666666666667,0.04722222222222222,0.7333333333333334,0.0
5999162,0.8138383838383838,0.5666666666666668,0.18616161616161614,0.006666666666666667,0.0
5996298,1.4467643467643467,0.6333333333333334,-0.4467643467643468,1.6266666666666667,0.0
5987467,1.2927083333333331,0.5333333333333333,-0.2927083333333333,0.6,0.0
3118014,0.8178571428571427,0.5997054061879846,0.1821428571428572,0.0,1.0
5995514,0.907936507936508,0.5333333333333333,0.09206349206349207,1.4666666666666666,0.0
2542959,1.3033838383838383,0.6333333333333333,-0.3033838383838384,0.08657703667617461,1.0
5989122,0.9802579365079366,0.5333333333333333,0.01974206349206349,0.43333333333333335,0.0
2559445,1.2641178266178266,0.6333333333333334,-0.2641178266178266,0.0,1.0
5986793,1.0848377136190457,0.6333333333333333,-0.3041339869281046,1.1133333333333333,0.0
5996776,1.0920634920634922,0.7666666666666666,-0.09206349206349207,1.0133333333333334,0.0
5988991,1.601851851851852,0.7333333333333334,-0.601851851851852,0.18000000000000002,0.0
1596086,1.2937941505888089,0.5333333333333333,-0.4230599924339493,0.0,1.0
1534034,1.3116468253968254,0.6999999999999998,-0.3116468253968254,0.0,1.0
3122765,1.1193602693602691,0.6333333333333333,-0.11936026936026932,0.0,1.0
5999041,0.9195622895622896,0.5333333333333333,0.08043771043771042,0.7666666666666666,0.0
5991096,0.772089947089947,0.5666666666666667,0.2279100529100529,0.66,0.0
2600021,0.4655555555555555,0.7000000000000001,0.5344444444444444,0.0,1.0
1904849,0.6544566544566545,0.5666666666666667,0.3455433455433455,0.0,1.0
5989142,1.2644993894993894,0.7333333333333334,-0.2644993894993895,0.6933333333333334,0.0
5981785,0.974587912087912,0.6666666666666666,0.025412087912087915,0.94,0.0
5983792,0.2222222222222222,0.55,0.7777777777777778,0.48,0.0
5999365,0.9782434640522876,0.6666666666666666,0.02175653594771239,0.8000000000000002,0.0
5995976,0.9035714285714286,0.5,0.09642857142857142,1.3533333333333333,0.0
5985860,1.5908730158730158,0.5333333333333333,-0.5908730158730159,1.4933333333333334,0.0
2181267,1.087037037037037,0.6000000000000001,-0.08703703703703702,0.3653889774127868,1.0
5996193,1.0969246031746032,0.5,-0.09692460317460318,0.9533333333333336,0.0
2580962,1.5833333333333333,0.6333333333333333,-0.5833333333333334,0.0,1.0
5983936,1.7324494949494949,0.5333333333333333,-0.7324494949494951,1.133333333333333,0.0
5980956,1.450057189542484,0.5333333333333333,-0.4500571895424837,0.5933333333333334,0.0
5985553,1.4715354090354091,0.5666666666666668,-0.4715354090354091,0.48434461521710404,0.0
2274996,1.3073260073260071,0.6,-0.3073260073260073,0.0,1.0
2045492,1.4634599673202615,0.5333333333333333,-0.4634599673202615,0.0,1.0
5978882,1.088403880070547,0.43333333333333335,-0.08840388007054674,1.3266666666666669,0.0
5986061,1.4621589376491335,0.6666666666666666,0.4435185185185186,0.44,0.0
5979492,0.7669191919191919,0.8000000000000002,0.2330808080808081,0.7799999999999999,0.0
5986892,0.7877665544332211,0.43333333333333335,0.2122334455667789,2.0333333333333337,0.0
2742336,1.1287367724867725,0.6,-0.1287367724867725,0.0,1.0
1915392,0.6425084175084175,0.6574222949813037,0.3574915824915825,0.0,1.0
5982374,1.1249183006535948,0.6333333333333333,-0.12491830065359474,0.8999999999999999,0.0
2233713,0.9783919612331206,0.6,-0.19941710104871072,0.0,1.0
5997107,1.0416666666666663,0.7999999999999999,-0.04166666666666666,0.62,0.0
5988776,1.1175407925407927,0.6,-0.11754079254079253,1.32,0.0
5978890,0.6055555555555555,0.5333333333333333,0.3944444444444444,1.8418508144906391,0.0
5988948,1.618154761904762,0.6350279970604028,-0.6181547619047619,0.3800000000000001,0.0
5982081,0.9556878306878308,0.5,0.0443121693121693,0.4266666666666667,0.0
5985020,1.0712962962962964,0.5666666666666668,-0.07129629629629626,0.8933333333333332,0.0
2098099,1.1300650352733683,0.43333333333333335,-0.1300650352733686,0.0,1.0
5993041,1.403968253968254,0.5666666666666667,-0.4039682539682539,0.4533333333333334,0.0
3269074,0.6354166666666667,0.45,0.13752745161991736,0.0,1.0
5978983,1.262043512043512,0.6,-0.2620435120435121,0.4000000000000001,0.0
3385617,0.7800976800976801,0.5333333333333333,0.21990231990231995,0.0,1.0
5990402,1.0587962962962962,0.5,-0.05879629629629629,0.26666666666666666,0.0
3196382,1.1784722222222224,0.6333333333333334,-0.17847222222222225,0.0,1.0
5995442,1.2738095238095235,0.6,-0.2738095238095238,0.7000000000000001,0.0
5987988,0.9751893939393941,0.6333333333333333,0.024810606060606068,0.84,0.0
5990179,1.3030228758169935,0.7000000000000001,-0.30302287581699344,0.3533333333333333,0.0
5978719,1.6332010582010583,0.5,-0.6332010582010582,0.7000000000000001,0.0
5993182,1.1039086979594024,0.5333333333333333,-0.2995678384870151,0.4901393542445766,0.0
5979248,1.7938949938949942,0.5666666666666667,-0.7938949938949939,1.6866666666666668,0.0
5999169,1.1877480158730158,0.7666666666666666,-0.5783730158730159,2.0733333333333337,0.0
5999483,0.7806397306397307,0.5666666666666667,0.21936026936026934,0.3733333333333333,0.0
2556989,0.9766329853772514,0.6666666666666666,0.028984788359788374,0.0,1.0
5984487,1.0805555555555555,0.6333333333333333,-0.08055555555555555,0.92,0.0
5981212,1.0825396825396825,0.5666666666666665,-0.08253968253968254,0.8266666666666667,0.0
2986791,1.3361111111111108,0.6333333333333333,-0.3361111111111111,0.37244565467004703,1.0
5998860,0.478989898989899,0.5333333333333333,0.3218487485793421,0.66,0.0
5985841,1.1452538202538205,0.7000000000000001,-0.14525382025382028,0.32666666666666666,0.0
2867475,0.9183201058201056,0.5666666666666668,0.08167989417989417,0.0,1.0
2437484,1.1486247276688453,0.8000000000000002,0.15240179442672466,0.0,1.0
5998875,1.5645604395604398,3.916081176499839,-0.5645604395604396,0.86,0.0
1748330,0.4772047397047397,0.7333333333333334,0.5227952602952602,0.0,1.0
5986423,0.9930555555555556,0.5666666666666668,0.006944444444444457,1.0666666666666669,0.0
5980688,1.2391534391534391,0.5666666666666668,-0.2391534391534391,0.09333333333333334,0.0
5995901,0.6819444444444445,0.65,0.31805555555555554,0.5800000000000001,0.0
5988897,1.1078282828282828,0.43333333333333335,-0.10782828282828284,0.68,0.0
2919789,0.6275673400673399,0.6666666666666666,0.37243265993266,0.0,1.0
5997995,0.9339088101962352,0.6666666666666666,-0.4465993265993266,1.2933333333333332,0.0
5997185,22.914405891231446,0.4666666666666666,-0.4796296296296296,1.0533333333333337,0.0
2108577,1.5615967365967365,0.6333333333333333,-0.5615967365967366,0.0,1.0
5978805,1.2166666666666666,0.43333333333333335,-0.0005510311447811297,0.3666666666666667,0.0
5997961,0.92989417989418,0.4666666666666667,-1.5633288874865077,0.3,0.0
2408238,1.0564814814814814,0.5666666666666667,-0.05648148148148147,0.0,1.0
5997992,1.1365332244008717,0.6,-1.5054057274634483,0.5,0.0
5979121,1.2092490842490842,0.5,-0.20924908424908426,0.28,0.0
2736505,1.0932659932659932,0.6999999999999998,-0.09326599326599333,0.0,1.0
5987553,1.2046364623631691,0.6999999999999998,-0.4107744107744107,0.8466666666666667,0.0
2435772,0.9612874779541446,0.6666666666666666,0.03871252204585537,0.0,1.0
5985690,0.9703282828282828,0.5333333333333333,-0.18241696712678854,0.4533333333333334,0.0
5981932,0.975,0.6666666666666666,-0.6589989724526648,1.26,0.0
5979995,1.9522222222222223,0.6,-0.9522222222222222,0.8400000000000001,0.0
2600231,1.14253663003663,0.6333333333333334,-0.14253663003663006,0.0,1.0
5979260,1.102777777777778,0.6,-0.1027777777777778,0.3533333333333333,0.0
5996964,1.2438888888888888,0.43333333333333335,-0.2438888888888889,1.3066666666666666,0.0
3014467,0.8012906846240179,0.5333333333333333,0.198709315375982,0.0,1.0
5988849,1.0984722222222223,0.6333333333333333,-0.09847222222222224,1.4666666666666666,0.0
5994969,1.31009768009768,0.7000000000000001,-0.3100976800976801,0.8266666666666667,0.0
5987667,1.0398148148148147,0.6333333333333333,-0.03981481481481482,1.16,0.0
5978779,1.2950757575757574,0.6000000000000001,-0.2950757575757576,0.7066666666666667,0.0
5986380,1.1419117647058823,0.6999999999999998,-0.1655995874133129,0.5066666666666667,0.0
5996433,1.7231902356902358,0.5666666666666667,-0.7231902356902357,1.7933333333333332,0.0
5993654,0.9669642857142856,0.6,0.03303571428571428,0.757336990131456,0.0
5996615,1.5821123321123316,0.3714307744592365,-0.582112332112332,0.6666666666666666,0.0
3062308,0.6873015873015872,0.5333333333333333,0.3126984126984127,0.0,1.0
5983645,1.2346801346801346,0.6666666666666666,-0.2346801346801347,1.12,0.0
5985346,0.7617845117845118,0.6333333333333333,0.2382154882154882,0.66,0.0
5987652,1.5007936507936508,0.6666666666666666,-0.5007936507936508,0.7266666666666666,0.0
2419031,1.2444444444444445,0.6,-0.2444444444444445,0.0,1.0
5995743,1.474313725490196,0.5145738194525505,-0.4743137254901961,0.37333333333333335,0.0
2328876,1.4628535353535357,0.6333333333333333,-0.4628535353535354,0.0,1.0
1582327,1.0888888888888888,0.5333333333333333,-0.3870739137405804,0.0,1.0
2412472,1.2041666666666666,0.4666666666666666,-0.20416666666666666,0.0,1.0
5978615,1.6010662177328845,0.4666666666666666,-0.6010662177328844,1.38,0.0
5993513,1.4177248677248675,0.7333333333333334,-0.4177248677248677,1.24,0.0
2843964,1.6202584452584452,0.8000000000000002,-0.6202584452584453,0.0,1.0
2238703,0.8128399378399379,0.6333333333333333,0.18716006216006206,0.0,1.0
5994647,1.1096542346542346,0.7333333333333334,-0.10965423465423467,0.7399999999999999,0.0
5997338,1.1374074074074072,0.5333333333333333,-0.1374074074074074,1.62,0.0
5982700,1.0765277777777778,0.5333333333333333,-0.07652777777777775,0.5399999999999999,0.0
5991326,1.718990384615385,0.6,-0.7189903846153847,1.49,0.0
5982785,1.1508374183006536,0.4666666666666666,-0.1508374183006536,1.2466666666666668,0.0
5984127,1.1623015873015874,0.6333333333333334,-0.1623015873015873,1.32,0.0
5988332,1.4453185703185705,0.6333333333333333,-0.4453185703185703,1.5199999999999998,0.0
2749775,0.98484477124183,0.6333333333333333,0.015155228758169915,0.0,1.0
5984468,1.7234432234432235,0.6333333333333333,-0.7234432234432235,0.28,0.0
5985484,1.2804040404040404,0.7333333333333334,-0.2804040404040404,1.12,0.0
5985607,1.048611111111111,0.5,-0.04861111111111111,0.86,0.0
5985388,1.475909645909646,0.5333333333333333,-0.4759096459096459,0.86,0.0
5987131,1.1055555555555554,0.6333333333333333,-0.10555555555555553,0.5066666666666667,0.0
5997639,1.082936507936508,0.4666666666666666,-0.08293650793650792,1.413333333333333,0.0
5978079,0.6517871017871019,0.5666666666666667,0.3482128982128982,0.4533333333333334,0.0
5993287,1.3045600233100234,0.7000000000000001,-0.3045600233100233,0.32666666666666666,0.0
5986155,1.6,0.5666666666666667,-0.6,0.39333333333333337,0.0
2813724,0.9093253968253968,0.6,0.0906746031746032,0.0,1.0
5979628,1.641845238095238,0.6666666666666666,-0.6418452380952381,0.7200000000000001,0.0
5983391,1.7819753086419752,0.7333333333333334,-0.7819753086419752,1.586666666666667,0.0
5994164,0.6028439153439153,0.4666666666666666,0.3971560846560847,0.94,0.0
2326699,1.5654623154623153,0.6333333333333333,-0.5418671942869914,0.0,1.0
5982625,1.2792929292929294,0.5333333333333333,-0.2792929292929293,0.4133333333333334,0.0
5992552,1.7194444444444443,0.6999999999999998,-0.7194444444444444,1.4066666666666665,0.0
5993503,2.0119837721844878,0.5,-0.8288681394580347,0.8720214510173709,0.0
2721184,0.9561259920634921,0.6,0.04387400793650794,0.0,1.0
5990766,0.7345238095238095,0.6000000000000001,0.2654761904761905,0.9333333333333336,0.0
5995764,1.4410466269841269,0.5,-0.4410466269841271,1.7000000000000002,0.0
5980268,1.3023698523698524,0.6333333333333334,-0.3023698523698524,0.7200000000000001,0.0
5981775,1.2583333333333333,0.5333333333333333,-0.25833333333333336,1.0533333333333337,0.0
2237150,0.7587962962962963,0.6333333333333333,0.2412037037037037,0.0,1.0
5988485,1.2819444444444443,0.7000000000000001,-0.34154749602342377,1.2333333333333332,0.0
5986034,1.0876845376845377,0.5666666666666667,-0.0876845376845377,0.5933333333333333,0.0
5997486,1.2645337301587305,0.6666666666666666,-0.2645337301587301,0.1,0.0
5983814,0.9714351851851852,0.5666666666666668,0.028564814814814807,0.7999999999999999,0.0
5991316,1.6015652850485935,0.6333333333333333,-0.6142220184005006,1.3319848559784544,0.0
3355649,0.7220238095238095,10.52274367353503,0.27797619047619043,0.0,1.0
5986301,1.607570207570208,0.7000000000000001,-0.6075702075702075,1.9866666666666664,0.0
5987530,0.8085178710178709,0.6666666666666666,0.19148212898212905,0.96,0.0
5981256,0.9575396825396826,0.971057808451711,0.04246031746031748,0.6266666666666666,0.0
5981536,1.4372685185185186,0.6333333333333334,-0.4372685185185185,0.19333333333333333,0.0
5984412,0.6441660191660192,0.5333333333333333,0.3558339808339808,1.2266666666666666,0.0
5978974,1.5705555555555557,0.5,-0.5705555555555556,0.7466666666666667,0.0
5995041,1.6669382074864627,0.8512979076824125,-0.7443055672343362,0.82,0.0
5987348,0.8025123025123024,0.6666666666666666,0.19748769748769748,0.4533333333333333,0.0
5995222,1.23,0.7333333333333334,-0.23,0.44,0.0
5982409,0.7184523809523811,0.5666666666666668,0.2815476190476191,1.1733333333333331,0.0
5983241,1.4247222222222218,0.43638628906355614,-1.3576440468660582,0.4466666666666667,0.0
5989671,0.9239417989417991,0.6,0.07605820105820106,0.86,0.0
5994282,1.4675925925925926,0.6999999999999998,-0.4675925925925926,0.8938004487394814,0.0
2960302,0.8650793650793651,0.65,0.13492063492063494,0.0,1.0
5993029,1.1801680464657334,0.5,-0.6191137566137567,1.0066666666666666,0.0
5986936,0.975083943833944,0.5666666666666667,0.024916056166056192,0.08,0.0
5979715,0.6215488215488215,0.6,0.3784511784511784,1.0266666666666666,0.0
5984712,1.3107997557997555,0.6999999999999998,-0.3107997557997558,0.8733333333333334,0.0
5998529,1.1383882783882784,0.43333333333333335,-0.1383882783882784,1.46,0.0
5998253,0.8020833333333334,0.55,0.19791666666666669,0.98,0.0
5981793,1.0416666666666667,0.6333333333333334,-0.04166666666666666,0.8133333333333334,0.0
5997056,0.9684232026143792,0.7216442142105516,0.031576797385620886,1.0,0.0
5994268,1.3091676841676845,0.5666666666666668,-0.3091676841676841,1.82,0.0
5988953,0.9944444444444444,0.6666666666666666,0.005555555555555554,0.14666666666666667,0.0
5978812,0.6439980158730159,0.6,0.3560019841269841,0.4866666666666666,0.0
5987510,1.0845238095238097,0.4666666666666666,-0.3074050469371011,0.98,0.0
2719952,1.2366161616161615,0.4666666666666666,-0.23661616161616164,0.19403873116926806,1.0
2844578,0.9286195286195286,0.6,0.07138047138047139,0.0,1.0
5995843,1.286574074074074,0.4333333333333333,-0.2865740740740741,0.6933333333333334,0.0
5996963,0.9701388888888888,0.6666666666666666,0.029861111111111106,1.04,0.0
5993934,1.7146164021164019,0.4666666666666666,-0.7146164021164022,0.4866666666666666,0.0
5989116,1.6169719169719172,0.5666666666666667,-0.616971916971917,0.3066666666666667,0.0
5985097,0.7852182539682541,0.6,0.214781746031746,0.6951714103044603,0.0
5988564,1.452930402930403,0.5333333333333333,-0.4529304029304029,0.94,0.0
1527962,0.8894444444444444,0.5333333333333333,0.11055555555555553,0.0,1.0
1701283,1.1043650793650794,0.6,-0.10436507936507937,0.0,1.0
5978249,1.3043851981351982,0.6000000000000001,-0.05715561017837326,0.7400000000000001,0.0
2534266,0.8811507936507937,0.6666666666666666,0.11884920634920634,0.0,1.0
5987647,1.3944444444444446,0.6333333333333333,-0.397941562818904,0.7733333333333334,0.0
3233155,1.122176434676435,0.6666666666666666,-0.12217643467643464,0.0,1.0
3423197,1.613095238095238,0.6666666666666666,-0.6130952380952381,0.4860853079106504,1.0
3306446,1.5891534391534392,0.6,-0.5891534391534391,0.0,1.0
2671515,1.5838888888888893,0.7333333333333334,-0.5838888888888888,0.0,1.0
1804418,1.4688973063973063,0.6666666666666666,-0.4688973063973065,0.0,1.0
5997583,0.6208333333333333,0.6,0.37916666666666665,0.2733333333333333,0.0
5978937,1.584722222222222,0.6333333333333334,-0.5847222222222223,1.413333333333333,0.0
5997211,1.8717835158221583,0.6,-0.8613892854072266,1.0662365382489591,0.0
5999423,1.1158080808080808,0.6666666666666666,-0.1158080808080808,0.2533333333333333,0.0
2836879,1.584175084175084,0.6333333333333334,-0.5841750841750842,0.0,1.0
1699818,1.3026251526251529,0.5333333333333333,-0.30262515262515266,0.0,1.0
2657358,1.4560185185185184,0.6666666666666666,-0.4560185185185186,0.0,1.0
5995014,0.7657407407407408,0.4156861787122373,0.23425925925925925,0.7733333333333334,0.0
5985596,0.6525252525252525,0.6333333333333333,0.3474747474747475,0.2333333333333333,0.0
5994175,1.7744708994708993,0.6,-0.7744708994708995,0.8266666666666667,0.0
5990520,1.4722222222222219,0.5,-0.4722222222222222,0.96,0.0
5995102,1.4204351204351202,0.6,-0.4204351204351205,0.2866666666666667,0.0
3432212,1.4348484848484848,0.6,-0.4348484848484849,0.0,1.0
5999357,1.0768022486772486,0.5333333333333333,-0.07680224867724868,0.12,0.0
5992639,0.9333638583638584,0.6,0.06663614163614164,1.4,0.0
5982555,1.2715277777777778,0.5,-0.27152777777777776,0.34,0.0
5988402,0.4064814814814815,0.6666666666666666,0.5935185185185184,1.66,0.0
1838599,1.2842074592074593,0.5333333333333333,-0.2842074592074592,0.0,1.0
3234691,1.6235515873015869,0.6,-0.6235515873015873,0.0,1.0
5986001,0.4808531746031746,0.7000000000000001,0.5191468253968253,0.5133333333333333,0.0
5979732,1.758754208754209,0.5333333333333333,-0.7587542087542087,1.1866666666666668,0.0
2743399,1.63509361009361,0.7333333333333334,-0.6350936100936101,0.0,1.0
5994346,0.9518518518518518,0.6666666666666666,0.04814814814814816,1.0466666666666666,0.0
5984938,0.8125,0.5666666666666668,0.1875,0.38666666666666666,0.0
5993580,0.9680555555555556,0.6333333333333334,0.031944444444444435,0.4,0.0
5979611,0.9826587301587302,0.5333333333333333,0.01734126984126984,2.1333333333333333,0.0
3283171,0.5694444444444444,0.6666666666666666,0.4305555555555555,1.0034236590816736,1.0
3137670,1.5770146520146522,0.6666666666666666,-0.5770146520146521,0.0,1.0
1874975,1.4123015873015874,0.5666666666666668,-0.41230158730158734,0.0,1.0
5979803,1.5569023569023568,0.5,-0.5569023569023569,0.8733333333333334,0.0
5981162,0.95760582010582,0.6,0.042394179894179866,0.9733333333333332,0.0
2343622,1.4255892255892253,0.7333333333333334,-0.4255892255892256,0.0,1.0
5993018,1.2787878787878788,0.6666666666666666,-0.27878787878787875,0.3066666666666667,0.0
5982883,0.8916666666666666,0.45,0.10833333333333336,1.59,0.0
5996903,1.289057239057239,0.7000000000000001,-0.2890572390572391,1.0533333333333337,0.0
5978218,1.1648148148148147,0.6666666666666666,-0.16481481481481478,2.0,0.0
5989177,0.6981481481481482,0.4000000000000001,-0.6461728497677296,1.2866666666666668,0.0
1668897,1.1376984126984129,0.6666666666666666,-0.13769841269841274,0.0,1.0
2830267,0.9506105006105008,0.5333333333333333,0.04938949938949936,0.0,1.0
3158490,1.005689443752401,0.43333333333333335,-0.4691919191919192,0.0,1.0
5997975,0.9461574074074074,0.6666666666666666,0.05384259259259259,0.36000000000000004,0.0
5989584,1.2916666666666667,0.5,-0.2916666666666667,0.6866666666666666,0.0
5995785,0.5888888888888889,0.8000000000000002,0.4111111111111112,0.8933333333333334,0.0
5998480,1.2897867564534231,0.4666666666666666,-0.2897867564534231,0.4066666666666667,0.0
5990771,0.6481481481481481,0.6333333333333333,0.35185185185185186,0.7000000000000001,0.0
2318304,0.9696282679738564,0.6333333333333334,0.030371732026143777,0.0,1.0
5993543,1.3666666666666667,0.75,-0.3666666666666667,0.66,0.0
5982691,1.4480311355311355,0.6666666666666666,-0.4480311355311355,1.4400000000000002,0.0
5985167,1.5644675925925924,0.6666666666666666,-0.5644675925925925,0.32,0.0
2599328,1.2313492063492062,0.6,-0.23134920634920636,0.0,1.0
5995700,0.7954656862745098,0.6333333333333333,0.20453431372549016,1.0066666666666666,0.0
5985798,0.8156128593628593,0.7333333333333333,0.1843871406371406,0.3066666666666667,0.0
5982375,1.0875,0.7333333333333334,-0.08749999999999998,0.10666666666666667,0.0
5992370,1.4686202686202687,0.6333333333333333,-0.4686202686202686,0.48,0.0
1534531,0.629079254079254,0.7000000000000001,0.3709207459207458,0.0,1.0
5990432,0.6005291005291006,0.6000000000000001,0.3994708994708995,0.7000000000000001,0.0
2710553,0.9546160130718956,0.5,0.0453839869281046,0.0,1.0
1924858,0.9550264550264549,0.6,0.044973544973545,0.0,1.0
5994954,0.6061111111111112,0.6666666666666666,0.3938888888888889,0.4666666666666666,0.0
2991744,0.8305555555555556,0.7333333333333333,0.16944444444444445,0.0,1.0
5978365,1.2406349206349203,0.6666666666666666,-0.24063492063492065,0.6133333333333333,0.0
5997397,1.0638888888888889,0.5666666666666665,-0.06388888888888887,1.5599999999999998,0.0
5986391,1.85797126185158,0.4666666666666666,-0.5214285714285715,1.4533333333333331,0.0
5982268,0.5439814814814815,0.6,0.4560185185185186,0.4266666666666667,0.0
5989174,0.9606481481481484,0.6666666666666666,0.03935185185185186,0.9266666666666667,0.0
2394716,0.7917493386243386,0.6,0.2082506613756614,0.0,1.0
1662745,0.7590277777777777,0.5333333333333333,0.24097222222222225,0.0,1.0
2368899,1.1085482804232802,0.5,-0.1085482804232804,0.0,1.0
5996438,1.149265873015873,0.5666666666666668,-0.14926587301587302,0.34,0.0
5979328,0.9599511599511601,0.6,0.04004884004884005,1.2133333333333332,0.0
5987811,1.2216065968704266,0.5666666666666668,-0.42722222222222217,0.7266666666666666,0.0
5978255,1.120436507936508,0.6,-0.12043650793650792,0.08666666666666667,0.0
5996169,1.1332112332112334,0.5666666666666667,-0.1332112332112332,0.9733333333333332,0.0
5979927,1.5694444444444446,0.7333333333333334,-0.5694444444444445,0.5466666666666666,0.0
3113400,1.1403540903540903,0.5333333333333333,-0.14035409035409036,0.0,1.0
5990416,1.5330687830687832,0.6858148511619687,-0.7227401549911315,0.48,0.0
5991696,1.4414021164021165,0.6333333333333333,-0.4414021164021164,1.1333333333333333,0.0
5980859,0.8132575757575758,0.7000000000000001,0.18674242424242427,0.56,0.0
1987339,0.9672727272727272,0.5,0.03272727272727273,0.0,1.0
5994080,1.1366161616161616,0.6,-0.13661616161616166,0.62,0.0
5995188,0.9347883597883596,0.6333333333333333,0.06521164021164022,0.6066666666666666,0.0
5979088,0.9527777777777778,3.2732783819410116,0.04722222222222222,0.44,0.0
5996353,1.876851851851852,0.43873565333420594,-0.8768518518518519,0.6533333333333333,0.0
5997292,1.1833333333333331,0.5666666666666668,-0.18333333333333332,0.09333333333333334,0.0
5998198,1.2955892255892256,0.6,-0.2955892255892256,0.9133333333333334,0.0
5997106,1.564949494949495,0.6,-0.564949494949495,1.0933333333333333,0.0
5990741,1.0907242063492062,0.6666666666666666,-0.09072420634920636,1.4866666666666666,0.0
5991801,1.7372571872571871,0.4666666666666666,-0.7372571872571873,0.6533333333333333,0.0
2855789,0.6944444444444445,0.5,0.3055555555555555,0.0,1.0
5980501,1.1370980870980871,0.5666666666666667,-0.1370980870980871,0.4133333333333333,0.0
3309689,1.1186507936507937,0.5666666666666667,-0.11865079365079365,0.0,1.0
5990131,1.258080808080808,0.7000000000000001,-0.2580808080808081,1.0533333333333337,0.0
5987650,0.7475198412698413,0.7333333333333334,0.2524801587301587,0.013333333333333334,0.0
3118261,0.7516307228761859,0.6,-3.2770625238379485,0.0,1.0
5995987,0.9385582010582012,0.7666666666666666,0.06144179894179892,0.9733333333333332,0.0
5998593,1.2687301587301587,0.6,-0.2687301587301587,1.5599999999999998,0.0
3434085,1.4467171717171716,0.6,-0.4467171717171718,0.0,1.0
5997731,0.954922385620915,0.7333333333333334,0.04507761437908495,0.42,0.0
3179919,0.7864010989010989,0.6666666666666666,0.21359890109890114,0.0,1.0
5984666,1.5967171717171718,0.7000000000000001,-0.5967171717171716,0.5066666666666667,0.0
5981539,1.0754629629629628,0.31288864154924284,-0.07546296296296295,0.24,0.0
5995695,0.9861111111111109,0.5,0.013888888888888895,1.153333333333333,0.0
5982609,2.7293474092198813,0.5,0.5413888888888888,0.7266666666666666,0.0
5994706,0.9930555555555556,0.5333333333333333,0.006944444444444457,0.96,0.0
5984764,0.9564814814814816,0.4669590113876858,0.04351851851851851,0.5466666666666666,0.0
2890785,1.5450925925925925,0.5666666666666668,-0.5450925925925926,0.0,1.0
5982514,0.8611111111111109,0.6333333333333334,0.1388888888888889,0.32,0.0
5985275,1.0494444444444444,0.7000000000000001,-0.049444444444444464,1.2733333333333334,0.0
2640643,1.4622685185185187,0.6,-0.4622685185185185,0.0,1.0
5987761,1.5845791245791243,0.7333333333333333,-0.5845791245791246,0.82,0.0
5983648,0.9027777777777776,0.6999999999999998,0.09722222222222222,0.16666666666666666,0.0
5993849,1.5623543123543122,0.5666666666666667,-0.5623543123543123,0.7066666666666667,0.0
5988936,0.7852777777777776,0.6,0.21472222222222226,0.62,0.0
3342804,1.3065674603174602,0.5333333333333333,-0.30656746031746035,0.0,1.0
5983484,1.598815073815074,0.5,-0.5988150738150738,0.9,0.0
2459410,1.2923382173382174,0.7333333333333334,-0.2923382173382173,0.0,1.0
5990566,1.7883699633699637,0.43333333333333335,-0.7883699633699633,0.06666666666666668,0.0
5990840,0.7722222222222223,0.6666666666666666,0.22777777777777775,0.7666666666666667,0.0
5979764,1.0777777777777775,0.6333333333333333,-0.07777777777777778,0.11333333333333336,0.0
5992742,1.8807407407407404,0.5666666666666665,-0.8807407407407407,0.9066666666666668,0.0
5980546,1.2972053872053873,0.6333333333333334,-0.2972053872053872,0.5399999999999999,0.0
5994718,1.2862373737373738,0.5666666666666668,-0.2862373737373737,0.32,0.0
5994345,1.2596590909090908,0.5333333333333333,-0.2596590909090909,1.38,0.0
3249717,1.2763503086419752,0.5,-0.2763503086419753,0.0,1.0
5998510,1.2959693084693085,0.5333333333333333,-0.2959693084693085,0.54,0.0
5979563,1.2638158958696677,0.6666666666666666,-0.4500898692810458,2.04,0.0
5979133,1.118978243978244,0.5,-0.2293881085901459,1.1466666666666667,0.0
5984751,1.2786519036519035,0.4666666666666666,-0.2786519036519037,0.6333333333333334,0.0
5982339,1.5925595238095236,0.6666666666666666,-0.5925595238095238,0.6666666666666666,0.0
5993322,0.8058090828924162,0.5,0.19419091710758374,0.4733333333333333,0.0
5997405,1.453154761904762,0.7000000000000001,-0.4531547619047618,0.8733333333333334,0.0
5984514,1.255,0.7666666666666666,-0.255,0.7133333333333334,0.0
5988631,0.6470182595182595,0.4666666666666666,0.3529817404817404,0.9533333333333336,0.0
3247055,1.4726190476190475,0.5666666666666667,-0.4726190476190476,0.0,1.0
5997675,1.3763888888888889,0.5666666666666668,-0.3763888888888889,1.92,0.0
1779260,0.9656177156177156,0.55,0.034382284382284384,0.0,1.0
5979285,1.2723462301587305,0.43333333333333335,-0.2723462301587301,1.78,0.0
5988264,1.2777777777777781,0.5,-0.2777777777777777,0.6533333333333333,0.0
5986073,1.2692460317460317,0.5333333333333333,-0.2692460317460317,0.8799999999999999,0.0
5991824,1.5430555555555554,0.6333333333333333,-0.5430555555555556,0.08,0.0
5979986,1.0194444444444446,0.7000000000000001,-0.019444444444444448,0.11333333333333333,0.0
5979945,1.0118055555555556,0.6999999999999998,-0.011805555555555541,49.55291503267975,0.0
5990355,0.9305555555555556,0.3454032844637567,0.06944444444444442,0.58,0.0
2288991,1.122222222222222,0.4666666666666666,-0.12222222222222225,0.0,1.0
5987349,1.5666666666666669,0.5333333333333333,-0.5666666666666668,0.7666666666666666,0.0
5995211,0.7712962962962964,0.5666666666666667,-0.08456203469732394,0.42,0.0
2716631,1.0246031746031747,0.5466700321656713,-0.02460317460317461,0.0,1.0
5991179,1.7094444444444443,0.5333333333333333,-0.7094444444444444,1.0533333333333337,0.0
5990755,1.3033101851851852,0.5666666666666668,-0.3033101851851852,1.2533333333333332,0.0
5989467,0.9787698412698412,0.6,0.021230158730158728,0.9733333333333332,0.0
5980438,1.2909595959595959,0.6,-0.290959595959596,0.5666666666666668,0.0
1801881,1.5138888888888893,0.4010790944093858,-0.5138888888888888,0.0,1.0
5995347,1.8044810744810744,0.6666666666666666,-0.8044810744810745,1.1,0.0
1599962,0.9476340914052992,0.7333333333333334,0.03738212389639798,0.0,1.0
5985256,1.2805555555555557,0.5666666666666667,-0.2805555555555555,1.406666666666667,0.0
5982445,0.9199206349206348,0.5333333333333333,0.08007936507936507,0.5066666666666667,0.0
5978343,0.6212444962444962,0.6333333333333333,0.3787555037555037,1.16,0.0
2259493,1.622523148148148,0.5333333333333333,-0.6225231481481481,0.0,1.0
1761516,0.9746503496503496,0.6333333333333334,0.025349650349650348,0.0,1.0
2921535,1.2831349206349207,0.5666666666666667,-0.2831349206349207,0.0,1.0
5997145,1.3053362403042974,0.5333333333333333,-0.10555555555555557,0.64,0.0
1849107,1.288205467372134,0.6999999999999998,-0.28820546737213404,0.0,1.0
5985754,0.8694444444444445,0.6333333333333333,0.13055555555555556,0.54,0.0
5994125,1.7462121212121209,0.6333333333333333,-0.7462121212121212,0.8466666666666667,0.0
5984379,0.5,0.6666666666666666,0.5,0.5866666666666667,0.0
5992628,0.7969907407407407,0.43333333333333335,0.20300925925925925,0.3,0.0
5998024,1.298251633986928,0.6000000000000001,-0.2982516339869281,1.4666666666666668,0.0
5992976,1.3708333333333331,0.6,-0.37083333333333335,0.6866666666666666,0.0
5984799,1.5710996117914569,0.6666666666666666,-0.2336309523809524,0.86,0.0
2343663,0.9269841269841268,0.5,0.07301587301587302,0.0,1.0
5991231,0.4903730936819172,0.7333333333333334,0.5096269063180827,1.0533333333333337,0.0
5998946,1.5468253968253969,0.6333333333333334,-0.5468253968253968,1.3999999999999997,0.0
5996960,1.2746336996336998,0.6,-0.2746336996336996,0.10666666666666667,0.0
3409740,0.6472804972804972,0.6333333333333334,0.3527195027195027,0.18500826430087933,1.0
5998775,1.3083333333333331,0.6333333333333333,-0.22415523049842093,1.5599999999999998,0.0
5983296,1.4708302808302811,0.4877530731160232,-0.4708302808302808,1.5266666666666666,0.0
5995405,1.3054003267973855,0.5,-0.3054003267973857,1.0,0.0
5997091,0.9836904761904762,0.4666666666666666,0.016309523809523815,0.6733333333333333,0.0
2175932,0.8165319865319866,0.6333333333333333,0.08425444603382333,0.0,1.0
2651878,1.2012896825396824,0.7753432218501805,-0.20128968253968246,0.0,1.0
3168436,1.65,0.6333333333333333,-0.5581004767143382,0.0,1.0
2175544,0.9786630036630036,0.5,0.02133699633699633,0.08073550712321728,1.0
2476541,0.8025252525252525,0.5666666666666668,0.1974747474747475,0.0,1.0
1956617,0.6440432098765432,0.5,0.3559567901234568,0.0,1.0
5979506,0.9572255291005292,0.5333333333333333,0.042774470899470916,1.4,0.0
5981017,1.6086419753086418,0.5666666666666667,-0.6086419753086421,1.9933333333333332,0.0
5986581,0.968675645342312,0.7000000000000001,0.031324354657687986,0.9066666666666666,0.0
2245551,1.2333333333333334,0.5666666666666668,-0.2333333333333333,0.0,1.0
5985066,0.4834401709401709,0.65,0.516559829059829,0.37,0.0
5995287,1.4636078042328042,0.5333333333333333,-0.4636078042328042,0.8266666666666667,0.0
5980037,1.7804738562091504,0.7666666666666666,-0.7804738562091503,0.9866666666666668,0.0
2304055,1.3607804232804233,0.7666666666666666,-0.3607804232804233,0.0,1.0
5998456,1.42,0.6499999999999999,-0.42,0.33,0.0
5978260,0.9037698412698412,0.5,0.09623015873015876,1.8549178060976148,0.0
5984797,0.25793140285021066,0.6000000000000001,0.2581703159738684,0.2660847844950081,0.0
2286831,1.4345117845117847,0.7333333333333334,-0.4345117845117845,0.0,1.0
5987431,0.5305555555555556,0.6999999999999998,0.4694444444444444,0.5,0.0
2186192,0.6021825396825397,0.6,0.3978174603174603,0.0,1.0
2954623,1.1197552447552448,0.5,-0.1197552447552448,0.0,1.0
5997297,1.4666666666666668,0.6,-0.4666666666666666,1.16,0.0
5982954,1.1275946275946276,0.5333333333333333,-0.12759462759462756,0.7066666666666667,0.0
5990654,0.9259680134680136,0.6,0.07403198653198655,0.36666666666666653,0.0
5999061,1.953042328042328,0.6666666666666666,-0.953042328042328,2.1933333333333334,0.0
5983099,1.6195601851851853,0.6,-0.6195601851851852,0.4,0.0
5990066,1.0974601787101788,0.6666666666666666,-0.09746017871017874,0.3,0.0
5996573,1.1877777777777776,0.3440646932915013,-0.18777777777777774,0.5466666666666667,0.0
5986927,0.3444444444444444,0.6000000000000001,0.6555555555555556,0.04666666666666667,0.0
5998096,0.6401785714285714,0.5666666666666668,0.35982142857142857,1.58,0.0
5997098,0.9603687760020486,0.6,-0.251144101133071,0.9653967179858558,0.0
3175537,1.2871017871017871,0.6666666666666666,-0.2871017871017871,0.0,1.0
5992772,0.9833333333333334,0.5666666666666667,0.016666666666666663,1.2133333333333336,0.0
1991889,0.981186406186406,0.43333333333333335,0.018813593813593786,0.0,1.0
5998484,0.8007631257631257,0.5666666666666665,0.19923687423687425,1.4266666666666667,0.0
5978964,1.1850418838966668,0.4877342771558881,-0.20495992228535725,1.2416754046824048,0.0
5981956,1.4070707070707071,0.6666666666666666,-0.4070707070707071,0.11333333333333333,0.0
5989137,1.4073232323232323,0.6333333333333333,-0.4073232323232324,0.2333333333333333,0.0
5995301,1.0138888888888888,0.4,-0.013888888888888876,0.08666666666666667,0.0
5987188,1.4461764705882354,0.4666666666666666,-0.44617647058823534,1.24,0.0
2432637,1.2761574074074076,0.6,-0.2761574074074074,0.0,1.0
2150584,1.1293434343434343,0.7333333333333334,-0.12934343434343434,0.0,1.0
5983634,1.5840939153439153,0.5666666666666667,-0.5840939153439153,1.5466666666666669,0.0
5982948,0.9864624183006536,0.6666666666666666,0.013537581699346416,1.4866666666666666,0.0
5979049,1.3965319865319863,0.7000000000000001,-0.3965319865319865,0.8733333333333334,0.0
2842767,1.0814814814814817,0.7333333333333334,-0.08148148148148147,0.0,1.0
5982266,0.9670414462081128,0.5666666666666668,0.032958553791887134,0.5200000000000001,0.0
5983838,0.9589395943562612,0.6999999999999998,0.04106040564373895,1.9866666666666664,0.0
2787049,1.2925925925925923,0.7666666666666666,-0.29259259259259257,0.0,1.0
5996910,0.6394781144781144,0.5333333333333333,0.3605218855218855,1.28,0.0
5979658,1.2937169312169312,0.6333333333333333,-0.2937169312169312,1.3999999999999997,0.0
5994528,1.6238705738705739,0.5666666666666668,-0.6238705738705739,0.5733333333333334,0.0
5987586,0.9444444444444444,0.7000000000000001,0.05555555555555556,0.9066666666666666,0.0
2548889,1.2061507936507938,0.6,-0.20615079365079367,0.0,1.0
5992851,1.3820105820105821,0.5666666666666668,-0.382010582010582,0.7933333333333333,0.0
5997853,1.1958333333333333,0.6000000000000001,-0.19583333333333333,0.08,0.0
2681708,0.6411616161616162,0.5666666666666667,0.3588383838383839,0.0,1.0
3381447,0.7416666666666667,0.7666666666666666,0.25833333333333336,0.0,1.0
2095519,1.2922202797202798,0.6333333333333333,-0.2922202797202797,0.0,1.0
5980549,1.080357142857143,0.5346896058105118,-0.08035714285714286,0.8133333333333334,0.0
5993836,1.2777116402116402,0.7666666666666666,-0.27771164021164024,1.82,0.0
5980044,1.614351851851852,0.6,-0.6143518518518519,1.086666666666667,0.0
5995726,0.8893518518518518,0.5666666666666668,0.11064814814814816,1.2333333333333334,0.0
5982586,0.9827369281045752,0.6,0.01726307189542479,1.14,0.0
5999310,1.1001831501831498,0.5,-0.10018315018315016,1.0466666666666666,0.0
3173505,1.3261111111111112,0.5666666666666668,-0.32611111111111113,0.0,1.0
1982249,1.4282738095238094,0.6,-0.4282738095238095,0.0,1.0
5987262,1.0849867724867726,0.6333333333333334,-0.0849867724867725,1.153333333333333,0.0
2238398,1.237936507936508,0.7000000000000001,-0.8511047301016476,0.0,1.0
5982168,1.3472222222222223,0.6333333333333333,-0.3472222222222221,0.2866666666666667,0.0
5993262,1.4043650793650793,0.6333333333333333,-0.4043650793650793,1.153333333333333,0.0
5991248,1.0427777777777776,0.7333333333333334,-0.0427777777777778,1.0266666666666666,0.0
5991029,0.7986111111111109,0.7333333333333334,0.20138888888888887,0.5,0.0
5992572,1.114484126984127,0.6333333333333333,-0.114484126984127,1.086666666666667,0.0
2504761,1.2142857142857142,0.6666666666666666,-0.21428571428571427,0.0,1.0
5998422,1.5138888888888893,0.7333333333333334,-0.5138888888888888,0.9533333333333333,0.0
5984778,1.0611111111111111,0.6666666666666666,-0.0611111111111111,1.393333333333333,0.0
5995645,1.76657848324515,0.7000000000000001,-0.76657848324515,0.3,0.0
5979310,1.4618812922135849,0.6,-0.10833333333333332,0.8733333333333334,0.0
5986453,0.9659035409035408,0.6333333333333334,0.034096459096459086,0.3733333333333333,0.0
5983568,1.3020833333333333,0.5333333333333333,-0.3020833333333333,1.64,0.0
3352087,1.3370370370370372,0.5666666666666668,-0.337037037037037,0.0,1.0
5995508,1.3019444444444443,0.7000000000000001,-0.3019444444444444,0.9133333333333334,0.0
5988035,0.9027777777777778,0.7333333333333333,0.0972222222222222,0.3466666666666666,0.0
5996053,0.978733660130719,0.6333333333333333,-0.29767996589817153,0.5599999999999999,0.0
5999026,1.14478021978022,0.43333333333333335,-0.14478021978021974,0.6133333333333334,0.0
2314675,1.1213131313131317,0.6333333333333333,-0.12131313131313133,0.0,1.0
5993920,0.6027777777777777,0.7333333333333334,0.3972222222222222,1.28,0.0
5994785,1.4441919191919192,0.8000000000000002,-0.4441919191919192,0.2533333333333333,0.0
1623364,0.826984126984127,0.4000000000000001,0.17301587301587304,0.0,1.0
5982485,1.0000712776718497,0.5,-0.21517095451656507,0.11823365648861794,0.0
1559038,1.0998484848484849,0.6,-0.09984848484848484,0.0,1.0
5995434,0.9444444444444444,0.4666666666666666,0.05555555555555558,0.4866666666666666,0.0
5982974,0.9634292424975834,0.6333333333333333,0.06610333470198136,0.7450718753499385,0.0
1694300,1.4195796942338559,0.5,-0.3397830580959182,0.0,1.0
1693730,0.9969133387534459,0.6666666666666666,-0.061177248677248684,0.0,1.0
5978438,1.6031986531986533,0.7000000000000001,-0.6031986531986532,0.8666666666666667,0.0
3148395,1.4633449883449885,0.5,-0.4633449883449883,0.0,1.0
5985291,1.4753676470588235,0.7333333333333334,-0.4753676470588235,0.6409060267307218,0.0
5992284,1.5277777777777777,0.6333333333333334,-0.5277777777777778,0.8266666666666667,0.0
2268737,1.5873015873015872,0.5666666666666667,-0.5873015873015873,0.0,1.0
5983669,1.3115079365079363,0.4666666666666666,-0.3115079365079365,0.84,0.0
2310105,1.4988821371793757,0.6,-0.3811582798824029,0.0,1.0
5990426,1.443253968253968,0.5,-0.4432539682539683,1.7599999999999998,0.0
3114802,1.1023892773892774,0.7666666666666666,-0.10238927738927736,0.0,1.0
5981587,1.8542087542087544,0.5,-0.8542087542087543,0.7933333333333333,0.0
5984031,0.6519692203634578,0.6333333333333333,0.031999773865550384,0.9354096126408143,0.0
5990851,0.9738425925925926,0.6666666666666666,0.02615740740740741,1.04,0.0
5998848,0.6488215488215489,0.6,0.3511784511784512,1.24,0.0
2711246,0.8258565276828435,0.6333333333333333,-0.0843253968253968,0.0,1.0
5987797,1.126564407814408,0.5333333333333333,-0.12656440781440784,0.7669923543978993,0.0
5991289,1.7777777777777777,0.4536875088466427,-0.7777777777777778,0.7933333333333333,0.0
5996126,0.9305555555555556,0.6666666666666666,0.06944444444444446,3.282053493041935,0.0
5994401,0.6477693602693603,0.5,0.3522306397306397,0.5866666666666667,0.0
1662646,0.9269841269841268,0.5333333333333333,0.07301587301587299,0.0,1.0
3206990,0.9554629629629628,0.5666666666666668,0.044537037037037035,0.0,1.0
5991607,1.396825396825397,0.6,-0.3968253968253968,0.7133333333333334,0.0
5984811,1.4468142968142967,0.6,-0.4468142968142968,1.4933333333333332,0.0
5991447,1.2445879554598973,0.6333333333333333,-0.2952057793136434,0.38,0.0
1582094,1.2707010582010585,0.6333333333333333,-0.2707010582010582,0.0,1.0
5996774,0.7815018315018315,0.6666666666666666,0.21849816849816847,0.7599999999999999,0.0
2099154,0.8187103174603175,0.6,0.18128968253968256,0.0,1.0
2943738,1.3576388888888893,0.7333333333333334,-0.35763888888888884,0.0,1.0
2840244,1.0673506564210704,0.7000000000000001,0.3055555555555555,0.0,1.0
5978085,1.5206349206349206,0.5,-0.5206349206349207,0.28,0.0
1664506,1.1034722222222222,0.5,-0.10347222222222226,0.0,1.0
5992488,0.6345899470899471,0.6,0.3654100529100529,0.64,0.0
5989837,0.8126133126133127,0.7333333333333334,0.1873866873866874,0.8466666666666667,0.0
2865916,0.8981481481481483,0.5333333333333333,0.10185185185185186,0.0,1.0
5998104,1.4563299663299665,0.5666666666666668,-0.4563299663299663,0.5800000000000001,0.0
5988929,1.4386371537500091,0.6333333333333334,-0.4671323286104626,0.7818698432846752,0.0
5997221,1.3079975579975578,0.5,-0.30799755799755796,0.9466666666666668,0.0
5997090,1.6133699633699632,0.6,-0.6133699633699633,1.0266666666666666,0.0
5980420,0.7911616161616162,0.6666666666666666,0.20883838383838385,0.52,0.0
5984316,1.2480820105820107,0.43333333333333335,-0.2480820105820106,0.7266666666666666,0.0
5985052,0.9583333333333334,0.5333333333333333,0.04166666666666666,0.66,0.0
5989252,0.7994047619047618,0.6,0.06799678790050638,0.4933333333333334,0.0
5983239,0.9047619047619048,0.45,0.09523809523809526,1.41,0.0
3034714,1.2673687423687423,0.5333333333333333,-0.2673687423687424,0.0,1.0
5997068,1.3132936507936508,0.6333333333333334,-0.31329365079365085,0.58,0.0
2551277,1.394510582010582,0.6,-0.394510582010582,0.0,1.0
2968540,0.9628306878306878,0.6333333333333334,0.03716931216931215,0.0,1.0
5987663,1.6815476190476193,0.5,-0.6815476190476191,0.9533333333333333,0.0
5985520,1.2734071484071483,0.6,-0.2734071484071484,1.12,0.0
5994373,1.2425925925925927,0.6333333333333333,-0.2425925925925926,0.36000000000000004,0.0
5988281,1.3296296296296295,0.5333333333333333,-0.3296296296296297,0.4,0.0
5978564,0.8116171856512451,0.7333333333333334,-0.14806985294117647,0.9466666666666668,0.0
5990403,1.806307189542484,0.6333333333333333,-0.8063071895424837,0.88,0.0
5998309,1.3015567765567766,0.6000000000000001,-0.06933312547580095,0.7666666666666666,0.0
1908993,1.2509920634920637,0.6666666666666666,-0.2509920634920635,0.0,1.0
5996241,0.5841528840621635,0.5666666666666668,0.14395851047397612,0.06476239794573987,0.0
5988796,0.6875,0.2354289257189309,0.3125,1.71,0.0
5986908,1.433109483109483,0.5,-0.4331094831094831,0.6,0.0
5990723,0.8130808080808082,0.5666666666666667,0.18691919191919196,1.02,0.0
5995603,1.5636904761904757,0.5666666666666665,-0.5636904761904762,1.0000000000000002,0.0
1876681,0.3888888888888889,0.5666666666666667,0.6111111111111112,0.0,1.0
5992127,1.3043939393939394,0.4666666666666666,-0.3043939393939394,1.2333333333333334,0.0
5983542,1.1307828282828285,0.43333333333333335,-0.13078282828282828,1.2,0.0
1816428,0.9764652014652014,0.5,0.023534798534798517,0.0,1.0
5978302,0.9675595238095238,0.6333333333333333,0.032440476190476165,0.7466666666666667,0.0
5986716,1.1270604395604396,0.6,-0.12706043956043958,1.086666666666667,0.0
5989035,1.2526936026936026,0.7999999999999999,-0.2526936026936027,1.22,0.0
5979148,0.9335978835978836,0.5666666666666668,0.0664021164021164,1.626666666666667,0.0
5994568,0.8888888888888888,0.5,0.11111111111111112,0.6066666666666667,0.0
5987299,1.703525641025641,0.5499999999999999,-0.703525641025641,0.24,0.0
5987375,1.4592796092796092,0.5666666666666665,-0.4592796092796093,1.0733333333333337,0.0
1553676,1.3081959706959707,0.5666666666666665,-0.30819597069597066,0.0,1.0
5978286,1.4468013468013468,0.6666666666666666,-0.4468013468013468,1.0733333333333337,0.0
3005885,1.3833333333333335,0.7333333333333334,-0.3833333333333333,0.0,1.0
5985015,1.4898682365507547,0.6333333333333333,-0.11773288439955105,0.3800000000000001,0.0
5995786,1.1488859394418387,0.4419694272515459,-0.22129629629629632,0.96,0.0
1640442,1.448737373737374,0.6,-0.4487373737373737,0.0,1.0
5986456,1.439141414141414,0.6,-0.4391414141414141,1.14,0.0
2341808,0.7537037037037037,0.5,0.24629629629629626,0.0,1.0
5996097,1.454781746031746,0.5666666666666667,-0.4547817460317461,0.64,0.0
2835501,0.8642180537242871,0.6666666666666666,0.19680134680134684,0.0,1.0
1555201,1.2790343915343916,0.5333333333333333,-0.2790343915343915,0.0,1.0
5991107,0.9658088235294118,0.7666666666666667,0.034191176470588225,0.4133333333333333,0.0
5993257,1.4130050505050502,0.4666666666666666,-0.4130050505050505,1.3066666666666666,0.0
5997313,1.3555555555555554,0.5,-0.3555555555555556,1.2533333333333332,0.0
5986259,1.0555555555555556,0.4333333333333333,-0.05555555555555556,0.2733333333333333,0.0
3118636,0.8758267195767196,0.6333333333333334,0.12417328042328042,0.0,1.0
5979931,1.434920634920635,0.5333333333333333,-0.434920634920635,0.6066666666666667,0.0
2280069,1.459292328042328,0.6666666666666666,-0.4592923280423279,0.0,1.0
5990371,0.9323426573426572,0.5666666666666667,0.06765734265734262,0.2733333333333333,0.0
5990083,1.5526895943562609,0.5666666666666667,-0.5526895943562611,1.3533333333333335,0.0
5991082,1.1331293706293708,0.43333333333333335,-0.13312937062937066,1.5133333333333334,0.0
2301396,0.4916361416361417,0.6,0.5083638583638583,0.0,1.0
5990919,0.7867826617826618,0.6666666666666666,0.21321733821733824,0.42,0.0
2963894,1.060267857142857,0.6333333333333334,-0.06026785714285712,0.0,1.0
2565795,1.39,0.5333333333333333,-0.39,0.0,1.0
2520549,1.107225529100529,0.5,-0.10722552910052907,0.0,1.0
5983737,1.1436177248677248,0.5666666666666668,-0.14361772486772487,1.3866666666666667,0.0
5985152,1.7294094794094794,0.6666666666666666,-0.7294094794094793,1.1,0.0
5983913,1.1141414141414143,0.5666666666666668,-0.11414141414141413,0.8733333333333334,0.0
5979281,1.2074074074074077,0.7000000000000001,-0.20740740740740735,0.42,0.0
5978405,0.9475898692810456,0.6,0.05241013071895425,1.3866666666666667,0.0
5986493,1.4454365079365081,0.6333333333333334,-0.4454365079365079,0.94,0.0
5991388,1.9122222222222218,0.5666666666666668,-0.8236558598520403,1.0066666666666666,0.0
5984862,1.7794774669774671,0.5333333333333333,-0.7794774669774671,1.6,0.0
5982400,1.0611111111111111,1.4098721624066293,-0.06111111111111112,0.6666666666666666,0.0
5990979,0.9189814814814816,0.5666666666666668,0.08101851851851853,0.2466666666666667,0.0
5988481,1.30253973219251,0.6,0.23060515873015874,1.3266666666666669,0.0
5996361,1.1052910052910052,0.7000000000000001,-0.10529100529100527,1.1266666666666667,0.0
2596441,1.5853479853479853,0.6999999999999998,-0.5853479853479854,0.0,1.0
5979089,1.4861111111111107,0.6333333333333334,-0.4861111111111112,0.5422429084924862,0.0
1842237,11.05808823529412,0.7333333333333334,0.22195767195767194,0.0,1.0
2704325,0.9403108465608466,0.7000000000000001,0.05968915343915341,0.0,1.0
2473977,1.3138888888888889,1.8494707953593192,-0.3138888888888889,0.0,1.0
5999055,1.451984126984127,0.6999999999999998,-0.451984126984127,0.96,0.0
2087156,1.4789950980392157,0.43333333333333335,-0.4789950980392157,0.0,1.0
2097492,0.9713446275946276,0.6,0.0286553724053724,0.0,1.0
5979832,1.442087542087542,0.5666666666666668,-0.4420875420875421,1.7266666666666666,0.0
5992845,1.5551587301587302,0.8000000000000002,-0.5551587301587302,1.32,0.0
5994155,1.9169753086419752,0.5230894220451432,-0.9169753086419752,0.4266666666666667,0.0
1557753,1.7682208994708997,0.7000000000000001,-0.7682208994708994,0.0,1.0
5994604,2.2582939667930093,0.5333333333333333,-0.594494863645596,1.4304657698140797,0.0
5988982,14.828759229645426,0.6666666666666666,-0.0925925925925926,0.92,0.0
1859746,3.435290007945423,0.55,0.04999999999999999,0.0,1.0
5979868,1.210595238095238,0.4666666666666666,-0.21059523809523809,0.32666666666666666,0.0
5993930,0.8825396825396826,0.5666666666666668,0.11746031746031745,1.153333333333333,0.0
5998479,1.2188492063492065,0.5333333333333333,-0.2188492063492064,1.0,0.0
5990906,1.4667277167277168,0.6,-0.4667277167277167,0.6533333333333333,0.0
5993298,0.8026903651903652,0.5666666666666667,0.1973096348096348,0.7866666666666667,0.0
5982062,1.2337121212121211,0.6666666666666666,-0.23371212121212126,0.13946410235688955,0.0
5996227,1.1432539682539682,0.4666666666666666,-0.14325396825396827,0.7933333333333333,0.0
5991995,1.5746031746031746,0.6333333333333334,-0.5746031746031747,1.32,0.0
5979984,0.909126984126984,0.5,0.09087301587301587,0.8733333333333334,0.0
1979759,1.0777777777777775,0.5666666666666668,-0.07777777777777778,0.0,1.0
5982917,0.7932598039215685,0.5666666666666667,0.20674019607843133,0.20666666666666667,0.0
2037715,0.9014550264550264,0.5,0.09854497354497356,0.0,1.0
5993715,1.3097171347171348,0.6666666666666666,-0.3097171347171347,0.8933333333333332,0.0
2638423,0.958531746031746,0.6999999999999998,0.041468253968253946,0.0,1.0
5990577,1.2906306656306656,0.6666666666666666,-0.2906306656306656,0.88,0.0
5991255,0.751984126984127,0.7666666666666666,0.24801587301587305,0.5466666666666666,0.0
5996465,0.966729797979798,0.5666666666666667,0.033270202020202005,0.58,0.0
5981030,1.1017676767676772,0.5666666666666667,-0.10176767676767676,0.5533333333333333,0.0
5995565,1.2867892156862746,0.5666666666666668,-0.2867892156862745,0.7066666666666667,0.0
5994181,2.3636263973373963,0.5,-0.2392857142857143,0.64,0.0
2829039,0.9430555555555556,0.4666666666666666,0.056944444444444436,0.0,1.0
5991116,0.9722222222222224,0.6999999999999998,0.02777777777777779,0.26666666666666666,0.0
5986083,1.6607142857142858,0.6666666666666666,-0.6607142857142857,0.2066666666666667,0.0
2405677,1.434920634920635,0.5,-0.434920634920635,0.0,1.0
1568295,1.1888888888888889,0.7000000000000001,-0.18888888888888888,0.0,1.0
5995776,1.013888888888889,0.7333333333333333,-0.013888888888888876,0.88,0.0
5984640,1.3035409035409036,0.6333333333333334,-0.3035409035409035,0.6066666666666667,0.0
2923269,1.2767676767676768,0.6,-0.2767676767676768,0.0,1.0
5985829,1.517857142857143,0.6,-0.5178571428571429,1.08,0.0
5978439,0.7855963480963482,0.6666666666666666,0.21440365190365196,0.02666666666666667,0.0
5984304,1.6082539682539685,0.5666666666666668,-0.6082539682539684,1.3666666666666665,0.0
2754665,0.4753423120089786,0.6,0.5246576879910213,0.0,1.0
5981933,0.7979662698412698,0.6666666666666666,0.20203373015873016,1.2333333333333332,0.0
2899220,1.4363095238095243,0.6666666666666666,-0.4363095238095238,0.0,1.0
5996358,1.7125,0.6333333333333333,-0.7125,0.9733333333333332,0.0
5994015,1.9516884531590413,0.43333333333333335,-0.9516884531590414,0.7600000000000001,0.0
5978958,1.2530158730158731,0.6666666666666666,-0.2530158730158731,1.9,0.0
2478135,0.8181101190476191,0.4666666666666666,0.18188988095238096,0.0,1.0
5978841,1.1416666666666666,0.43333333333333335,-0.14166666666666666,1.42,0.0
5999368,0.6422288359788361,0.6666666666666666,0.35777116402116405,0.64,0.0
5994865,1.792693602693603,0.4666666666666666,-0.7926936026936028,0.3933333333333333,0.0
5995154,0.6944444444444443,0.6000000000000001,0.3055555555555556,0.5933333333333333,0.0
5990151,1.1188657407407407,0.7000000000000001,-0.11886574074074074,1.14,0.0
5982522,0.9794444444444445,0.6666666666666666,0.02055555555555556,0.6266666666666666,0.0
1623058,1.153968253968254,0.6999999999999998,-0.153968253968254,0.0,1.0
2410727,0.6316919191919191,0.6666666666666666,0.3683080808080808,0.0,1.0
5999427,1.2476190476190476,0.6666666666666666,-0.24761904761904766,0.92,0.0
3321598,0.7722222222222221,0.6333333333333333,0.22777777777777775,0.0,1.0
5994024,0.9175420875420874,0.6,0.08245791245791245,0.16666666666666666,0.0
5988190,0.9715710215710216,0.5666666666666668,0.0284289784289784,0.6333333333333333,0.0
5994014,1.871031746031746,0.5666666666666667,-0.8710317460317459,0.44,0.0
5987499,1.781862745098039,0.6333333333333334,-0.7818627450980392,0.4733333333333334,0.0
5998324,1.3361111111111108,0.5666666666666667,-0.3361111111111111,0.8733333333333334,0.0
2122015,1.1453465413943356,0.5,-0.14534654139433553,0.0,1.0
5979395,1.5435185185185183,5.403954356435641,-0.5435185185185185,0.1,0.0
2174394,1.7863299663299663,0.6333333333333334,-0.7863299663299662,0.0,1.0
5984551,1.0937710437710435,0.5666666666666668,-0.09377104377104377,1.46,0.0
5985584,0.6404761904761904,0.7333333333333334,0.3595238095238095,1.0,0.0
2692357,1.130136684303351,0.5333333333333333,-0.130136684303351,0.0,1.0
2225079,1.27484681372549,0.43333333333333335,-0.2748468137254902,0.0,1.0
3433624,0.4791666666666666,0.6999999999999998,0.5208333333333334,0.0,1.0
5991099,1.7656454248366014,0.5333333333333333,-0.7656454248366013,1.1266666666666667,0.0
1522507,0.7615740740740741,0.6999999999999998,0.23842592592592596,0.0,1.0
5996901,0.9744212962962964,0.5333333333333333,-0.21277635819974527,0.4733333333333333,0.0
5984648,0.8126785714285715,0.5666666666666665,0.18732142857142856,1.0733333333333333,0.0
2293573,1.4532738095238098,0.6333333333333333,-0.4532738095238095,0.0,1.0
5987048,0.7638888888888888,0.5333333333333333,0.23611111111111116,0.96,0.0
5986466,1.2573232323232324,0.7333333333333334,-0.2573232323232323,1.2866666666666666,0.0
5994505,0.8124579124579124,0.5333333333333333,0.1875420875420876,0.3800000000000001,0.0
5998262,0.9794289044289044,0.7000000000000001,0.020571095571095543,0.5215762560907834,0.0
5982738,0.9755208333333332,0.65,0.024479166666666663,0.07,0.0
5989484,1.102777777777778,0.6666666666666666,-0.1027777777777778,0.68,0.0
5997882,0.6898148148148149,0.6000000000000001,0.3101851851851852,1.0933333333333333,0.0
5989139,1.431694253478674,0.5333333333333333,-0.038165589159178885,0.44,0.0
2003316,0.9650793650793652,0.8000000000000002,0.034920634920634915,0.0,1.0
5979566,0.9618742368742368,0.6,0.0381257631257631,0.9666666666666668,0.0
5983152,1.4404040404040404,0.6666666666666666,-0.4404040404040404,0.19333333333333333,0.0
5990678,0.9597643097643096,0.5333333333333333,0.040235690235690236,1.16,0.0
5997794,1.4751359751359752,0.6333333333333333,-0.4751359751359752,0.2733333333333334,0.0
2722933,1.2794753086419752,0.6,-0.2794753086419753,0.0,1.0
5993353,1.5730036630036632,0.4666666666666666,-0.573003663003663,0.98,0.0
5994525,1.2584984459984458,0.7000000000000001,-0.258498445998446,0.4533333333333333,0.0
1891291,1.2478670634920634,0.5333333333333333,-0.2478670634920635,0.0,1.0
1511390,0.8033730158730158,0.6666666666666666,0.19662698412698415,0.0,1.0
1643870,0.9160714285714286,0.6,0.08392857142857142,0.0,1.0
5988451,1.1244949494949494,0.5666666666666667,-0.1244949494949495,0.7135173806299203,0.0
5987878,1.0912698412698412,0.6666666666666666,-0.09126984126984124,1.3,0.0
5995335,1.0935846560846558,0.6666666666666666,-0.09358465608465608,0.9533333333333333,0.0
3329090,1.38015873015873,0.6000000000000001,-0.3801587301587302,1.2029053003110792,1.0
5983397,0.7758417508417508,0.5666666666666668,0.2241582491582491,0.5,0.0
1953812,0.7484126984126984,0.6,0.2515873015873016,0.0,1.0
5994526,1.4681947681947682,0.6444156392032042,-0.4681947681947682,0.48,0.0
2255554,1.6427594627594628,0.6333333333333334,-0.6427594627594627,0.05182769097736234,1.0
5980743,0.8042087542087542,0.7000000000000001,0.19579124579124574,1.46,0.0
5998796,1.3567460317460318,0.6666666666666666,-0.35674603174603176,1.9066666666666665,0.0
5982711,0.9555860805860806,0.7333333333333334,0.04441391941391944,1.1,0.0
5980950,1.6145343137254902,0.5666666666666667,-0.6145343137254902,1.3866666666666667,0.0
2750030,0.9479548229548229,0.5333333333333333,0.052045177045177034,0.0,1.0
2059952,0.8086691086691088,0.5666666666666667,-0.04514302382153879,0.0,1.0
2207535,0.5853174603174603,0.6,0.044525889949997136,0.3893914357562317,1.0
5996064,1.14635989010989,0.5333333333333333,-0.14635989010989012,0.6999999999999998,0.0
5994943,0.9867658730158729,0.6333333333333334,0.013234126984126978,1.0533333333333337,0.0
2433464,1.1225217864923749,0.5333333333333333,-0.12252178649237473,0.0,1.0
5983592,1.5309523809523808,0.5333333333333333,-0.5309523809523811,0.3866666666666667,0.0
2139017,0.9566468253968252,0.6333333333333333,0.0433531746031746,0.0,1.0
5990157,1.2875330687830688,0.4666666666666666,-0.2875330687830688,0.8666666666666668,0.0
5995302,1.605723905723906,0.7666666666666666,-0.6057239057239058,0.8466666666666667,0.0
2928089,1.9133626945229107,0.5666666666666668,-0.5416666666666666,0.0,1.0
5985433,0.8470424540824184,0.41237776631341255,-0.15000157023441074,0.9540504454695584,0.0
1901976,1.136489898989899,0.5333333333333333,-0.13648989898989902,0.0,1.0
5983098,0.748015873015873,0.6,0.251984126984127,1.64,0.0
2393223,0.8054741554741555,0.5333333333333333,0.19452584452584454,0.0,1.0
5991945,1.7946775446775447,0.6333333333333333,-0.7946775446775448,1.2666666666666666,0.0
5978251,1.1149206349206349,0.6,-0.11492063492063495,0.7959396594352661,0.0
5989752,0.9775252525252526,0.6,0.022474747474747498,0.6333333333333333,0.0
2692143,0.8028439153439152,0.6333333333333333,0.1971560846560847,0.0,1.0
5995332,1.275925925925926,0.6,-0.2759259259259259,0.7533333333333334,0.0
5980656,2.8423408003510398,0.6666666666666666,-0.08179735013051337,3.6442746109895863,0.0
5985944,1.2638888888888888,0.6666666666666666,-0.2638888888888889,0.5533333333333333,0.0
2838831,0.910648148148148,0.6000000000000001,0.08935185185185186,0.0,1.0
5987258,1.102946127946128,0.5333333333333333,-0.10294612794612797,0.7533333333333333,0.0
5996051,1.4611111111111108,0.6000000000000001,-0.4611111111111111,0.96,0.0
5986841,2.812439392691431,2.6721504777709657,-0.5055555555555556,1.2466666666666668,0.0
2518912,1.2111111111111108,0.6333333333333334,-0.21111111111111114,0.0,1.0
5992369,1.0481481481481478,0.5289037416497553,-0.048148148148148134,1.4866666666666666,0.0
5986296,1.034920634920635,0.4666666666666666,-0.03492063492063492,1.1333333333333333,0.0
1713325,1.6484126984126986,0.5666666666666668,-0.6484126984126984,0.0,1.0
3412349,1.3101225490196078,0.4582515956453481,-0.31012254901960784,0.0,1.0
5989388,1.4197496947496948,0.5666666666666668,-0.4197496947496948,0.5,0.0
5988179,1.476587301587302,0.6,-0.4765873015873015,0.6933333333333334,0.0
5983836,1.547924297924298,0.5333333333333333,-0.5479242979242979,0.6,0.0
1613969,1.3769841269841272,0.4666666666666666,-0.37698412698412703,0.0,1.0
2211803,1.410493827160494,0.7333333333333334,-0.4104938271604938,0.0,1.0
5990313,1.2333333333333332,0.5,-0.2333333333333333,1.0599999999999998,0.0
5995667,0.8083333333333332,0.5333333333333333,0.14778209516168495,0.7066666666666667,0.0
2682859,1.2165674603174603,0.6,-0.21656746031746035,0.0,1.0
5988727,1.4634293300653596,0.5,-0.4634293300653595,1.2466666666666668,0.0
5987734,0.9166666666666666,0.5333333333333333,0.08333333333333333,1.0933333333333335,0.0
5981355,1.0648148148148149,0.6,-0.06481481481481481,1.5,0.0
1676107,1.275925925925926,0.6,-0.2759259259259259,0.0,1.0
2592931,1.0638888888888889,0.7333333333333334,-0.0638888888888889,0.0,1.0
5978798,1.2777777777777777,1.1523820906519335,-0.2777777777777777,0.9133333333333332,0.0
5996906,1.1337301587301587,0.6333333333333333,-0.1337301587301587,0.62,0.0
5980917,1.7671626984126985,0.5,-0.7671626984126984,0.7666666666666666,0.0
5979422,1.243104118104118,0.5,-0.2431041181041181,1.2,0.0
5983535,0.9555555555555554,0.6666666666666666,0.04444444444444443,0.24,0.0
5989155,0.7127604166666667,0.45,0.2872395833333333,0.94,0.0
5997558,0.9087301587301588,0.5666666666666668,0.09126984126984126,1.1933333333333334,0.0
2653420,1.3472222222222223,0.5333333333333333,-0.3472222222222223,0.0,1.0
5987038,0.6154100529100529,0.6666666666666666,0.3845899470899472,1.5666666666666664,0.0
5992346,0.9324074074074076,0.6333333333333333,0.06759259259259258,0.46,0.0
5990039,0.9690476190476189,0.3781793844529404,0.030952380952380957,0.3466666666666667,0.0
5989553,1.4615537240537242,0.6666666666666666,-0.4615537240537241,0.66,0.0
5988052,1.2647222222222219,0.4666666666666666,-0.26472222222222225,0.8466666666666667,0.0
5978060,1.440079365079365,0.5,-0.44007936507936507,1.6466666666666665,0.0
5978193,0.5972222222222222,0.5,0.40277777777777785,1.0133333333333334,0.0
5995061,0.7706317503997216,0.4666666666666666,-0.004116270933263719,0.64,0.0
5995907,1.0277777777777777,0.6333333333333333,-0.02777777777777777,0.4666666666666666,0.0
2409062,0.9055555555555554,0.6333333333333333,0.09444444444444444,0.0,1.0
3382210,1.0957653457653458,0.7000000000000001,-0.09576534576534576,0.0,1.0
2287605,0.875,0.6333333333333334,0.125,0.0,1.0
1525188,1.3121031746031746,0.5333333333333333,-0.3121031746031745,0.0,1.0
2829647,0.9578635620915033,0.6,0.04213643790849673,0.0,1.0
5988880,1.307516339869281,0.7666666666666666,-0.30751633986928106,1.9,0.0
5980498,1.2345568783068783,0.7666666666666666,-0.2345568783068783,0.46,0.0
5991547,0.8178410947712419,0.6,0.18215890522875813,0.2733333333333333,0.0
2356865,0.7388888888888889,0.6,0.2611111111111111,0.0,1.0
5985577,1.4575571895424837,0.43333333333333335,-0.4575571895424837,0.20000000000000004,0.0
5978700,1.1944444444444444,0.6499999999999999,-0.19444444444444448,1.78,0.0
5997581,0.921289958879831,0.6666666666666666,0.05195057189542481,1.2466666666666666,0.0
2005897,0.928472222222222,0.5333333333333333,0.07152777777777776,0.0,1.0
5987704,1.305921855921856,0.5666666666666665,-0.3059218559218559,1.04,0.0
2520232,1.3988425925925927,0.7666666666666666,-0.39884259259259264,0.0,1.0
5978414,1.4358333333333333,0.7666666666666666,-0.43583333333333335,1.96,0.0
5992744,0.6296296296296297,0.6,0.3703703703703704,0.2866666666666667,0.0
5989050,1.4767973856209151,0.6000000000000001,-0.4767973856209151,1.88,0.0
5989994,1.4673304738562092,0.5666666666666667,-0.4673304738562091,1.1333333333333333,0.0
5988865,0.7444444444444445,0.5333333333333333,0.25555555555555554,1.0266666666666666,0.0
5997877,1.5174162257495591,0.6333333333333334,-0.5174162257495591,0.10666666666666667,0.0
2711185,1.5553968253968251,0.5333333333333333,-0.5553968253968254,0.0,1.0
5980028,0.9317460317460317,0.6999999999999998,0.06825396825396825,0.22,0.0
5985118,1.125026455026455,0.6999999999999998,-0.125026455026455,0.3533333333333333,0.0
5990763,1.2905474155474157,0.5666666666666668,-0.29054741554741553,2.26,0.0
5986631,0.7701719576719577,0.5,0.22982804232804235,0.26,0.0
5978153,1.2667961667961667,0.5337341838688605,-0.26679616679616674,0.5333333333333333,0.0
2765299,1.2166666666666666,0.6666666666666666,-0.21666666666666667,0.0,1.0
5979007,3.1916753249750247,0.4525068506465439,-0.05428980721376562,0.6037127049759546,0.0
1832921,0.7291666666666666,0.7333333333333334,0.2708333333333333,0.0,1.0
3327675,0.9430555555555556,0.6333333333333333,0.056944444444444436,0.0,1.0
1966359,0.8100122100122101,0.5333333333333333,0.18998778998779,0.0,1.0
5998286,1.421017871017871,0.5333333333333333,-0.42101787101787097,0.82,0.0
2668440,0.6968253968253969,0.4666666666666666,0.30317460317460315,0.0,1.0
5984129,1.2111111111111108,0.5333333333333333,-0.2111111111111111,0.2266666666666667,0.0
5985293,0.5863623488041512,0.5333333333333333,0.2904776859148325,1.1977494166588942,0.0
5979843,1.1264880952380951,0.6333333333333333,-0.12648809523809526,0.7733333333333334,0.0
1743844,0.9116666666666666,0.7333333333333334,0.08833333333333332,0.0,1.0
2691141,1.4237373737373735,0.6333333333333333,-0.42373737373737375,0.0,1.0
5983656,1.2827160493827159,0.6999999999999998,-0.19500441129529508,0.7000000000000001,0.0
5991163,1.621781045751634,0.6333333333333333,-0.6217810457516341,0.9533333333333333,0.0
3208739,1.2852055352055352,0.6666666666666666,-0.2852055352055352,0.0,1.0
5981929,1.4176587301587298,0.43333333333333335,-0.41765873015873023,0.52,0.0
5988098,0.8091279164992583,0.7666666666666666,-0.13812769678208667,1.4162871544387876,0.0
5990140,0.8722222222222222,0.4666666666666666,0.1277777777777778,0.9066666666666666,0.0
5996718,0.7098214285714286,0.65,0.29017857142857145,2.22,0.0
5980802,1.1471813725490196,0.5333333333333333,-0.1471813725490196,0.8799999999999999,0.0
3212367,1.455964052287582,0.6333333333333333,-0.4559640522875817,0.0,1.0
5986181,0.6626835719653199,0.5666666666666668,0.04724577367533669,0.9692624274051059,0.0
2899783,1.6144199346405232,0.6000000000000001,-0.6144199346405229,0.0,1.0
3163894,1.2955950435729848,0.7000000000000001,-0.2955950435729848,0.0,1.0
5979814,1.1763888888888892,0.6333333333333333,-0.1763888888888889,0.4466666666666666,0.0
3127264,0.8983134920634921,0.4333333333333333,0.10168650793650796,0.0,1.0
5978295,1.1504960317460318,0.7000000000000001,-0.15049603174603174,0.3466666666666667,0.0
5991965,0.7861111111111111,0.6666666666666666,0.21388888888888888,1.106666666666667,0.0
5997991,1.2658564814814814,0.6666666666666666,-0.2658564814814815,0.96,0.0
5998955,0.7222222222222223,0.6666666666666666,0.2777777777777778,0.56,0.0
5985586,1.5194444444444446,0.5,-0.5194444444444445,0.5733333333333334,0.0
5991111,0.8971296296296295,0.5333333333333333,0.10287037037037038,0.32666666666666666,0.0
5998689,1.1273115773115774,0.4666666666666666,-0.1273115773115773,1.8733333333333333,0.0
1595948,0.7236111111111111,0.5333333333333333,0.27638888888888885,0.0,1.0
2093563,1.6230392156862743,0.6666666666666666,-0.6230392156862745,0.0,1.0
2119891,0.4807598039215686,0.6333333333333334,0.5192401960784313,0.0,1.0
5979446,0.7361111111111109,0.6,0.2638888888888889,1.086666666666667,0.0
5997151,1.6634259259259256,0.5666666666666668,-0.6634259259259259,0.04,0.0
5984234,1.2866830065359478,0.5,-0.2866830065359477,0.7666666666666666,0.0
5997379,0.9575367647058824,0.5666666666666668,0.042463235294117635,0.2733333333333333,0.0
5979568,0.9761952861952862,0.7666666666666666,0.0238047138047138,1.0266666666666666,0.0
5994188,1.027777777777778,0.6,-0.02777777777777777,1.2133333333333334,0.0
5993873,0.975479797979798,0.5333333333333333,0.02452020202020204,1.16,0.0
5983091,1.1266144648061645,0.6333333333333333,-0.4554195804195804,0.32666666666666666,0.0
5994204,1.313937728937729,0.6333333333333333,-0.3139377289377289,0.16666666666666666,0.0
3255515,1.1422438166904951,0.6333333333333333,-0.12693772954863258,0.0,1.0
2730268,1.097924297924298,0.5,-0.09792429792429792,0.0,1.0
3079350,1.1306712962962964,0.6,-0.13067129629629629,0.0,1.0
1843200,1.074537037037037,0.6,-0.07453703703703703,0.0,1.0
3201306,1.1195609945609946,0.6999999999999998,-0.11956099456099455,0.0,1.0
5980448,1.2708333333333333,0.6333333333333333,-0.2708333333333333,1.2933333333333332,0.0
5980237,0.9791750841750844,0.5333333333333333,0.02082491582491582,1.3999999999999997,0.0
5991939,0.6209595959595959,0.5333333333333333,0.3790404040404041,0.4866666666666666,0.0
5999506,0.491641865079365,0.6666666666666666,0.5083581349206349,0.7400000000000001,0.0
2897831,1.8986531986531985,0.5333333333333333,-0.8986531986531987,0.0,1.0
5983195,1.720804195804196,0.5333333333333333,-0.4088362230398608,1.373333333333333,0.0
5991164,1.4105555555555556,0.4431932285257179,-0.4105555555555556,0.6533333333333333,0.0
5986789,1.275793650793651,0.43333333333333335,-0.2757936507936508,0.3533333333333333,0.0
5987561,1.1383169934640522,0.6,-0.13831699346405232,1.76,0.0
5998394,1.14156746031746,0.6333333333333333,-0.14156746031746034,0.5399999999999999,0.0
5993162,0.9470182595182596,0.6333333333333333,0.05298174048174048,0.7200000000000001,0.0
5995579,1.2658730158730158,0.6,-0.2658730158730159,0.3133333333333333,0.0
5979382,1.2956349206349207,0.6666666666666666,-0.29563492063492064,0.86,0.0
5983352,0.9707005957005956,0.6333333333333333,0.029299404299404287,1.1333333333333333,0.0
5981710,1.2074074074074077,0.6666666666666666,-0.20740740740740735,0.38,0.0
2856255,1.5957847707847712,0.6,-0.5957847707847708,0.0,1.0
5986902,1.302924836601307,0.6333333333333333,-0.30292483660130715,1.2666666666666668,0.0
1706603,1.4190235690235689,0.6333333333333333,-0.419023569023569,0.0,1.0
5995053,1.0744444444444443,0.6666666666666666,-0.6496760057746604,1.6933333333333334,0.0
1808496,1.1763122839872715,0.4666666666666666,-0.11232227195907367,0.0,1.0
5989836,0.7968253968253968,0.6666666666666666,0.20317460317460329,1.3,0.0
5994191,0.9690032679738564,0.6,0.030996732026143788,1.14,0.0
2532942,1.138888888888889,0.5666666666666668,-0.13888888888888887,0.0,1.0
5980707,0.4673611111111111,0.6,0.5326388888888888,0.3666666666666667,0.0
5993317,1.4545634920634918,0.4666666666666666,-0.4545634920634921,1.1333333333333333,0.0
1887307,1.4304001554001555,0.6333333333333333,-0.43040015540015536,0.0,1.0
5990358,1.7781565656565654,0.7000000000000001,-0.7781565656565657,0.6,0.0
5984879,0.958531746031746,0.5,0.04146825396825397,1.0733333333333337,0.0
5989969,1.4449074074074073,0.7333333333333334,-0.44490740740740736,0.5066666666666667,0.0
2258689,0.9705176767676768,0.6666666666666666,0.029482323232323214,0.0,1.0
5997159,1.3453703703703703,0.6666666666666666,-0.3453703703703704,0.4266666666666667,0.0
5994853,1.5617724867724867,0.5,-0.5617724867724868,1.04,0.0
5978881,1.7573232323232322,0.5333333333333333,-0.7573232323232323,0.6933333333333334,0.0
5992538,0.6283730158730159,0.5333333333333333,0.37162698412698414,0.3733333333333333,0.0
5980583,1.7455322455322455,0.6,-0.7455322455322455,1.4533333333333334,0.0
1621981,1.131144781144781,0.6666666666666666,-0.13114478114478115,0.0,1.0
5995903,0.9291666666666668,0.5666666666666668,0.07083333333333333,0.18666666666666665,0.0
1824486,1.6040849673202615,0.6666666666666666,-0.6040849673202614,0.0,1.0
5990620,1.4891335102272605,0.6666666666666666,-0.11251526251526253,1.88,0.0
2874442,0.9761719761719762,0.6666666666666666,0.02382802382802383,0.0,1.0
5985158,0.7972222222222222,0.4666666666666666,0.2027777777777778,0.7399999999999999,0.0
2783149,1.0877314814814814,0.6,-0.08773148148148148,0.0,1.0
5988018,3.352241003829402,0.4666666666666666,-0.2569444444444444,0.06,0.0
5986661,1.2775132275132275,0.4000000000000001,-0.2775132275132275,0.28,0.0
5985634,1.2683862433862434,0.6666666666666666,-0.2683862433862434,0.5533333333333333,0.0
2774585,0.5555555555555556,0.4189171306163688,0.1052622777358858,0.0,1.0
5980834,1.2693948412698413,0.5,-0.2693948412698413,0.5109004077534861,0.0
5978941,0.6463064713064713,0.6333333333333334,0.3536935286935286,1.106666666666667,0.0
2890126,0.9803622303622304,0.5,0.019637769637769642,0.0,1.0
1903502,1.4550505050505051,0.7616195205650927,-0.4550505050505051,0.0,1.0
3064567,1.4076388888888889,0.6999999999999998,-0.4076388888888889,0.0,1.0
2661860,1.2123015873015872,0.6333333333333334,-0.2123015873015873,1.9753608801545317,1.0
2623803,1.1419810744810743,0.5333333333333333,-0.14198107448107453,0.0,1.0
5989638,0.8114169973544975,0.7333333333333333,0.18858300264550265,0.7933333333333333,0.0
3178467,0.6328703703703704,0.6666666666666666,0.3671296296296296,0.0,1.0
1990983,0.9333333333333332,0.5666666666666668,0.06666666666666668,0.0,1.0
3229231,1.4510662177328844,0.43333333333333335,-0.4510662177328844,0.0,1.0
5998052,1.4724969474969474,0.6000000000000001,-0.4724969474969475,0.7933333333333334,0.0
5994654,0.9166666666666666,0.6,0.08333333333333333,1.5666666666666669,0.0
5985900,0.960757080610022,0.5383976647241133,0.039242919389978204,0.12,0.0
5981864,1.2309854497354495,0.7000000000000001,-0.23098544973544974,0.94,0.0
5988259,1.5986446886446888,0.6333333333333333,-0.5986446886446887,0.8133333333333334,0.0
1891738,0.9824206349206348,0.6,0.01757936507936507,0.0,1.0
5992042,0.4804433221099888,0.5666666666666668,0.5195566778900113,1.1133333333333333,0.0
5988819,0.6260729586222146,0.6666666666666666,0.12434456869801926,0.7861273237646311,0.0
5992642,1.1295304232804233,0.6333333333333333,-0.1295304232804233,1.0666666666666669,0.0
5987058,1.6134343434343437,0.5,-0.6134343434343434,0.12292496888281085,0.0
3052040,1.2378968253968254,0.7000000000000001,-0.23789682539682544,0.0,1.0
5978207,0.6546626984126983,0.5558053220712835,0.3453373015873016,0.5733333333333334,0.0
5980494,1.292939814814815,0.9664121545206076,-0.2929398148148148,1.2866666666666668,0.0
5979928,1.2709004884004884,0.6,-0.2709004884004884,0.9066666666666666,0.0
1753084,0.5,1.6515791985030492,0.5,0.0,1.0
5981074,0.9479938271604936,0.5666666666666667,0.05200617283950615,0.6866666666666666,0.0
5979565,1.2119047619047618,0.7333333333333334,-0.2119047619047619,0.9933333333333332,0.0
1555145,1.1148212898212901,0.6,-0.11482128982128982,0.0,1.0
5986906,0.6805555555555557,0.6333333333333333,0.3194444444444444,0.5880137967739295,0.0
2159775,1.0916666666666666,0.7333333333333334,-0.09166666666666667,0.0,1.0
5979816,0.7638888888888891,0.5666666666666668,0.2361111111111112,0.92,0.0
5988159,1.3121978021978022,0.6666666666666666,-0.3121978021978022,0.46,0.0
5994971,0.8861111111111111,0.6666666666666666,0.11388888888888887,0.5266666666666667,0.0
5995548,0.6246632996632996,0.6000000000000001,0.3753367003367004,0.4466666666666666,0.0
1735479,0.9444444444444444,0.5333333333333333,0.05555555555555556,1.1676232631671766,1.0
5993639,0.9305555555555556,0.7333333333333334,0.06944444444444449,0.2933333333333333,0.0
5981554,1.642942612942613,0.7000000000000001,-0.6429426129426129,0.9133333333333332,0.0
5982822,1.1080687830687832,0.4666666666666666,-0.10806878306878308,0.3866666666666667,0.0
5988474,1.6304390054390054,0.8000000000000002,-0.6304390054390056,0.84,0.0
5982475,1.4138888888888892,0.4,-0.4138888888888889,0.13333333333333333,0.0
5991859,1.4476252913752914,0.6000000000000001,-0.4476252913752914,0.86,0.0
2775468,1.1384191176470588,0.6666666666666666,-0.1384191176470588,0.0,1.0
5998289,0.7444444444444445,0.6333333333333333,0.25555555555555554,1.153333333333333,0.0
5980461,0.977960927960928,0.5333333333333333,0.02203907203907204,0.6,0.0
5988523,1.085813492063492,0.5683685275142409,-0.08581349206349205,1.4933333333333334,0.0
5987613,0.9793097643097642,0.5666666666666668,-0.035859941563066565,0.3466666666666667,0.0
5999443,0.8023905723905723,0.5,0.19760942760942765,0.54,0.0
1700325,1.2775252525252525,0.6,-0.2775252525252525,0.7759311610131578,1.0
2652018,0.6396428571428571,0.6,0.3603571428571429,0.0,1.0
3371083,1.1316468253968253,0.7000000000000001,-0.13164682539682535,0.0,1.0
5985999,1.2860479797979798,0.7000000000000001,-0.2860479797979798,0.6266666666666666,0.0
5990482,1.1061111111111108,0.6333333333333334,-0.10611111111111107,0.8266666666666667,0.0
5992493,0.8472222222222223,0.5666666666666668,0.15277777777777776,0.58,0.0
2841005,0.8029040404040404,0.5333333333333333,0.1970959595959596,0.0,1.0
5989343,1.4768009768009769,0.6333333333333333,-0.4768009768009768,0.6066666666666667,0.0
5997633,1.5620039682539684,0.5333333333333333,-0.5620039682539683,1.5600000000000005,0.0
5980433,1.0810706331840072,0.7333333333333334,0.05605158730158729,0.9333333333333336,0.0
5997825,1.0083333333333333,0.5,-0.00833333333333334,0.7000000000000001,0.0
5986283,1.3952505827505828,0.6333333333333333,-0.3952505827505828,1.5,0.0
2801776,1.456567969067969,0.6666666666666666,-0.4565679690679692,0.0,1.0
5994541,1.2886904761904765,0.4666666666666666,-0.2886904761904762,0.5866666666666667,0.0
3320500,1.2191176470588236,0.65,-0.21911764705882356,0.0,1.0
2055747,1.2814484126984127,0.5,-0.2814484126984127,0.0,1.0
5999172,1.630006105006105,0.4666666666666666,-0.630006105006105,1.0617471521942112,0.0
5992280,0.7444444444444445,0.5666666666666668,0.25555555555555554,1.5066666666666666,0.0
5988780,1.6021561771561774,0.43333333333333335,-0.6021561771561772,0.6466666666666666,0.0
2995413,1.2677777777777777,0.5333333333333333,-0.2677777777777778,0.0,1.0
1605853,0.9152380952380952,0.6,0.08476190476190476,0.09181423022712844,1.0
2922094,0.9690235690235691,0.5295889542718596,0.030976430976430956,0.0,1.0
5981404,1.2911477411477412,0.5666666666666667,-0.2911477411477412,1.3999999999999997,0.0
2581859,1.2963064713064714,0.7333333333333334,-0.2963064713064713,0.0,1.0
5999502,0.8047785547785548,0.5666666666666668,0.1952214452214452,0.8733333333333334,0.0
5980182,1.2627391127391128,0.5,-0.2627391127391127,0.4000000000000001,0.0
5982078,0.7780555555555555,0.5666666666666668,0.2219444444444444,0.3133333333333333,0.0
5983980,0.9673540965207632,0.5666666666666668,0.032645903479236786,1.0066666666666668,0.0
5987635,1.076902264635912,0.5,-0.10804358683777608,0.2890431020158792,0.0
5979154,1.1493770424836602,0.6666666666666666,-0.14937704248366013,0.9133333333333334,0.0
5997255,1.1763888888888892,0.5333333333333333,-0.17638888888888885,0.6866666666666666,0.0
5978147,0.8357142857142857,0.7000000000000001,0.16428571428571428,0.3133333333333333,0.0
5989880,1.3804713804713804,0.4666666666666666,-0.3804713804713805,0.8000000000000002,0.0
5993998,0.8016544117647059,0.6333333333333333,0.1983455882352941,1.24,0.0
5980014,0.8976190476190476,0.6000000000000001,0.1023809523809524,1.1,0.0
5988131,1.110866910866911,0.6,-0.11086691086691083,0.3333333333333333,0.0
5981089,0.6425796425796425,0.5333333333333333,0.3574203574203574,1.413333333333333,0.0
2165201,1.619191919191919,0.5333333333333333,-0.6191919191919192,0.0,1.0
5988462,0.8042152292152291,0.5666666666666667,0.1957847707847708,0.6066666666666666,0.0
2568689,2.3721267026428112,0.5666666666666667,-0.5641534391534392,0.0,1.0
3137668,1.1313339438339438,0.7333333333333334,-0.13133394383394384,0.0,1.0
3271401,3.2412278064146616,0.4000000000000001,0.5486111111111112,0.0,1.0
5987639,0.75,0.6666666666666666,0.25,1.42,0.0
5990380,1.6151455026455028,0.5333333333333333,-0.6151455026455026,1.406666666666667,0.0
5980906,1.1277356902356903,0.5333333333333333,-0.12773569023569026,0.56,0.0
5985856,1.4607744107744107,0.43333333333333335,-0.4607744107744107,0.54,0.0
5979114,1.10515873015873,0.7000000000000001,-0.10515873015873016,0.4266666666666667,0.0
3128997,1.1472371031746031,0.5666666666666665,-0.14723710317460315,0.0,1.0
5991825,1.0527777777777778,0.6,-0.05277777777777781,0.5466666666666667,0.0
5982914,1.3106959706959709,0.6999999999999998,-0.3106959706959707,0.68,0.0
5978347,1.458564814814815,0.5666666666666667,-0.16980413604188116,1.22,0.0
5990613,1.475,0.5,-0.475,0.3333333333333333,0.0
5998903,1.4535409035409037,0.5666666666666668,-0.4535409035409035,1.366666666666667,0.0
5990219,0.6482341269841271,0.6,0.351765873015873,0.62,0.0
5987016,1.4673983423983423,0.5333333333333333,-0.4673983423983425,0.7666666666666667,0.0
5979207,1.0611111111111111,0.5,-0.06111111111111112,0.8866666666666667,0.0
5990749,0.9722834967320262,0.5666666666666668,0.027716503267973872,0.9066666666666666,0.0
2578759,0.4799297924297925,0.5666666666666668,0.3099542220231875,0.0,1.0
5985638,1.1408700980392157,0.6,-0.14087009803921569,0.8466666666666667,0.0
5993750,1.0465458519022783,0.7000000000000001,-0.15858098726275247,0.6591683781755733,0.0
5991394,0.9664141414141412,0.5333333333333333,0.033585858585858566,0.2933333333333333,0.0
1774890,1.4046296296296297,0.43333333333333335,-0.4046296296296297,0.0,1.0
1610545,0.9352525252525252,0.6333333333333333,0.06474747474747475,0.0,1.0
5992400,1.7599206349206349,0.6000000000000001,-0.7599206349206349,1.0066666666666668,0.0
2430631,1.0950369075369075,0.7333333333333334,-0.09503690753690752,0.0,1.0
5996219,0.9828373015873014,0.6666666666666666,0.01716269841269839,0.4533333333333333,0.0
5980408,0.8027777777777779,0.6,0.1972222222222222,0.6333333333333333,0.0
5989402,0.8196895424836601,0.5,0.18031045751633987,0.7733333333333334,0.0
5997902,1.2867845117845118,0.5666666666666668,-0.2867845117845117,0.6733333333333333,0.0
5980750,1.27437996031746,0.43333333333333335,-0.2743799603174604,0.9,0.0
5990250,0.6524725274725275,0.6,0.3475274725274725,0.9933333333333332,0.0
5996094,1.2877525252525253,0.5666666666666667,-0.2877525252525252,0.3133333333333333,0.0
5985959,0.7152777777777778,0.5666666666666667,0.2847222222222222,0.4466666666666667,0.0
2707082,0.9787538850038848,0.5333333333333333,0.021246114996114996,0.0,1.0
5991998,1.1245115995115995,0.6,-0.12451159951159953,0.7200000000000001,0.0
2468936,1.5492229992229989,0.5333333333333333,-0.5492229992229992,0.0,1.0
5981348,0.8172154234654235,0.5,0.18278457653457653,1.74,0.0
5984904,1.3078373015873015,0.6666666666666666,-0.3078373015873016,1.0333333333333334,0.0
1925578,0.8777777777777778,0.5666666666666667,0.12222222222222222,0.0,1.0
5980161,1.2971001221001222,0.5666666666666667,-0.2971001221001221,0.38,0.0
2272522,1.4470415213951018,0.5,-0.7274410774410774,0.0,1.0
5984677,1.9075757575757573,0.6000000000000001,-1.6756734006734006,0.5933333333333334,0.0
2607837,0.8158424908424909,0.7666666666666666,0.18415750915750914,0.0,1.0
5995165,1.0833333333333333,0.5,-1.5246387083758068,1.58,0.0
5987642,1.1079124579124575,0.7333333333333334,-0.10791245791245788,0.5733333333333334,0.0
5986462,0.7986111111111112,0.6,0.20138888888888887,1.0666666666666669,0.0
5992526,0.7756944444444445,0.5333333333333333,0.22430555555555556,1.3533333333333333,0.0
5979080,0.3233327499823611,0.5333333333333333,0.36617023664399057,0.6382690559677481,0.0
5985958,1.173015873015873,0.6000000000000001,-0.17301587301587298,0.8466666666666667,0.0
2631022,0.9487599206349208,0.6333333333333333,0.05124007936507937,0.0,1.0
5995019,1.4666768416768416,0.43333333333333335,-0.4666768416768417,0.6666666666666666,0.0
1765704,1.9535094535094533,0.6,-0.9535094535094536,0.0,1.0
3368106,1.43003108003108,0.4666666666666666,-0.43003108003108,0.0,1.0
5988500,0.925,0.6666666666666666,0.075,1.5666666666666664,0.0
1858510,1.5523569023569024,0.6333333333333333,-0.5523569023569023,0.0,1.0
5986563,0.9138888888888888,0.5,-0.14353964161529953,0.06,0.0
5984120,1.3073232323232322,0.5666666666666668,-0.3073232323232323,1.4266666666666667,0.0
5987192,1.0934523809523808,0.6,-0.09345238095238097,0.7666666666666666,0.0
1808537,1.7391939073050953,0.5333333333333333,-0.375,0.0,1.0
5987471,1.03729826039441,0.5,-0.24658646514783175,0.3412465232418277,0.0
5978712,1.4673271173271172,0.6333333333333333,-0.4673271173271174,0.4000000000000001,0.0
5994472,1.6694444444444445,0.7666666666666666,-0.6694444444444446,1.04,0.0
5994694,1.5548611111111108,0.5666666666666668,-0.5548611111111111,0.7933333333333333,0.0
5995930,1.1272727272727272,0.5666666666666667,-0.12727272727272726,0.39333333333333337,0.0
2593909,1.14734623015873,0.6333333333333334,-0.14734623015873016,0.0,1.0
5988414,1.942063492063492,0.45,-0.942063492063492,0.6,0.0
2607354,0.9760760073260072,0.43333333333333335,0.023923992673992662,0.0,1.0
5983067,1.1174394063180828,3.3868835117328397,-0.11743940631808275,0.18666666666666665,0.0
5994946,0.8134356384356384,0.6,0.1865643615643615,0.7799999999999999,0.0
5978879,1.1377450980392156,0.6999999999999998,-0.1377450980392157,1.64,0.0
5984830,1.2477777777777777,0.6999999999999998,-0.24777777777777776,0.7399999999999999,0.0
2251329,1.1006117724867723,0.6666666666666666,-0.10061177248677247,0.0,1.0
5994823,0.8118686868686869,0.4666666666666666,0.18813131313131315,1.4866666666666666,0.0
3300454,0.9024410774410776,0.5048790258101673,0.09755892255892257,0.0,1.0
5987557,1.0506944444444446,0.5666666666666668,-0.05069444444444443,1.0733333333333337,0.0
1655782,1.1135912698412698,0.6333333333333333,-0.11359126984126985,0.0,1.0
5984200,1.4380718954248366,0.6333333333333333,-0.4380718954248366,0.66,0.0
5987391,1.583564814814815,0.6999999999999998,-0.5835648148148148,0.22,0.0
5978651,1.3,0.5,-0.3,0.22,0.0
5998897,1.4638271604938269,0.5666666666666668,-0.4638271604938272,0.13333333333333333,0.0
5993971,0.9718406593406592,0.6,0.02815934065934065,0.3333333333333333,0.0
5984525,1.143513431013431,0.5,-0.143513431013431,1.1266666666666667,0.0
5988077,1.5366345804930248,0.3509958888044514,-0.15518168145470448,0.56,0.0
1725035,1.3065753690753692,0.7000000000000001,-0.30657536907536903,0.0,1.0
5980822,0.4851355820105821,0.4666666666666666,0.514864417989418,0.6933333333333334,0.0
5999407,1.0452380952380953,0.99848585220527,-0.04523809523809527,0.5599999999999999,0.0
5986267,1.3012006512006509,0.6563841686152544,-0.3012006512006512,1.0799999999999998,0.0
2717550,1.165277777777778,0.4666666666666666,-0.16527777777777775,0.0,1.0
5978488,1.2884424603174602,1.3075977161811247,-0.2884424603174603,0.64,0.0
5994764,1.6225885225885224,0.6666666666666666,-0.6225885225885225,1.1266666666666667,0.0
5987009,1.2971833721833723,0.4666666666666666,-0.2971833721833721,0.5533333333333333,0.0
2672804,1.4599755799755798,0.6666666666666666,-0.45997557997558,0.0,1.0
5998894,1.5768849206349207,0.7333333333333334,-0.5768849206349206,1.3066666666666666,0.0
5990651,1.75515873015873,0.6,-0.7551587301587301,0.32,0.0
5995844,1.4360317460317462,0.5333333333333333,-0.4360317460317461,0.39333333333333337,0.0
5981919,1.2923400673400671,0.6333333333333333,-0.2923400673400673,1.1266666666666667,0.0
5991225,0.6407509531590414,0.6666666666666666,0.3592490468409586,1.68,0.0
1839015,1.4027777777777777,0.5666666666666668,-0.40277777777777785,0.0,1.0
2247542,1.5055555555555555,0.6,-0.5055555555555555,0.0,1.0
1541753,0.8140993265993265,0.5,0.1859006734006734,0.0,1.0
2354161,1.6333129833129834,0.7000000000000001,-0.6333129833129834,0.0,1.0
5986551,0.7714136222066084,0.8549959777219279,0.006771375833116794,0.524827231490675,0.0
5987346,1.173611111111111,0.5666666666666667,-0.17361111111111108,0.7266666666666666,0.0
2449203,0.8819444444444445,0.6,0.11805555555555555,0.0,1.0
5990418,0.4819113756613757,0.5333333333333333,0.5180886243386243,1.1133333333333335,0.0
5978908,0.8477777777777779,0.5333333333333333,0.1522222222222222,0.3333333333333333,0.0
3167626,1.5954629629629629,0.6,-0.595462962962963,0.0,1.0
5984478,1.7639471639471642,0.6666666666666666,-0.7639471639471639,0.38666666666666666,0.0
5981663,1.12506734006734,0.7333333333333334,-0.12506734006734008,0.9266666666666667,0.0
5991871,0.9333333333333332,0.5666666666666665,0.06666666666666668,0.52,0.0
5980046,1.3022727272727272,0.5,-0.3022727272727273,0.2466666666666667,0.0
5993726,1.8505291005291005,0.6,-0.8505291005291005,0.9533333333333336,0.0
5978136,1.150793650793651,0.5,-0.1507936507936508,0.4066666666666667,0.0
5994411,1.4353174603174603,0.7333333333333334,-0.43531746031746027,1.8266666666666669,0.0
5979660,0.7068452380952381,0.75,0.2931547619047619,0.37,0.0
5983366,1.1236111111111111,0.7666666666666666,-0.12361111111111113,1.106666666666667,0.0
2556963,1.8884920634920637,0.6,-0.6921193323719658,0.0,1.0
5997004,1.167990035082745,0.7333333333333334,-0.2747714686721314,1.17290140229795,0.0
5983728,1.3055555555555556,0.6666666666666666,-0.3055555555555556,1.2866666666666666,0.0
5991919,1.0543650793650794,0.4666666666666666,-0.054365079365079366,1.0,0.0
5999223,1.7095238095238097,0.6666666666666666,-0.7095238095238096,0.62,0.0
1977280,1.1222222222222222,0.4000000000000001,-0.12222222222222225,0.0,1.0
5984823,1.1370089786756454,0.5333333333333333,-0.13700897867564535,1.34,0.0
2082746,1.0390635046187155,0.7666666666666666,0.21263921263921268,0.0,1.0
5978194,1.6072099673202616,0.6333333333333333,-0.6072099673202614,0.3266666666666667,0.0
5994225,1.064153439153439,0.4666666666666666,-0.06415343915343914,0.3533333333333333,0.0
5996777,1.6103479853479854,0.4666666666666666,-0.6103479853479854,0.8266666666666667,0.0
5979696,1.2271825396825398,0.7000000000000001,0.04055856440015922,0.5133333333333333,0.0
5986494,0.6560515873015872,0.6333333333333333,0.3439484126984127,0.36000000000000004,0.0
5979765,0.3194444444444444,0.5333333333333333,0.6805555555555555,0.82,0.0
5988653,0.7873512906846241,0.5666666666666667,0.212648709315376,1.3266666666666669,0.0
5997666,1.3025252525252524,0.6,-0.3025252525252525,2.026666666666667,0.0
5991315,0.9767676767676768,0.6999999999999998,0.023232323232323236,0.4666666666666666,0.0
2953021,1.6235515873015869,0.6333333333333333,-0.6235515873015873,0.0,1.0
2223238,0.9297619047619048,0.5666666666666668,0.07023809523809522,0.0,1.0
5978374,1.4347662492823785,0.4394846837301276,-0.05908289241622575,0.6733333333333333,0.0
5983752,0.7972222222222222,0.43333333333333335,0.2027777777777778,1.3866666666666667,0.0
5998268,0.8250000000000001,0.7000000000000001,0.17500000000000002,1.16,0.0
1604469,1.4183531746031746,0.5666666666666668,-0.4183531746031746,0.0,1.0
5989931,1.2791156045751635,0.5333333333333333,-0.27911560457516343,0.5666666666666667,0.0
5986276,1.6594444444444445,0.5333333333333333,-0.6594444444444444,0.52,0.0
5996289,1.1944444444444444,0.6333333333333333,-0.1944444444444444,0.52,0.0
5986067,0.9773561507936508,0.6333333333333333,0.02264384920634921,0.8866666666666667,0.0
5982723,1.6388888888888886,0.5,-0.6388888888888888,1.18,0.0
1563002,0.7657407407407408,0.4666666666666666,-0.06923415412551746,0.0,1.0
5982703,1.2846764346764348,0.6666666666666666,-0.28467643467643466,0.20666666666666667,0.0
3247021,1.0375,0.6666666666666666,-0.0375,0.0,1.0
5995040,1.244047619047619,0.5333333333333333,-0.24404761904761904,0.9733333333333332,0.0
5989890,1.1685185185185183,0.6,-0.1685185185185185,1.06,0.0
3051482,1.0785353535353537,0.7666666666666666,-0.07853535353535357,0.0,1.0
5994460,1.3093711843711844,0.7316773634398525,-0.3093711843711844,1.32,0.0
5996464,1.2008928571428572,0.75,-0.20089285714285715,0.64,0.0
5997932,1.7325163398692809,0.5,-0.7325163398692811,0.7533333333333333,0.0
5990635,1.4740944989106757,0.4666666666666666,-0.4740944989106754,0.7799999999999999,0.0
2958219,0.6165343915343916,0.6,0.3834656084656085,0.0,1.0
2578980,1.0402777777777776,0.7000000000000001,-0.04027777777777775,0.0,1.0
5992874,1.5777777777777775,0.5666666666666668,-0.37308496550874604,0.7733333333333333,0.0
2649040,1.1146296296296296,0.5666666666666668,-0.11462962962962965,0.0,1.0
5980960,1.436574074074074,0.6666666666666666,-0.4365740740740741,0.32,0.0
5994868,1.7057798533594433,0.6,-0.6523451113738689,0.5814246011203503,0.0
5981401,1.5996031746031747,0.6666666666666666,-0.5996031746031746,0.58,0.0
5985825,0.8157828282828282,0.5333333333333333,0.1842171717171717,1.5600000000000005,0.0
5980512,1.0833333333333333,0.5666666666666667,-0.08333333333333333,0.5133333333333333,0.0
5983906,1.264163614163614,0.5666666666666667,-0.26416361416361417,0.9333333333333332,0.0
3423683,1.1549603174603174,0.5333333333333333,-0.15496031746031744,0.0,1.0
5983937,0.9680555555555556,0.5333333333333333,0.031944444444444435,1.58,0.0
5988817,1.3010521885521886,0.6999999999999998,-0.30105218855218857,1.2533333333333334,0.0
5998798,1.2497474747474746,0.43333333333333335,-0.24974747474747475,0.12666666666666668,0.0
1927572,1.1555555555555557,0.5666666666666667,-0.15555555555555556,0.0,1.0
5991707,1.2079889920994349,0.4433754198362364,-0.433003108003108,0.7266666666666666,0.0
5992971,1.4282738095238094,0.5333333333333333,-0.4282738095238095,0.3333333333333333,0.0
2321995,1.2111111111111108,0.5,-0.21111111111111114,0.0,1.0
2318271,1.2763468013468011,0.6666666666666666,-0.2763468013468013,0.0,1.0
1829422,1.6561771561771559,0.6000000000000001,-0.6561771561771561,0.0,1.0
5984522,1.2605555555555557,0.6000000000000001,-0.2605555555555556,1.5200000000000002,0.0
5978744,0.944114774114774,0.5333333333333333,0.055885225885225896,0.5666666666666668,0.0
5998033,0.7845238095238095,0.5,0.2154761904761905,0.8533333333333334,0.0
2012608,0.563888888888889,0.4000000000000001,0.4361111111111111,0.0,1.0
5979545,0.4655555555555555,0.5333333333333333,0.5344444444444444,1.2666666666666666,0.0
5988369,1.0652777777777778,0.7666666666666666,-0.06527777777777781,1.06,0.0
5986477,0.8388888888888889,0.6666666666666666,0.16111111111111112,0.86,0.0
3038116,0.91,0.6333333333333333,0.09000000000000001,0.0,1.0
1616388,1.1856481481481482,0.5666666666666665,-0.18564814814814812,0.0,1.0
5994605,0.9069444444444444,0.4666666666666666,0.09305555555555556,1.2533333333333332,0.0
5993512,0.9186507936507936,0.7000000000000001,0.08134920634920634,0.37333333333333335,0.0
1571610,0.965873015873016,0.5333333333333333,0.034126984126984124,0.0,1.0
5997950,1.6055303030303032,0.5333333333333333,-0.605530303030303,1.0266666666666666,0.0
3206744,1.3071428571428572,0.6333333333333333,-0.3071428571428572,0.0,1.0
5994787,1.1147766135487158,0.4666666666666666,0.19568633542110944,0.08,0.0
3152187,0.8220436507936508,0.7333333333333334,0.1779563492063492,0.0,1.0
1938069,1.1944444444444444,0.5666666666666668,-0.1944444444444444,0.0,1.0
5978380,1.4666361416361415,0.5333333333333333,-0.4666361416361416,0.44,0.0
5981269,1.2952777777777778,0.6,-0.2952777777777777,0.2733333333333334,0.0
5978833,1.288470017636684,0.5666666666666668,-0.2884700176366843,0.5333333333333333,0.0
5996161,1.1177287581699349,0.5333333333333333,-0.11772875816993462,0.8466666666666667,0.0
5984358,0.7916361416361416,0.4666666666666666,0.2083638583638584,1.4600000000000002,0.0
5988844,2.363925798636954,0.7333333333333334,0.3493996743996744,0.36000000000000004,0.0
3308072,1.4427369223551492,0.7333333333333334,0.1027777777777778,0.0,1.0
5990614,1.1094246031746031,0.6333333333333333,-0.10942460317460316,0.84,0.0
5991537,1.4700752950752949,0.5333333333333333,-0.4700752950752951,0.13333333333333333,0.0
5997885,0.9491732804232804,0.5666666666666667,0.05082671957671956,1.2266666666666668,0.0
5996822,1.3027923465423463,0.7000000000000001,-0.3027923465423465,1.1466666666666667,0.0
5995767,1.2648148148148148,0.6,-0.2648148148148148,0.34,0.0
5979288,1.1254365079365078,0.5,-0.12543650793650793,1.0333333333333334,0.0
5987577,1.2113095238095235,0.6333333333333333,-0.2113095238095238,1.28,0.0
5992524,0.8796296296296297,0.5333333333333333,0.12037037037037035,1.1666666666666667,0.0
5988209,1.1026455026455029,0.5333333333333333,-0.10264550264550264,0.3,0.0
5997257,1.6369607843137255,0.5333333333333333,-0.6369607843137255,0.7400000000000001,0.0
5993994,1.5814814814814817,0.6,-0.5814814814814815,1.0,0.0
2463827,0.9472222222222224,0.43333333333333335,0.052777777777777785,0.0,1.0
5992782,0.8666666666666667,0.6333333333333333,0.13333333333333333,1.5666666666666669,0.0
3286461,1.1436683006535948,0.5666666666666667,-0.1436683006535948,0.0,1.0
5978620,1.4497474747474746,0.6999999999999998,-0.4497474747474747,0.36000000000000004,0.0
2088715,1.9483164983164984,0.4666666666666666,-0.9483164983164984,0.0,1.0
5992080,1.4531949531949533,0.6333333333333334,-0.4531949531949532,1.1933333333333334,0.0
5979693,1.083220315468082,0.5,-0.3549342494632459,0.5966898473911157,0.0
1682593,1.0551587301587302,0.5,-0.05515873015873015,0.0,1.0
1898293,0.9686026936026936,0.6,0.03139730639730639,0.0,1.0
5996413,0.6240079365079365,0.6333333333333333,0.3759920634920635,0.8759243578964009,0.0
5992355,0.976027676027676,1.1059141445159122,0.023972323972323926,0.5,0.0
5994812,1.2584325396825398,0.6000000000000001,-0.2584325396825397,0.6066666666666666,0.0
5981501,1.76656746031746,0.5333333333333333,-0.7665674603174604,0.4733333333333333,0.0
2568189,0.7011217948717949,0.5,0.2988782051282052,0.0,1.0
2725256,0.990277777777778,0.5666666666666667,0.009722222222222215,0.0,1.0
5991397,1.4657509157509157,0.7666666666666666,-0.4657509157509157,0.36000000000000004,0.0
5981781,1.2135271776826897,0.5666666666666668,-0.42191762119019344,1.3048697888028915,0.0
5978479,1.6794285807381533,0.7000000000000001,-0.7657584699853125,0.2778424797420452,0.0
5980441,0.7969080687830687,0.5333333333333333,0.20309193121693125,0.4733333333333333,0.0
5987836,0.7872023809523809,0.5666666666666667,0.21279761904761896,2.04,0.0
5995746,1.227777777777778,0.4000000000000001,-0.22777777777777775,1.04,0.0
5983760,1.744993894993895,0.8100975042956277,-0.744993894993895,1.2866666666666666,0.0
5990883,1.127777777777778,0.5,-0.12777777777777774,0.82,0.0
5996915,0.8187748015873016,0.6333333333333333,0.1812251984126984,0.4115118390797985,0.0
2714473,1.2701465201465203,0.7000000000000001,-0.2701465201465201,0.0,1.0
5996560,1.6148919753086417,0.6666666666666666,-0.6148919753086419,1.32,0.0
5986024,0.4305555555555556,0.5666666666666668,0.5694444444444445,0.08,0.0
5996583,1.4392063492063494,0.4666666666666666,-0.4392063492063493,0.2533333333333333,0.0
5998957,1.3175925925925924,0.6666666666666666,-0.3175925925925926,0.7999999999999998,0.0
5994023,1.1136507936507938,0.43333333333333335,-0.11365079365079366,0.98,0.0
5985423,0.8078630537470883,0.6,-0.0932649431888913,0.6848806153454482,0.0
2386725,1.581781045751634,0.6666666666666666,-0.581781045751634,0.0,1.0
5997686,0.8038690476190476,0.6666666666666666,0.1961309523809524,0.14,0.0
3087375,1.4452020202020202,0.6,-0.4452020202020202,0.0,1.0
5989757,1.0770502645502644,0.4666666666666666,-0.07705026455026454,0.06666666666666668,0.0
5981927,1.4658399470899468,0.5,-0.4658399470899471,0.8266666666666668,0.0
2319917,1.285383597883598,0.6,-0.28538359788359785,0.0,1.0
2063278,1.301767676767677,0.7666666666666666,-0.30176767676767674,0.0,1.0
1851813,1.1116605616605617,0.6,-0.11166056166056168,0.0,1.0
2114195,1.127777777777778,0.6333333333333333,-0.1277777777777778,0.0,1.0
1995668,1.126521164021164,0.6666666666666666,-0.12652116402116406,0.0,1.0
5985487,1.126129426129426,0.6999999999999998,-0.12612942612942613,0.6266666666666666,0.0
5986058,1.4616113053613051,0.7614308823264748,-0.4616113053613054,0.46,0.0
5991740,1.6400595238095241,0.6666666666666666,-0.6400595238095238,0.5866666666666666,0.0
2646581,0.5882936507936508,0.6,-0.8436402091929383,0.0,1.0
5988742,0.977777777777778,0.6333333333333333,0.02222222222222224,1.0533333333333337,0.0
5990085,0.4904003267973856,0.5229181364459801,0.5095996732026143,0.6466666666666666,0.0
5996007,0.7542989417989419,0.6666666666666666,0.24570105820105814,1.0266666666666666,0.0
5994471,1.4746336996336995,0.6333333333333333,-0.4746336996336997,1.64,0.0
5985040,1.9296031746031743,0.6666666666666666,-0.9296031746031748,0.6866666666666666,0.0
1987039,1.248321123321123,0.5333333333333333,-0.2483211233211233,0.0,1.0
2770151,1.2190235690235691,0.4,-0.21902356902356904,0.0,1.0
5982185,0.6270396270396271,0.6333333333333334,0.3729603729603729,0.32666666666666666,0.0
5981486,1.1354895104895106,0.5,-0.1354895104895105,1.0533333333333337,0.0
5980701,1.4269841269841268,0.5,-0.42698412698412697,1.0933333333333335,0.0
5995448,0.981166056166056,0.6,0.0188339438339438,0.86,0.0
5996236,1.20625,0.9703506289092664,-0.20625,0.39333333333333337,0.0
5995902,0.8018939393939394,0.5,0.1981060606060606,1.0533333333333332,0.0
5983311,0.9775098795562572,0.4666666666666666,-0.303989898989899,1.32,0.0
5994795,1.1833333333333331,0.6666666666666666,-0.18333333333333332,0.5066666666666667,0.0
3233651,1.0638888888888889,0.5333333333333333,-0.06388888888888887,0.0,1.0
5993709,0.8035521885521885,0.7333333333333334,0.19644781144781145,0.9533333333333336,0.0
1563909,1.45,0.6666666666666666,-0.45,0.0,1.0
5989075,1.0361111111111112,0.5,-0.03611111111111113,0.8733333333333334,0.0
5997782,1.3036907679738563,0.7333333333333334,-0.3036907679738562,0.7600000000000001,0.0
5986650,0.9744949494949494,0.6,0.02550505050505053,1.2733333333333334,0.0
5980682,0.7064814814814815,0.6333333333333333,0.2935185185185185,0.2266666666666667,0.0
5984028,1.3030525030525029,0.4666666666666666,-0.30305250305250303,0.5,0.0
2862012,1.4336385836385837,0.5,-0.4336385836385837,0.0,1.0
5998022,1.7915140415140416,0.7329006828097185,-0.7915140415140415,0.8333333333333334,0.0
5996742,1.9212121212121211,0.55,-0.9212121212121211,1.05,0.0
5988561,1.3030228758169935,0.6666666666666666,-0.3030228758169935,1.3066666666666666,0.0
5995252,0.9421296296296297,0.6333333333333333,0.05787037037037038,0.5533333333333333,0.0
5996852,1.1252266252266254,0.7666666666666667,-0.12522662522662525,0.7666666666666666,0.0
5980144,1.2752442002442004,0.6666666666666666,-0.2752442002442002,1.7666666666666666,0.0
2817808,1.4664141414141414,0.6666666666666666,-0.4664141414141415,0.0,1.0
5992058,1.0342592592592592,0.5666666666666667,-0.03425925925925925,0.6666666666666666,0.0
5993864,0.9493386243386244,0.6666666666666666,0.050661375661375664,0.15333333333333335,0.0
5988939,1.5793650793650793,0.6333333333333333,-0.5793650793650794,0.52,0.0
2301709,1.1080687830687832,0.6,-0.10806878306878308,0.0,1.0
5998342,0.8030753968253969,0.6,0.1969246031746032,0.7799999999999999,0.0
5980089,1.4020007770007772,0.6333333333333333,-0.1938412135595234,0.3133333333333333,0.0
5984215,0.6464590964590965,0.6999999999999998,0.35354090354090345,0.5599999999999999,0.0
5996256,0.7708333333333334,0.6,0.22916666666666666,0.9,0.0
5978197,1.7280303030303028,0.5333333333333333,-0.7280303030303029,1.6733333333333331,0.0
5980337,0.7326388888888888,0.55,0.2673611111111111,1.14,0.0
2378632,0.910515873015873,0.6333333333333333,0.08948412698412696,0.0,1.0
5998417,1.1455746187363836,0.5,-0.14557461873638344,0.8866666666666667,0.0
5999224,0.4701388888888889,0.7000000000000001,0.529861111111111,0.22666666666666666,0.0
5987803,1.2294444444444443,0.4666666666666666,-0.2294444444444445,0.7999999999999999,0.0
5997415,1.8936259828866264,0.7333333333333334,-0.3749548454902628,1.9712576252338427,0.0
3447564,1.184366589495571,0.5333333333333333,-0.3515684068629921,0.0,1.0
2250906,1.2212962962962963,0.7666666666666666,-0.2212962962962963,0.0,1.0
5990976,0.8856481481481482,0.6,0.11435185185185184,0.9333333333333332,0.0
5983448,0.6527167277167277,0.6,0.3472832722832722,0.37333333333333335,0.0
5993800,1.2840151515151514,0.4,-0.2840151515151515,1.0133333333333334,0.0
5996984,1.2238095238095241,0.5,-0.2238095238095238,1.34,0.0
3351552,1.1137667887667888,0.6333333333333333,-0.11376678876678875,0.0,1.0
3270183,1.4092171717171718,0.5,-0.40921717171717176,0.0,1.0
2308514,1.138690476190476,0.6,-0.13869047619047625,0.0,1.0
5997218,0.9857440476190475,0.5,0.014255952380952378,1.6133333333333333,0.0
5988882,1.1848958333333333,0.8,-0.18489583333333331,0.72,0.0
5979355,1.234175084175084,0.6999999999999998,-0.23417508417508415,0.96,0.0
5994032,0.8416666666666667,0.6,0.15833333333333333,0.68,0.0
5985934,1.3731481481481482,0.6,-0.3731481481481482,0.6866666666666666,0.0
5997401,1.1716269841269842,0.5,-0.1716269841269841,1.3133333333333332,0.0
5981834,1.4375,0.75,-0.4375,0.26,0.0
5999475,1.0243055555555556,1.2853148850768903,-0.024305555555555542,0.8399999999999999,0.0
5982832,1.1032407407407407,0.6666666666666666,-0.1032407407407407,1.04,0.0
1813939,0.9687599206349208,0.6666666666666666,0.03124007936507937,0.0,1.0
5989224,1.3131562881562882,0.5333333333333333,-0.3131562881562881,1.593333333333333,0.0
5987554,0.973550061050061,0.6333333333333333,0.02644993894993897,0.8799999999999999,0.0
5984387,1.1456532356532356,0.4333333333333333,-0.14565323565323565,0.7466666666666667,0.0
5996129,1.2212962962962963,0.7333333333333334,-0.22129629629629632,0.9,0.0
5981319,0.9522222222222222,0.6333333333333334,0.04777777777777779,1.32,0.0
5984977,0.6364309764309765,0.5333333333333333,0.3635690235690236,1.5333333333333332,0.0
5991913,0.477754884004884,0.4957536766784775,0.522245115995116,0.68,0.0
5998396,0.95353835978836,0.6333333333333334,0.04646164021164023,0.2733333333333333,0.0
5979744,1.3021494708994708,0.7000000000000001,-0.3021494708994709,1.5466666666666669,0.0
5992591,1.1422979797979798,0.6333333333333333,-0.14229797979797978,1.2466666666666666,0.0
2506838,1.6884191176470589,0.7,-0.6884191176470589,0.0,1.0
1765819,0.7475529100529101,0.7666666666666666,-0.35935421710215104,0.0,1.0
5979505,1.054050925925926,0.6666666666666666,-0.054050925925925926,0.8266666666666668,0.0
5997431,0.8055555555555555,0.5,0.1944444444444444,0.8533333333333334,0.0
5986852,1.2990231990231988,0.7333333333333334,-0.29902319902319896,0.42,0.0
5991920,0.8111111111111112,0.5333333333333333,0.18888888888888888,0.8533333333333332,0.0
5991890,1.0998148148148148,0.6333333333333333,-0.0998148148148148,1.04,0.0
5984790,1.4556721056721056,0.4666666666666666,-0.4556721056721058,0.84,0.0
5996307,0.9671296296296296,0.6666666666666666,0.032870370370370355,0.6266666666666667,0.0
5996111,1.6235324516416656,0.6666666666666666,-0.18055555555555555,1.0066666666666666,0.0
5991013,0.7314814814814815,0.7333333333333334,0.2685185185185185,1.346666666666667,0.0
5997889,1.62999592999593,0.6333333333333333,-0.62999592999593,0.5466666666666666,0.0
5978722,0.9785103785103784,0.5666666666666668,0.02148962148962145,0.52,0.0
5993948,1.4666666666666668,0.6666666666666666,-0.4666666666666666,1.1666666666666667,0.0
3227904,1.411437908496732,0.5205832891295508,-0.4114379084967321,0.0,1.0
5994017,0.8472222222222222,0.5666666666666667,0.15277777777777776,0.3800000000000001,0.0
5996850,0.5231481481481481,0.6666666666666666,0.4768518518518519,1.2466666666666666,0.0
5997824,1.234920634920635,0.6333333333333333,-0.2349206349206349,0.4,0.0
5990543,1.1376845376845377,0.7666666666666666,-0.1376845376845377,0.4266666666666667,0.0
5987829,1.0920454545454543,0.3011526975756865,-0.09204545454545454,0.4266666666666667,0.0
5982668,0.7583333333333333,0.6724773051062417,0.2416666666666667,0.98,0.0
3107297,1.133459595959596,0.6000000000000001,-0.13345959595959594,0.0,1.0
5983647,0.7826719576719577,0.6,0.21732804232804234,1.02,0.0
3146862,4.423105976654846,0.6,0.2611111111111111,0.0,1.0
2032909,0.7979497354497355,0.7000000000000001,0.20205026455026454,0.053714541159848986,1.0
5982752,1.3044730392156862,10.019362695288306,-0.3044730392156863,0.48,0.0
5981432,1.1553046624256231,0.6333333333333333,-0.3150516517988136,0.7192961440381875,0.0
5995170,1.6326636904761906,0.5,-0.6326636904761905,1.4933333333333334,0.0
5984436,0.6898148148148149,0.6999999999999998,-0.6752361736736736,1.58,0.0
5987003,1.411574074074074,0.6999999999999998,-0.4115740740740741,1.4800000000000002,0.0
2186161,0.6481481481481481,0.6333333333333334,0.35185185185185186,0.0,1.0
3107454,0.9172222222222222,0.6999999999999998,0.08277777777777777,0.0,1.0
2085287,1.1564814814814814,0.5,-0.15648148148148147,0.0,1.0
5992805,1.3333333333333333,0.6666666666666666,-0.3333333333333333,1.1266666666666667,0.0
5989377,0.8673611111111111,0.6000000000000001,0.13263888888888886,1.16,0.0
5983335,1.3444444444444443,0.7333333333333334,-0.3444444444444444,0.9266666666666666,0.0
5982190,1.287063492063492,0.4882426523090646,-0.287063492063492,0.3800000000000001,0.0
5991152,1.0666666666666669,0.43333333333333335,-0.06666666666666668,0.7333333333333334,0.0
2158899,1.1104166666666666,0.5333333333333333,-0.11041666666666666,0.0,1.0
3342299,1.2855311355311356,0.6333333333333334,-0.2855311355311356,0.0,1.0
5994663,1.23510101010101,0.7000000000000001,-0.2351010101010101,1.413333333333333,0.0
2932516,1.1229030501089323,0.5333333333333333,-0.12290305010893245,0.0,1.0
5998930,0.5666541313461414,0.5,0.18855618380469688,0.19979285575716965,0.0
5978321,3.9412071049009247,0.5,0.2333333333333333,1.1,0.0
1799752,0.926190476190476,0.6333333333333333,0.0738095238095238,0.0,1.0
5987181,1.1254171754171751,0.6225398935048058,-0.12541717541717545,0.6666666666666666,0.0
2400947,0.9707459207459208,0.6666666666666666,0.029254079254079256,0.0,1.0
5981312,0.7277777777777779,0.6333333333333334,0.2722222222222222,1.5666666666666669,0.0
3204292,1.5962121212121214,0.6999999999999998,-0.5962121212121212,0.0,1.0
5988526,0.7861111111111111,0.6666666666666666,0.21388888888888888,0.5333333333333333,0.0
5984363,1.2632020757020757,0.6666666666666666,-0.2632020757020757,1.2666666666666668,0.0
5995330,0.8214869281045752,0.6333333333333334,0.1785130718954248,0.94,0.0
3193009,1.260168650793651,0.5,-0.2601686507936508,0.0,1.0
5992802,1.2013590559533278,0.6,0.2523809523809524,0.48,0.0
5983812,0.5958333333333333,0.6666666666666666,0.4041666666666667,0.6733333333333333,0.0
5994085,1.148474945533769,0.6999999999999998,-0.14847494553376905,0.8933333333333334,0.0
5995503,1.1205079642579645,0.7666666666666666,-0.1442938459958041,0.6,0.0
2759297,1.1361772486772486,0.5666666666666667,-0.1361772486772487,0.0,1.0
2662217,1.2240079365079366,0.6666666666666666,-0.2240079365079365,0.0,1.0
1666279,1.1416666666666666,0.7000000000000001,-0.14166666666666666,0.0,1.0
5985581,0.6164983164983165,0.7333333333333334,0.3835016835016835,0.6733333333333333,0.0
5997733,1.5829966329966332,0.5333333333333333,-0.582996632996633,1.0733333333333333,0.0
5998884,1.2821241258741258,0.6333333333333333,-0.2821241258741259,1.2733333333333334,0.0
5986379,1.125,0.6333333333333334,-0.125,1.3733333333333333,0.0
5994233,1.6367826617826615,0.5,-0.6367826617826619,0.52,0.0
5979854,0.483016748366013,0.5,0.5169832516339868,1.1266666666666667,0.0
5995626,1.1271405228758171,0.6,-0.12714052287581698,0.92,0.0
5993771,0.9208333333333334,0.7000000000000001,0.07916666666666668,0.3133333333333333,0.0
5992668,1.6075396825396826,0.5333333333333333,-0.6075396825396825,1.0199999999999998,0.0
5988599,1.2831257631257629,0.5666666666666668,-0.28312576312576315,0.4733333333333333,0.0
5987165,1.1879629629629629,0.6,-0.18796296296296294,0.52,0.0
5999456,1.2867238562091503,0.5,-0.2867238562091504,0.4533333333333334,0.0
1899646,1.3055426055426056,0.5666666666666668,-0.30554260554260554,0.0,1.0
2832008,1.1260073260073262,0.5333333333333333,-0.12600732600732598,0.0,1.0
3387838,0.7635582010582009,0.6666666666666666,0.2364417989417989,0.0,1.0
2519039,1.2420634920634919,0.6666666666666666,-0.2420634920634921,0.0,1.0
1662509,0.85,0.6333333333333333,0.15,0.0,1.0
5992203,1.3031746031746032,0.4000000000000001,-0.30317460317460315,0.7466666666666667,0.0
5994559,0.616468253968254,0.5666666666666665,0.3835317460317461,1.38,0.0
2380627,1.307415501165501,0.5,-0.30741550116550115,0.0,1.0
5989101,0.8944444444444444,0.5666666666666668,0.10555555555555557,0.7866666666666666,0.0
5981240,0.9260101010101012,0.6,0.07398989898989898,0.6551450127049511,0.0
2369966,1.3530092592592593,0.7000000000000001,-1.1212593934514226,0.0,1.0
3011082,1.5797222222222222,0.6,-0.5797222222222222,0.0,1.0
5987008,1.408531746031746,0.6,-0.4085317460317461,1.3066666666666666,0.0
2577206,1.1394327894327894,0.4497124908337953,-0.13943278943278944,0.0,1.0
5989516,0.9467182229089698,0.6666666666666666,-0.21595661753105175,0.5646013538953693,0.0
2835587,1.603367003367003,0.5333333333333333,-0.4709781166829625,0.0,1.0
5994629,1.3722222222222225,0.7333333333333334,-0.37222222222222223,0.4,0.0
5981727,1.4478780864197531,0.4666666666666666,-0.4478780864197531,0.5133333333333333,0.0
5989152,0.7777777777777777,0.6666666666666666,0.22222222222222224,0.4266666666666667,0.0
3388779,1.1326388888888888,0.7042621921175851,-0.13263888888888892,0.0,1.0
5998867,0.4722222222222222,0.5666666666666668,0.5277777777777778,0.42,0.0
5992093,0.9471611721611722,0.6999999999999998,0.05283882783882785,0.9133333333333334,0.0
5978179,1.4130291005291005,0.5666666666666667,-0.4130291005291005,1.66,0.0
2640685,1.4753501122809434,0.5333333333333333,-0.4504697756878516,0.0,1.0
5999234,1.2388888888888892,0.6666666666666666,-0.2388888888888889,0.4066666666666667,0.0
5978788,1.025,0.6,-0.024999999999999984,0.54,0.0
5978083,0.6289682539682541,0.4152840953211276,0.3710317460317461,1.653333333333333,0.0
5986901,1.4650252525252525,0.6666666666666666,-0.4650252525252525,0.7933333333333333,0.0
5994611,1.7517551892551892,0.6666666666666666,-0.7517551892551891,1.14,0.0
5982500,0.7833333333333332,0.6333333333333333,0.3118729669577127,1.3733333333333333,0.0
5983585,1.2971590909090909,0.5666666666666668,-0.2971590909090909,1.7,0.0
2094572,1.4688263125763126,0.5333333333333333,-0.4688263125763126,0.0,1.0
3059833,1.1884920634920637,0.6,-0.1884920634920635,0.0,1.0
5990643,1.2491898148148148,0.7333333333333334,-0.2491898148148148,2.0434307112691035,0.0
5995398,1.1428515928515928,0.6999999999999998,-0.14285159285159285,1.7066666666666668,0.0
2014574,1.437533068783069,0.6333333333333333,-0.4375330687830688,0.0,1.0
5990601,0.9628637566137566,0.5,0.03713624338624336,0.68,0.0
5995083,1.3761904761904764,0.6333333333333333,-0.3761904761904762,0.8466666666666667,0.0
3284763,0.7277777777777779,0.7333333333333334,0.2722222222222222,0.0,1.0
5979728,1.2901101338977845,0.7666666666666666,-0.028472222222222232,1.2266666666666668,0.0
2672247,0.8116115196078431,0.6333333333333333,0.1883884803921569,0.0,1.0
5995443,0.8136195286195287,0.5666666666666668,0.1863804713804714,2.1666666666666665,0.0
1710760,1.1177641802641805,0.7333333333333333,-0.11776418026418024,0.0,1.0
5990174,1.1285714285714286,0.3848835873090525,-0.1285714285714286,0.3733333333333333,0.0
5994816,1.19375,0.5,-0.19375,0.32666666666666666,0.0
1510382,1.1777777777777778,0.6666666666666666,-0.17777777777777778,0.0,1.0
5987558,1.0888888888888888,0.5666666666666668,-0.0888888888888889,0.48,0.0
5995076,2.0376454106099358,0.6999999999999998,-0.8261117535516656,1.1423017347522544,0.0
5987584,1.6841083158879242,0.5333333333333333,-0.31429682283601873,2.2631702041583446,0.0
5989242,1.5152777777777775,0.5,-0.5152777777777778,0.7333333333333333,0.0
5993006,0.6450396825396826,0.5333333333333333,0.3549603174603175,0.8666666666666667,0.0
5980048,1.4505050505050503,0.5,-0.4505050505050505,0.2533333333333333,0.0
1753958,0.8066849816849816,0.5666666666666668,0.19331501831501832,0.0,1.0
2144144,1.6263736263736266,0.5666666666666665,-0.6263736263736264,0.0,1.0
5986385,0.6263888888888889,0.6333333333333333,0.3736111111111112,0.3541575058337227,0.0
5991764,1.0429309150399722,0.6999999999999998,-0.18908216874827524,0.66304285105636,0.0
5998051,1.1226307189542484,0.7000000000000001,-0.12263071895424835,0.9533333333333333,0.0
5980883,1.2760225885225884,0.7000000000000001,-0.2760225885225885,1.24,0.0
3189629,0.4777777777777778,0.6333333333333333,0.5222222222222223,0.0,1.0
5986942,1.139236874236874,0.6333333333333333,-0.13923687423687425,0.52,0.0
5979873,1.4596969696969695,0.6000000000000001,-0.4596969696969697,0.51,0.0
1869775,1.4103835978835981,0.7000000000000001,-0.41038359788359785,0.0,1.0
2735078,1.1239801864801866,0.6666666666666666,-0.1239801864801865,0.0,1.0
5989120,1.1053571428571431,0.7666666666666666,-0.10535714285714286,1.4466666666666663,0.0
3281280,0.9572668650793652,0.5666666666666668,0.042733134920634915,0.0,1.0
5989047,1.4549533799533798,0.5333333333333333,-0.45495337995338,0.42,0.0
5986714,0.9567791005291004,0.496282563376812,0.043220899470899465,0.8733333333333334,0.0
5980693,1.1390540015540016,0.6,-0.13905400155400152,1.4533333333333334,0.0
5987542,0.8039072039072038,0.4723390324961175,0.1960927960927961,1.0533333333333337,0.0
5999458,0.8165563725490196,0.7333333333333334,0.1834436274509804,1.0266666666666666,0.0
5991333,1.1323164682539684,0.7000000000000001,-0.13231646825396826,0.20000000000000004,0.0
5994443,0.9775252525252526,0.6,0.02247474747474745,0.9733333333333332,0.0
5986023,0.9060846560846562,0.7666666666666666,0.09391534391534392,1.4600000000000002,0.0
2002555,0.6749999999999999,0.4666666666666666,0.325,0.0,1.0
5980361,0.7959656084656084,0.7666666666666666,0.20403439153439154,0.58,0.0
5991528,0.9944444444444444,0.6666666666666666,0.005555555555555536,0.7799999999999999,0.0
5982125,1.6206699346405231,0.6666666666666666,-0.6206699346405228,0.7466666666666666,0.0
5994140,1.2796241181657848,0.7666666666666666,-0.2796241181657848,1.0133333333333334,0.0
5991758,0.9723137973137972,0.5333333333333333,0.02768620268620268,2.4266666666666663,0.0
5994468,0.7721296296296295,0.5,0.2278703703703704,0.54,0.0
5984652,1.3003154253154252,0.5666666666666668,-0.3003154253154253,0.6133333333333333,0.0
5993536,0.9765567765567766,0.6666666666666666,0.023443223443223436,0.5399999999999999,0.0
5993355,1.1113636363636363,0.6,-0.11136363636363636,1.3066666666666666,0.0
5986403,1.1169642857142856,0.7333333333333334,-0.11696428571428573,0.9,0.0
5997092,1.2798721340388006,0.5333333333333333,-0.2798721340388007,0.7576161395400507,0.0
5982827,1.2222222222222223,0.4162555254534809,-0.22222222222222224,0.9,0.0
1721658,1.6044753086419752,0.6666666666666666,-0.6044753086419753,0.0,1.0
5982506,1.590430402930403,0.5666666666666668,-0.5904304029304029,0.7133333333333334,0.0
1715574,1.2277380952380952,0.6666666666666666,-0.15425562943155804,0.0,1.0
5987591,1.60984477124183,0.5666666666666667,-0.6098447712418301,1.5333333333333332,0.0
5981407,0.970352564102564,0.4,0.029647435897435893,0.0,0.0
5991887,0.8150252525252525,0.6881429681429682,0.1849747474747475,0.98,0.0
2347777,1.239318783068783,0.5,-0.2393187830687831,0.0,1.0
5995576,1.3067197712418301,0.5,-0.3067197712418301,0.98,0.0
5997957,2.0996956210655475,0.6,-0.7796923571508442,2.0267650676506763,0.0
5981469,0.8057098765432098,0.6333333333333334,-0.33037085225616586,1.3,0.0
5979944,1.61031746031746,0.7333333333333334,-0.6103174603174603,1.1266666666666667,0.0
5982023,1.0333333333333334,0.5333333333333333,-0.03333333333333334,1.0,0.0
5987630,1.3722222222222225,0.6333333333333333,-0.37222222222222223,1.5466666666666669,0.0
2494530,1.0194444444444446,0.6333333333333333,-0.019444444444444448,0.0,1.0
5997509,1.1395016339869282,0.43333333333333335,-0.13950163398692814,0.86,0.0
3137858,0.5648148148148148,0.7000000000000001,0.4351851851851852,0.0,1.0
1792226,1.960656565656565,0.6,-0.9606565656565657,0.0,1.0
5979122,0.4621693121693122,0.7000000000000001,0.5378306878306879,1.3266666666666669,0.0
5997610,0.964057239057239,0.6333333333333334,0.035942760942760964,0.8733333333333334,0.0
5984175,1.2802401302401298,0.5666666666666668,-0.2802401302401303,0.7933333333333333,0.0
5978594,1.0859126984126986,0.6666666666666666,-0.08591269841269839,0.8933333333333332,0.0
5980721,0.7384259259259259,0.6333333333333333,0.2615740740740741,0.5333333333333333,0.0
5986743,0.9277777777777776,0.4666666666666666,0.07222222222222224,0.3866666666666667,0.0
5986564,1.15,0.7333333333333334,-0.15,0.8333333333333334,0.0
5981093,0.9,0.6333333333333334,0.09999999999999994,1.28,0.0
2498126,1.0538745590828924,0.6,-0.053874559082892425,0.0,1.0
2379011,0.9621632996632996,0.5582449088744615,0.03783670033670032,0.0,1.0
5988396,0.9,0.4666666666666666,0.09999999999999994,1.413333333333333,0.0
1557417,1.3944444444444446,0.6,-0.3944444444444444,0.0,1.0
5983416,1.7625661375661377,0.957657464101373,-0.7625661375661376,0.9,0.0
5988956,1.0763888888888888,0.6,-0.0763888888888889,0.8533333333333334,0.0
5983957,0.7070512820512821,0.55,0.292948717948718,0.0,0.0
3172467,0.9550505050505049,0.6333333333333333,0.04494949494949496,0.0,1.0
5978173,0.9097222222222222,0.4,0.0902777777777778,0.5,0.0
5995310,1.1160714285714286,0.6,-0.11607142857142855,1.2733333333333334,0.0
5992393,0.8194444444444443,0.5,0.1805555555555556,0.24,0.0
5981454,0.6279040404040405,0.43333333333333335,0.3720959595959596,1.0933333333333335,0.0
5996347,0.949074074074074,0.6666666666666666,0.05092592592592591,0.7800000000000001,0.0
5978823,0.9717757936507936,0.6666666666666666,0.028224206349206343,0.94,0.0
5988066,1.4419191919191918,0.6666666666666666,-0.4419191919191919,0.68,0.0
5986929,1.1125165343915344,0.6666666666666666,-0.11251653439153438,1.06,0.0
2621191,1.3666666666666665,0.5,-0.3666666666666667,0.0,1.0
5998404,0.6253306878306878,0.6333333333333333,0.37466931216931215,0.5933333333333334,0.0
5984074,0.8074900793650794,0.6000000000000001,0.19250992063492064,1.4466666666666663,0.0
5996667,1.4,0.6333333333333334,-0.4,0.8133333333333334,0.0
3301580,0.9689746732026144,0.6,0.031025326797385618,0.0,1.0
5984109,0.7690740740740741,0.5333333333333333,0.23092592592592595,0.5866666666666667,0.0
5986394,1.4184523809523808,0.7333333333333334,-0.4184523809523809,0.66,0.0
5987504,0.7445105820105821,0.6999999999999998,0.255489417989418,0.68,0.0
5994717,1.2816666666666665,0.6333333333333333,-0.2816666666666667,0.6,0.0
5988572,0.5222222222222223,0.6666666666666666,0.4777777777777777,0.7533333333333334,0.0
2025405,1.6200757575757576,0.6,-0.6200757575757575,0.0,1.0
5987301,1.0835317460317462,0.6666666666666666,-0.1773554211762427,1.1866666666666663,0.0
3399784,0.9166666666666666,0.7,0.08333333333333331,0.0,1.0
5997186,1.1206183862433865,0.6000000000000001,-0.12061838624338625,0.32,0.0
5997724,0.7222222222222222,0.8731077900848002,0.2777777777777778,0.8599999999999999,0.0
5989504,1.0991005291005291,0.4666666666666667,-0.09910052910052908,0.6066666666666667,0.0
5998503,1.7522893772893775,0.6333333333333333,-0.7522893772893773,1.0666666666666669,0.0
1563492,1.2356481481481478,0.6999999999999998,-0.2356481481481481,0.0,1.0
1711453,1.2701719576719577,0.6000000000000001,-0.2701719576719577,0.0,1.0
3311877,1.112885262885263,0.6,-0.11288526288526288,0.0,1.0
5988471,1.2848214285714286,0.5666666666666668,-0.28482142857142856,1.1466666666666667,0.0
5998458,1.0943602693602692,0.6,-0.09436026936026937,1.2088746776718142,0.0
5981114,1.2835858585858586,0.5,-0.2835858585858585,0.2533333333333333,0.0
5988425,1.4573366013071896,0.6,-0.4573366013071896,1.1133333333333335,0.0
5992462,1.730820105820106,0.6666666666666666,-0.7308201058201057,0.8999999999999999,0.0
2112708,1.625655711748332,0.4666666666666666,-0.6106760382565067,0.0,1.0
2885212,1.7779461279461282,0.5,-0.5214027184752219,0.0,1.0
5992637,1.2873015873015872,0.5666666666666668,-0.2873015873015873,0.5733333333333334,0.0
5980302,1.311029411764706,0.6666666666666666,-0.3110294117647059,0.92,0.0
3363595,0.8115537240537241,0.5333333333333333,0.18844627594627594,0.0,1.0
5984252,1.747100122100122,0.6,-0.7471001221001221,1.3,0.0
5988646,1.1263299663299664,0.5666666666666665,-0.12632996632996632,0.46,0.0
5990609,1.9102287581699344,0.6666666666666666,-0.9102287581699344,0.6066666666666667,0.0
5980516,1.3457341269841272,0.7666666666666666,-0.34573412698412703,0.17333333333333334,0.0
5980310,1.6166148666148663,0.8000000000000002,-0.6166148666148666,1.0933333333333335,0.0
3231341,1.027777777777778,0.6333333333333333,-0.02777777777777779,0.0,1.0
2788453,1.0611111111111111,0.7874281022129223,-0.06111111111111111,0.0,1.0
5988438,1.5566666666666666,0.5666666666666667,-0.5566666666666666,0.38,0.0
5980631,0.4875152625152626,0.5666666666666667,0.5124847374847376,0.9933333333333336,0.0
5996516,0.6296296296296297,0.5666666666666667,0.3703703703703704,0.4866666666666668,0.0
5998960,1.1025793650793652,0.5,-0.10257936507936508,1.4466666666666663,0.0
2522753,3.3308737265530097,0.6333333333333333,-0.2388888888888889,0.0,1.0
1785492,1.1387542087542089,0.7000000000000001,-0.13875420875420874,0.0,1.0
5998274,1.1569444444444443,2.0546318847369194,-0.15694444444444447,0.6,0.0
1543414,1.232936507936508,0.5,-0.2329365079365079,0.0,1.0
2867211,1.3044770044770049,0.6333333333333333,-0.3044770044770045,0.0,1.0
3313303,1.3958043077362647,0.6333333333333333,-0.4222685897976208,0.0,1.0
2498577,1.4394781144781146,0.6666666666666666,-0.4394781144781144,0.0,1.0
5998392,1.4620287698412702,0.6333333333333333,-0.4620287698412698,0.7666666666666666,0.0
3374026,1.2397652116402116,0.5333333333333333,-0.2397652116402117,0.0,1.0
5986838,1.1385634118967451,0.7666666666666666,-0.13856341189674526,0.05333333333333334,0.0
5981870,1.578042328042328,0.6999999999999998,-0.578042328042328,0.3533333333333333,0.0
5980782,1.0674603174603174,0.6,-0.06746031746031746,0.8866666666666667,0.0
1902407,1.2789562289562288,0.5333333333333333,-0.27895622895622896,0.0,1.0
5991483,0.9560751748251748,0.7000000000000001,0.043924825174825176,0.7200000000000001,0.0
5983012,0.9816174566174568,0.4666666666666666,0.01838254338254336,1.2333333333333334,0.0
5986203,0.9860702614379084,0.5333333333333333,0.01392973856209149,1.42,0.0
5983707,1.0333333333333334,0.5333333333333333,-0.033333333333333326,1.4533333333333331,0.0
5978862,1.6242929292929291,0.7000000000000001,-0.6242929292929292,0.4066666666666667,0.0
5994566,0.9619708994708996,0.5,0.038029100529100544,0.15333333333333335,0.0
5990585,1.1680555555555556,0.5,-0.16805555555555554,1.5733333333333333,0.0
2533087,1.2942760942760942,0.6666666666666666,-0.3839995535249041,0.0,1.0
5980658,0.7799603174603176,0.5666666666666668,0.2200396825396825,0.06,0.0
5980608,0.9474969474969476,0.5333333333333333,0.0525030525030525,0.7733333333333333,0.0
5998943,1.4457875457875458,0.6666666666666666,-0.4457875457875458,0.19333333333333333,0.0
5989045,1.4981481481481482,0.7333333333333334,-0.4981481481481482,1.5266666666666664,0.0
5991592,1.3333333333333333,0.6333333333333333,-0.3333333333333333,0.24,0.0
3384569,1.2027777777777775,0.5,-0.20277777777777772,0.0,1.0
1617765,0.9444444444444444,0.5,0.055555555555555546,0.0,1.0
5985771,1.290773115773116,0.6333333333333333,-0.29077311577311576,1.0533333333333337,0.0
5979499,1.1218253968253968,0.6,-0.1218253968253968,0.7799999999999999,0.0
5984285,1.1902777777777775,0.5666666666666668,-0.19027777777777774,0.7066666666666667,0.0
5983992,1.7409932659932659,0.6666666666666666,-0.740993265993266,0.9,0.0
5984589,1.1304713804713804,0.6333333333333334,-0.13047138047138046,0.64,0.0
5980012,1.4182659932659931,0.6666666666666666,-0.4182659932659933,0.4266666666666666,0.0
5981582,0.7388888888888889,0.5666666666666668,0.2611111111111111,0.4097507091148617,0.0
5982090,1.4444444444444444,0.6666666666666666,-0.4444444444444444,0.18666666666666668,0.0
5979159,0.957440476190476,0.7000000000000001,0.042559523809523804,0.84,0.0
5991557,1.7898692810457515,0.4666666666666666,-0.7898692810457516,1.0466666666666666,0.0
2895017,1.144953194953195,0.3348170368262086,-0.14495319495319495,0.0,1.0
5998237,1.2672619047619047,0.5,-0.2672619047619048,1.7,0.0
5983523,1.156571159801497,0.4000000000000001,-0.22003968253968254,1.0466666666666666,0.0
5989431,1.4335858585858583,0.4666666666666666,-0.4335858585858586,0.84,0.0
5988206,1.4700066137566141,0.5,-0.4700066137566137,0.4266666666666666,0.0
5985007,0.7722222222222221,0.6,0.22777777777777775,1.08,0.0
5998502,1.0954365079365078,0.6,-0.09543650793650794,0.52,0.0
5979929,1.1,0.5333333333333333,-0.1,0.7600000000000001,0.0
3262643,0.75,0.6333333333333333,-0.665785817741125,0.0,1.0
5990171,1.0754794973544974,0.5666666666666668,-0.07547949735449737,1.4,0.0
2037163,1.3106761294261295,0.8000000000000002,-0.31067612942612943,0.0,1.0
2673685,0.4627645502645503,0.6,0.5372354497354497,0.0,1.0
5984303,1.0650793650793648,0.5333333333333333,-0.06507936507936511,0.28,0.0
2410852,1.4670436507936506,0.6,-0.4670436507936508,0.0,1.0
5995172,0.9748473748473748,0.6666666666666666,0.025152625152625136,1.5333333333333332,0.0
5992697,0.9407672237244636,0.5,-0.180664693023658,0.52,0.0
5978607,1.739950980392157,0.6000000000000001,-0.7399509803921568,0.2933333333333333,0.0
5998487,1.5027777777777775,0.7333333333333334,-0.5027777777777779,1.4799999999999998,0.0
5988172,1.2554713804713804,0.8429912352499828,-0.2554713804713805,1.2333333333333332,0.0
2719963,1.511904761904762,0.6666666666666666,-0.511904761904762,0.0,1.0
5985723,1.5625661375661375,0.4666666666666666,-0.5625661375661376,0.86,0.0
5989738,0.4722222222222223,0.6000000000000001,0.5277777777777778,0.37333333333333335,0.0
5981610,1.1476960784313726,0.6333333333333334,-0.14769607843137253,0.6333333333333334,0.0
5983376,1.116045066045066,0.6,-0.11604506604506605,1.5466666666666669,0.0
5990106,0.9804671717171716,0.5333333333333333,0.01953282828282828,0.6,0.0
5988851,1.4381944444444443,0.5,-0.4381944444444444,1.0666666666666669,0.0
5986482,1.1374206349206348,0.6333333333333333,-0.13742063492063494,0.9466666666666668,0.0
5981242,0.9689043209876544,0.5666666666666668,0.03109567901234568,0.08,0.0
5993524,0.6777777777777777,0.5333333333333333,0.32222222222222224,0.6733333333333333,0.0
5991039,1.2657407407407408,0.6333333333333334,-0.2657407407407408,1.5066666666666666,0.0
3172568,1.6079966329966329,0.6333333333333333,-0.6079966329966329,0.0,1.0
2588570,1.1666666666666667,0.5333333333333333,-0.16666666666666666,0.0,1.0
5984203,0.9055555555555556,0.6,0.09444444444444444,0.8333333333333334,0.0
3015090,1.576058201058201,0.5333333333333333,-0.576058201058201,0.0,1.0
5996442,0.5513888888888889,0.5,0.4486111111111111,1.9,0.0
5981514,1.1666666666666667,0.6333333333333333,-0.16666666666666666,1.2133333333333334,0.0
5992913,1.4535103785103785,0.5666666666666665,-0.4535103785103785,0.6466666666666666,0.0
5995742,1.1879629629629629,0.5333333333333333,-0.18796296296296294,0.5666666666666668,0.0
3275313,1.0694444444444444,0.5666666666666668,-0.06944444444444446,0.0,1.0
2959224,0.6363858363858365,0.5333333333333333,0.3636141636141637,0.0,1.0
5993311,1.6055555555555554,0.6333333333333333,-0.6055555555555555,1.4466666666666663,0.0
5996544,0.976986531986532,0.5609340376361046,0.023013468013468003,0.7466666666666667,0.0
5990144,1.1541666666666666,0.4734521403977618,-0.15416666666666667,0.56,0.0
5982295,1.4019841269841269,0.5666666666666668,-0.4019841269841271,0.56,0.0
5978222,1.6330525030525032,0.5666666666666668,-0.6330525030525029,1.0733333333333337,0.0
2470369,0.924722222222222,0.6333333333333333,0.07527777777777778,0.21020176577808167,1.0
5983009,1.1523809523809525,0.65,-0.7790658061357421,0.56,0.0
2306223,1.7735690235690236,0.6333333333333333,-0.7735690235690235,0.0,1.0
5980690,1.3680555555555556,0.6000000000000001,-0.3680555555555555,0.9133333333333334,0.0
5979876,0.6356532356532357,0.6333333333333334,0.3643467643467643,1.2,0.0
3144994,1.7737373737373738,0.5333333333333333,-0.7737373737373737,0.0,1.0
5987905,1.138888888888889,0.6666666666666666,-0.13888888888888887,1.0933333333333335,0.0
5995605,1.2848720043572983,0.5333333333333333,-0.2848720043572985,0.7466666666666667,0.0
5996425,0.970970695970696,0.6666666666666666,0.02902930402930405,0.6733333333333333,0.0
5987747,1.1638888888888892,0.5666666666666665,-0.1638888888888889,1.1266666666666667,0.0
5983796,1.6189255189255192,0.6,-0.6189255189255191,0.88,0.0
3002279,0.9638888888888888,0.5666666666666668,0.03611111111111113,0.0,1.0
5996926,1.2680708180708178,0.5333333333333333,-0.2680708180708181,0.7999999999999999,0.0
5978794,1.5621031746031744,0.8706952077801396,-0.5621031746031746,0.7733333333333334,0.0
5987019,1.6284175084175083,0.6333333333333333,-0.6284175084175084,0.8533333333333334,0.0
1645803,0.9487433862433862,0.6333333333333334,0.051256613756613764,0.0,1.0
3255133,0.9838112745098041,0.6999999999999998,-0.000725334976482891,0.0,1.0
1500395,1.2380508939175183,0.5333333333333333,0.03861416361416359,0.0,1.0
5999461,0.5981481481481482,0.6,0.4018518518518519,1.5533333333333337,0.0
3061022,1.0967261904761905,0.6333333333333334,-0.09672619047619048,0.0,1.0
5982055,1.30501813001813,0.6,-0.30501813001813,0.82,0.0
5983757,1.4617419617419616,0.6333333333333333,-0.4617419617419618,0.7400000000000001,0.0
5990960,0.6476010101010101,0.6333333333333333,0.3523989898989899,1.0799999999999998,0.0
5994129,1.1388888888888888,0.7000000000000001,-0.13888888888888887,1.0466666666666666,0.0
5983863,0.958862433862434,0.5333333333333333,0.04113756613756616,0.4666666666666666,0.0
5990228,1.1190796857463523,0.5333333333333333,-0.1190796857463524,0.3133333333333333,0.0
5992979,1.1833333333333331,0.5,-0.18333333333333326,0.5,0.0
3327944,0.958251633986928,0.6666666666666666,0.041748366013071886,0.0,1.0
5994109,0.3701516330416175,0.5333333333333333,0.4321742597125749,1.285582142610062,0.0
1611112,0.9488400488400488,0.43333333333333335,0.051159951159951166,0.0,1.0
1666316,2.10322705168066,0.6499999999999999,-0.50080700767986,0.0,1.0
5978373,0.8896825396825397,0.6,0.11031746031746033,0.82,0.0
5990333,1.2759093915343915,0.7000000000000001,-0.27590939153439153,0.7799999999999999,0.0
5989676,1.3006613756613756,0.6333333333333333,-0.3006613756613757,1.3733333333333333,0.0
5994375,1.35,0.65,-0.35,0.61,0.0
3202999,5.963619381055532,0.6666666666666666,0.06944444444444446,0.0,1.0
1959134,1.4190462315462316,0.6333333333333333,-0.4190462315462316,0.0,1.0
5993837,0.9795519295519296,0.6333333333333333,0.020448070448070448,1.4866666666666666,0.0
2749866,1.3868832701112452,0.6333333333333333,-0.6482359690429628,0.0,1.0
2528395,1.6268280228758172,0.5333333333333333,-0.6268280228758171,0.0,1.0
5984181,0.4863296425796426,0.6,0.5136703574203575,0.84,0.0
5984114,1.4333333333333331,0.5666666666666665,-0.43333333333333335,1.1733333333333331,0.0
5994898,1.4404040404040404,0.5333333333333333,-0.4404040404040404,1.346666666666667,0.0
5990284,1.3020016339869285,0.6333333333333333,-0.3020016339869281,0.9,0.0
2621480,0.9685353535353536,0.5333333333333333,0.1687092718718126,0.0,1.0
3285847,1.6263888888888889,0.6666666666666666,-0.6263888888888889,0.0,1.0
5997954,0.6489898989898989,0.6333333333333334,0.351010101010101,1.3,0.0
2918941,0.9584160052910052,0.6333333333333333,0.0415839947089947,0.13722668156192727,1.0
2309623,1.3865079365079367,0.5333333333333333,-0.3865079365079365,0.0,1.0
5980373,0.9763888888888888,0.6000000000000001,0.02361111111111109,0.7999999999999999,0.0
5988790,0.616931216931217,0.5666666666666668,0.3830687830687831,1.4466666666666663,0.0
5993081,1.4667480667480668,0.5,-0.4667480667480667,1.1333333333333333,0.0
5981897,1.1092032967032968,0.5666666666666668,-0.10920329670329673,1.08,0.0
5998414,1.3996632996632996,0.6000000000000001,-0.3996632996632997,1.086666666666667,0.0
2546094,0.972800925925926,0.43333333333333335,0.027199074074074053,0.0,1.0
5988685,1.1152174794413787,0.6333333333333333,-0.4819135328745346,0.6305822115876938,0.0
5999311,1.027777777777778,0.6333333333333334,-0.02777777777777778,0.8066666666666666,0.0
5987932,1.2936868686868686,0.6333333333333334,-0.29368686868686866,1.24,0.0
5980666,1.1008644133644134,0.5213423111491194,-0.10086441336441336,0.44,0.0
5997605,0.6510437710437711,0.5,0.3489562289562289,0.16666666666666666,0.0
5992633,0.6488153594771242,1.1218800722435296,0.3511846405228758,0.32,0.0
5990607,1.1184343434343436,0.5333333333333333,-0.11843434343434345,0.38,0.0
5992212,0.790890522875817,0.6333333333333334,0.20910947712418304,9.880673946252653,0.0
5991814,1.4640873015873013,0.5333333333333333,-0.4640873015873017,0.5066666666666667,0.0
5985801,1.06630291005291,0.6415035282052316,-0.06630291005291004,0.7133333333333334,0.0
5992272,1.273148148148148,0.5333333333333333,-0.2731481481481481,0.24,0.0
5996321,0.8112789987789988,0.6,0.18872100122100124,1.606666666666667,0.0
3324882,0.9414141414141414,0.5666666666666668,0.058585858585858575,0.0,1.0
5998807,0.8077132936507937,0.5666666666666667,0.19228670634920636,1.0533333333333337,0.0
5996308,1.4534313725490196,0.6333333333333334,-0.4534313725490196,0.06000000000000001,0.0
5982932,1.3021230158730157,0.6,-0.3021230158730159,0.46,0.0
5982799,1.0426991541591717,0.7666666666666667,-0.31343931820821097,0.7276900653399597,0.0
5993808,1.2277777777777776,0.7333333333333334,-0.22777777777777786,0.9466666666666668,0.0
2197360,0.7527777777777778,0.5333333333333333,0.24722222222222226,0.0,1.0
5993283,0.9731209150326796,0.5333333333333333,0.026879084967320242,0.6133333333333333,0.0
5991617,1.1557296372146064,0.5,-0.059016877742822424,0.6458620413943965,0.0
5991370,1.7738095238095235,20.8250135554816,-0.7738095238095238,0.01,0.0
2000482,0.907936507936508,0.5333333333333333,0.09206349206349207,0.0,1.0
5995836,1.6717592592592592,0.5333333333333333,-0.6717592592592592,0.03333333333333333,0.0
2179850,0.9716666666666668,0.7034384240495605,0.02833333333333334,0.0,1.0
1895374,0.9329365079365078,0.5666666666666668,0.06706349206349206,0.0,1.0
5980071,0.8741216707287817,0.6999999999999998,-0.17550364344617478,0.4334195714586949,0.0
5994208,0.970375457875458,0.5333333333333333,0.02962454212454212,0.84,0.0
5996662,1.0,0.6666666666666666,0.0,0.3,0.0
5988578,0.9861111111111109,0.5333333333333333,0.013888888888888895,1.0000000000000002,0.0
5998473,0.8016303399070109,0.4333333333333333,-0.20674433405670356,0.21333333333333332,0.0
5978768,0.8968253968253969,0.5666666666666668,0.1031746031746032,0.52,0.0
2032464,1.2251984126984128,0.5333333333333333,-0.2251984126984127,0.0,1.0
3195973,0.7250000000000001,0.5666666666666668,0.275,0.0,1.0
5989771,0.9261904761904762,0.5,0.07380952380952381,0.3,0.0
5998272,0.9454156954156954,0.6999999999999998,0.0545843045843046,1.5266666666666666,0.0
5984739,1.4474867724867726,0.43333333333333335,-0.4474867724867725,0.8533333333333334,0.0
5986895,1.65,0.45,-0.65,1.95,0.0
5978735,1.1314814814814815,0.9641430341358984,-0.13148148148148145,0.98,0.0
5983036,0.9514276476447528,0.6666666666666666,-0.30453296703296706,0.58,0.0
5990138,0.7521825396825396,0.5666666666666667,0.24781746031746035,0.2866666666666667,0.0
3189708,1.2383838383838384,0.5666666666666668,-0.2383838383838384,0.0,1.0
5978395,1.1371997755331091,0.6999999999999998,-0.1371997755331089,0.82,0.0
5984339,1.271123321123321,0.4666666666666666,-0.2711233211233211,0.7866666666666666,0.0
5990729,1.5867724867724868,0.5666666666666667,-0.5867724867724867,1.0533333333333337,0.0
1700653,1.4532407407407408,0.5,-0.4532407407407408,0.0,1.0
5993846,1.0648148148148149,0.43333333333333335,-0.06481481481481481,0.5133333333333333,0.0
5983834,1.4117132867132869,0.65,-0.4117132867132867,2.55,0.0
1894768,1.513604816617336,0.6,0.10019841269841268,0.0,1.0
3323848,0.9111111111111112,0.7000000000000001,0.08888888888888889,0.0,1.0
2084279,1.150634920634921,0.5666666666666667,-0.15063492063492065,0.0,1.0
5992380,0.9200396825396826,0.5666666666666668,0.07996031746031744,0.7600000000000001,0.0
5991249,0.4583333333333333,0.6,0.5416666666666666,1.2666666666666666,0.0
1644437,1.754563492063492,0.8000000000000002,-0.7545634920634919,1.2358986603768882,1.0
2956322,1.626292226292226,0.6333333333333334,-0.6262922262922263,0.0,1.0
5993989,1.4659391534391537,0.7333333333333334,-0.4659391534391535,0.32,0.0
2685591,1.0611111111111111,0.7333333333333334,-0.061111111111111074,0.0,1.0
5996788,1.2905885780885782,0.5666666666666665,-0.4349773449372052,1.5066666666666666,0.0
5991003,1.1258782679738564,0.7000000000000001,-0.1258782679738562,1.76,0.0
5986905,0.9573412698412698,0.5,0.04265873015873015,0.6266666666666666,0.0
5989266,1.3040293040293038,0.5666666666666665,-0.3040293040293041,0.2866666666666667,0.0
2591535,1.334722222222222,0.5333333333333333,-0.3347222222222222,0.0,1.0
5985986,1.9285714285714288,0.7999999999999999,-0.9285714285714286,0.36,0.0
5979254,0.9647028897028896,0.6333333333333333,0.03529711029711028,1.2,0.0
5996396,1.5493055555555555,0.4666666666666666,-0.5493055555555556,1.0,0.0
5997073,1.2404761904761905,0.5,-0.2404761904761905,0.5599999999999999,0.0
1511944,0.3694444444444445,0.43333333333333335,0.6305555555555555,0.0,1.0
5987881,1.0436507936507935,0.5666666666666668,-0.043650793650793634,0.06666666666666668,0.0
5996416,1.1239057239057235,0.7333333333333334,-0.1239057239057239,0.23333333333333334,0.0
5980158,1.0162737806083455,0.6666666666666666,0.17919932585146822,1.814690932991852,0.0
2315675,0.6493686868686869,0.6333333333333333,0.3506313131313131,0.0,1.0
5986654,0.9337081128747796,0.7333333333333334,0.06629188712522044,0.62,0.0
5987866,1.568686868686869,0.6666666666666666,-0.5686868686868687,0.8066666666666666,0.0
5990660,1.6119528619528618,0.6666666666666666,-0.611952861952862,0.7200000000000001,0.0
5978316,0.8165563725490196,0.7333333333333334,0.1834436274509804,1.2933333333333332,0.0
5980348,1.5864163614163616,0.7333333333333334,-0.5864163614163614,1.1666666666666667,0.0
2235202,1.2008928571428572,0.5,-0.20089285714285715,0.0,1.0
5988626,0.646494708994709,0.7000000000000001,0.35350529100529104,1.16,0.0
5990922,1.425050505050505,0.7000000000000001,-0.42505050505050507,0.8733333333333334,0.0
5999249,0.9647727272727272,0.5666666666666668,0.03522727272727274,0.9933333333333332,0.0
5997856,1.7892116013071897,0.4666666666666666,-0.7892116013071896,0.9533333333333336,0.0
5986041,0.800248015873016,0.6,0.1997519841269841,0.8333333333333334,0.0
5988353,1.4429573512906846,0.6666666666666666,-0.4429573512906846,0.4533333333333333,0.0
2273698,1.2831349206349203,0.6,-0.28313492063492063,0.0,1.0
2571837,1.0208333333333333,0.6757499603741975,-0.02083333333333333,0.0,1.0
5996508,1.3430555555555557,0.5666666666666667,-0.3430555555555555,0.2933333333333333,0.0
5996323,1.0981150793650791,0.5333333333333333,-0.09811507936507936,0.46,0.0
5983615,0.8332972488387788,0.5333333333333333,0.04239576163478953,0.6418052687613803,0.0
5995845,1.2517676767676769,0.6,-0.25176767676767675,0.5066666666666667,0.0
5985611,0.7764309764309765,0.7000000000000001,0.2235690235690236,0.5,0.0
5979227,1.0620634920634922,0.5,-0.062063492063492064,0.62,0.0
1824951,1.3423809523809522,0.6000000000000001,-0.3423809523809524,0.0,1.0
3033460,1.5849867724867728,0.5333333333333333,-0.5849867724867724,0.0,1.0
5982706,1.1136874236874237,0.6999999999999998,-0.11368742368742367,0.5333333333333333,0.0
5978724,1.15,0.6,-0.15000000000000002,1.1666666666666667,0.0
2730727,0.978785103785104,0.6333333333333334,0.02121489621489621,0.0,1.0
5994713,1.2763888888888888,0.5333333333333333,-0.27638888888888885,0.96,0.0
5998462,1.2628968253968254,0.8000000000000002,-0.2628968253968253,0.37333333333333335,0.0
2387009,1.0095238095238095,0.5666666666666668,-0.009523809523809526,0.0,1.0
5985538,1.2134920634920636,0.7333333333333334,-0.21349206349206348,1.2133333333333332,0.0
5984566,1.1184343434343436,0.6333333333333333,-0.4096186782021885,0.26,0.0
5980723,1.7123015873015872,0.5666666666666668,-0.7123015873015873,0.5800000000000001,0.0
5987641,1.790047915047915,0.5,-0.7900479150479149,1.0266666666666666,0.0
5980764,0.7949074074074075,0.5666666666666668,0.2050925925925926,1.606666666666667,0.0
2030512,0.7948743386243388,0.5666666666666665,0.20512566137566135,0.0,1.0
5995089,1.1355067155067156,2.5805368774961246,-0.13550671550671553,0.8200000000000002,0.0
5991242,0.9666666666666668,0.8000000000000002,0.03333333333333335,0.13333333333333333,0.0
5998935,1.0802188552188554,0.7000000000000001,-0.08021885521885526,1.08,0.0
5992909,1.1298148148148146,0.43333333333333335,-0.1298148148148148,0.11333333333333336,0.0
5993885,0.9659738409738412,0.4,0.03402615902615902,0.6933333333333334,0.0
5981173,0.8049121732026143,0.7000000000000001,0.1950878267973856,1.6266666666666667,0.0
5987569,1.3895622895622894,0.5666666666666668,-0.3895622895622896,0.8333333333333334,0.0
5991854,1.41521164021164,0.6333333333333333,-0.4152116402116402,1.106666666666667,0.0
1620885,0.5750000000000001,0.7000000000000001,0.425,0.0,1.0
2801636,1.5922558922558918,0.6,-0.5922558922558923,0.0,1.0
5981443,1.5846764346764346,0.6666666666666666,-0.5846764346764347,1.0133333333333334,0.0
5980209,1.049107142857143,0.5666666666666667,-0.049107142857142856,0.13333333333333333,0.0
5999040,0.9368981481481482,0.5666666666666668,0.06310185185185188,0.6133333333333333,0.0
3012208,1.267443783068783,0.4666666666666666,-0.267443783068783,0.0,1.0
5991384,1.1481150793650794,0.5333333333333333,-0.14811507936507934,0.8066666666666666,0.0
5984191,1.2725702075702077,0.6,-0.2725702075702076,1.2466666666666668,0.0
5997007,0.8179942810457517,0.6333333333333334,0.18200571895424836,0.7333333333333334,0.0
2777400,1.2717592592592593,0.6666666666666666,-0.2717592592592593,0.0,1.0
3300105,0.6482498982498982,0.5333333333333333,0.3517501017501017,0.0,1.0
5991422,1.2321428571428568,0.6,-0.2321428571428571,0.14666666666666667,0.0
5995621,1.470998445998446,0.829610492377221,-0.47099844599844604,1.72,0.0
5978708,0.6423611111111109,0.7000000000000001,0.35763888888888884,0.9533333333333333,0.0
3225898,1.612457912457912,0.5,-0.6124579124579125,0.0,1.0
5979829,0.7652777777777778,0.7666666666666667,0.2347222222222222,1.4733333333333334,0.0
5995977,1.0611111111111111,0.6,-0.06111111111111111,0.6333333333333333,0.0
5978186,1.0697751322751323,0.6666666666666666,-0.06977513227513228,0.44,0.0
5980033,0.9654040404040404,0.4666666666666666,0.03459595959595959,1.7,0.0
5990163,1.1008417508417507,0.4000000000000001,-0.1008417508417508,0.82,0.0
5984244,1.2805555555555557,0.7333333333333334,-0.2805555555555556,0.4,0.0
1676133,0.6410714285714286,0.5666666666666667,0.35892857142857143,0.0,1.0
5995815,1.1307802287581699,0.5666666666666668,-0.13078022875816991,1.1933333333333331,0.0
5978663,1.066931216931217,0.6333333333333333,-0.06693121693121691,0.6066666666666667,0.0
5993016,1.3083333333333331,0.6666666666666666,-0.3083333333333333,0.3933333333333333,0.0
5979683,1.0195767195767196,6.730443828248163,-0.01957671957671958,1.1,0.0
5998449,1.1148284313725492,0.6333333333333333,-0.11482843137254906,0.7000000000000001,0.0
5989084,0.9444444444444444,0.6,0.05555555555555556,0.22,0.0
3049914,0.4778769841269841,0.6333333333333333,0.5221230158730159,0.0,1.0
2618901,1.2904040404040404,0.7000000000000001,-0.2904040404040404,0.0,1.0
5982607,1.141632672882673,0.5666666666666667,-0.14163267288267292,0.52,0.0
2911873,0.7198412698412698,0.4666666666666666,0.2801587301587302,0.0,1.0
5981128,1.2966015466015468,0.6,-0.2966015466015466,0.5066666666666667,0.0
3422446,1.5794642857142858,0.7000000000000001,-0.5794642857142857,0.0,1.0
5998859,1.4556166056166058,0.6333333333333333,-0.4556166056166056,0.8933333333333332,0.0
5991963,1.3055555555555556,0.6666666666666666,-0.3055555555555556,0.38666666666666666,0.0
5991894,1.0722222222222222,0.4000000000000001,-0.07222222222222226,1.8333333333333333,0.0
5996732,1.10625,0.6666666666666666,-0.10625,1.5600000000000005,0.0
5989610,1.7903388278388284,0.4666666666666666,-0.7903388278388279,0.16666666666666666,0.0
5999317,1.3194444444444444,0.6333333333333333,-0.3194444444444444,0.8066666666666666,0.0
5981320,1.1595249398792216,0.7333333333333333,0.7638888888888888,1.2066666666666668,0.0
2107285,1.5398148148148147,0.4666666666666666,-0.5398148148148149,0.0,1.0
2451532,1.299613095238095,0.6000000000000001,-0.2996130952380952,0.0,1.0
5979153,1.6797619047619046,0.7,-0.6797619047619048,1.0,0.0
5989900,1.0375,0.5666666666666668,-0.0375,1.6799999999999995,0.0
5998101,1.5745791245791243,0.6333333333333333,-0.5745791245791246,0.2333333333333333,0.0
5998721,1.6730158730158728,0.6,-0.673015873015873,0.37,0.0
5997384,0.815984940984941,0.5333333333333333,0.18401505901505905,0.8133333333333334,0.0
5991382,0.7222222222222222,0.7666666666666666,0.2777777777777778,1.2599999999999998,0.0
5995389,1.1088468729843048,0.7666666666666667,-0.3616123855104452,0.535671082157256,0.0
1938722,4.9024827608124415,0.4666666666666666,-0.4383986928104576,0.0,1.0
5993778,1.2944902319902318,0.5666666666666667,-0.294490231990232,0.7866666666666666,0.0
5982092,1.1386160714285716,0.5666666666666667,-0.13861607142857146,0.88,0.0
5988947,0.39814814814814814,0.7333333333333334,0.6018518518518519,0.9333333333333332,0.0
5988920,0.6340659340659339,0.6,0.3659340659340659,2.1733333333333333,0.0
5995501,0.8083527583527584,0.6,0.19164724164724165,0.9066666666666666,0.0
5988654,1.5728178957567256,0.7333333333333334,-0.2657814407814408,1.32,0.0
5984372,2.448207412985274,0.7666666666666667,-0.6083333333333334,0.4933333333333334,0.0
2885458,1.1694444444444445,0.5,-0.16944444444444448,0.0,1.0
2520808,1.0977777777777775,1.6964196173634176,-0.09777777777777777,0.0,1.0
2814253,0.9666666666666668,0.6,0.03333333333333333,0.0,1.0
5998236,1.7831699346405232,0.6999999999999998,-0.7831699346405229,0.7666666666666667,0.0
5999474,1.5307539682539684,0.5333333333333333,-0.5307539682539683,0.8666666666666666,0.0
3088446,1.3277777777777775,0.6333333333333334,-0.3277777777777778,0.0,1.0
5983866,1.7971001221001222,0.5666666666666665,-0.7971001221001222,0.92,0.0
1906585,0.9972222222222222,0.4,0.002777777777777773,0.0,1.0
5980580,0.8611111111111112,0.7000000000000001,0.1388888888888889,0.34,0.0
2221124,1.411904761904762,0.7333333333333334,-0.4119047619047618,0.0,1.0
2875941,1.2936868686868686,0.6666666666666666,-0.2936868686868687,0.0,1.0
5993034,0.7893939393939394,0.5666666666666668,0.2106060606060606,0.7799999999999999,0.0
5984062,1.1445027195027195,0.6333333333333333,-0.1445027195027195,0.9266666666666666,0.0
3361903,1.7983821733821734,0.6,-0.7983821733821733,0.0,1.0
5982880,1.535185185185185,0.6333333333333333,-0.5351851851851851,0.4666666666666667,0.0
5987975,1.4269199346405232,0.5333333333333333,-0.4269199346405229,0.10666666666666667,0.0
5986827,1.1058080808080808,0.6333333333333334,-0.1058080808080808,0.5133333333333333,0.0
1615743,1.2773809523809525,0.7000000000000001,-0.2773809523809524,0.0,1.0
5982149,0.9825369075369076,0.43333333333333335,0.01746309246309245,0.8666666666666667,0.0
5979251,1.1399896399896399,0.5333333333333333,-0.13998963998964004,0.94,0.0
5978169,1.2027777777777775,0.6333333333333333,-0.20277777777777772,0.7400000000000001,0.0
5980394,1.450946275946276,0.5333333333333333,-0.450946275946276,0.8933333333333332,0.0
5987914,1.0833333333333337,0.5666666666666665,-0.08333333333333333,1.2533333333333332,0.0
5978428,0.9517857142857142,0.4666666666666666,0.04821428571428573,0.9933333333333336,0.0
5989861,1.4767728758169936,0.6333333333333333,-0.4767728758169935,0.5599999999999999,0.0
5991807,1.1294612794612793,0.7333333333333334,-0.12946127946127947,1.3733333333333333,0.0
5982469,0.4166666666666667,0.5666666666666667,0.5833333333333333,1.0666666666666669,0.0
5991135,0.8962962962962964,0.7000000000000001,0.10370370370370367,0.8666666666666667,0.0
5994964,0.9487907925407923,0.6666666666666666,0.05120920745920745,0.22666666666666666,0.0
5992691,1.0783249158249155,0.56641023277134,-0.07832491582491584,0.9,0.0
2692034,1.0471230158730158,0.6666666666666666,-0.047123015873015886,0.0,1.0
5991829,1.1722222222222225,0.6,-0.17222222222222225,0.6866666666666666,0.0
5991065,10.962861150823686,0.7,-0.0625,2.64,0.0
2576159,0.9566137566137566,0.6333333333333333,0.04338624338624338,0.0,1.0
5984966,1.7371380471380469,0.6666666666666666,-0.7371380471380471,1.0000000000000002,0.0
5979212,1.1342592592592593,0.6000000000000001,-0.13425925925925927,0.8333333333333334,0.0
2003819,0.6222222222222222,0.6000000000000001,0.37777777777777777,0.0,1.0
3342418,1.2055555555555555,1.4249832885909637,-0.2055555555555556,0.0,1.0
5981137,1.2821733821733825,0.6,-0.2821733821733822,0.6266666666666666,0.0
5983054,0.8961111111111109,0.7333333333333334,0.10388888888888888,0.28,0.0
3252352,0.8833333333333333,0.6333333333333333,-0.13556553245116573,0.0,1.0
5985555,0.4860704110704111,0.6,0.5139295889295888,1.3333333333333333,0.0
5998531,1.3992063492063491,0.6,-0.3992063492063493,1.94,0.0
2455445,0.9453296703296704,0.6000000000000001,0.05467032967032966,0.0,1.0
5999128,1.6118131868131869,0.5666666666666668,-0.6118131868131869,0.12666666666666668,0.0
5987597,0.9570105820105821,0.6,0.04298941798941802,0.5333333333333333,0.0
3289961,1.4502525252525256,0.6,-0.4502525252525252,0.0,1.0
5978183,0.7887205387205386,0.5666666666666667,0.21127946127946126,0.7333333333333334,0.0
5993214,0.6108796296296296,0.4666666666666666,0.3891203703703704,1.6133333333333333,0.0
2335639,0.6372405372405372,0.5,0.3627594627594628,0.0,1.0
3029699,1.103015873015873,0.5,-0.10301587301587302,0.0,1.0
5987267,1.2073280818545586,0.5333333333333333,-0.2489340296771111,0.7850121437688228,0.0
5998711,1.4700299564270152,0.6333333333333333,-0.4700299564270154,0.7866666666666666,0.0
1769972,1.3412698412698412,0.5,-0.3412698412698412,0.0,1.0
3185684,0.9083333333333332,0.43333333333333335,0.09166666666666667,0.0,1.0
1744852,1.860449735449736,0.7666666666666666,-0.8604497354497355,0.0,1.0
5997692,1.124084249084249,0.5378159949905089,-0.12408424908424907,0.9933333333333332,0.0
2864057,1.1448529411764703,1.0642146716691212,-0.1448529411764706,0.0,1.0
2065935,1.1246391612200437,0.6,-0.12463916122004355,0.0,1.0
5997923,1.0394841269841268,0.5333333333333333,-0.03948412698412699,0.34,0.0
5983005,0.6552641802641802,0.7666666666666666,0.3447358197358197,0.62,0.0
5988410,1.2592592592592593,0.6999999999999998,-0.25925925925925924,0.3666666666666667,0.0
5985347,0.9820751633986928,0.6666666666666666,0.017924836601307188,1.9666666666666663,0.0
5980571,1.4055555555555557,0.6,-0.4055555555555555,0.9666666666666668,0.0
5978248,1.1439624183006536,0.6666666666666666,-0.1439624183006536,1.4400000000000002,0.0
5995486,0.5908730158730159,0.5333333333333333,0.4091269841269842,0.5883344484455114,0.0
5986275,1.4153439153439151,0.6666666666666666,-0.41534391534391535,1.4400000000000002,0.0
5994174,1.2217757936507938,0.5666666666666665,-0.22177579365079367,0.2333333333333333,0.0
5996235,1.3063186813186811,0.6666666666666666,-0.3063186813186813,0.4666666666666666,0.0
5986649,1.6722222222222225,0.6,-0.6722222222222222,0.64,0.0
5992141,0.525,0.5333333333333333,0.475,0.9933333333333332,0.0
5982014,1.163425925925926,0.5666666666666665,-0.1634259259259259,0.9466666666666668,0.0
5994824,1.2246031746031747,0.5666666666666668,-0.2246031746031746,0.88,0.0
1784368,1.1146384479717812,0.6666666666666666,-0.1146384479717813,0.0,1.0
5987001,0.6240079365079365,0.6333333333333333,0.3759920634920635,0.9333333333333336,0.0
5983775,0.4683501683501684,0.5333333333333333,0.5316498316498317,0.7599999999999999,0.0
5985994,1.2861305361305362,0.6333333333333333,-0.2861305361305361,0.28,0.0
5983486,1.3194444444444444,0.5333333333333333,-0.3194444444444445,0.2533333333333333,0.0
2682438,0.6381535947712419,0.5333333333333333,0.36184640522875816,0.0,1.0
5988472,0.9654040404040404,0.7666666666666666,0.03459595959595959,0.52,0.0
5988905,0.7986243386243386,0.6,0.2013756613756614,1.086666666666667,0.0
5998564,0.820654761904762,0.6,0.17934523809523809,0.14,0.0
3030738,1.0863095238095235,0.6666666666666666,-0.0863095238095238,0.0,1.0
5982869,0.4573412698412698,0.6000000000000001,0.5426587301587301,0.4666666666666666,0.0
2896545,0.7000958505912666,0.6666666666666666,-0.02474448839323919,0.0,1.0
5998520,1.1133838383838384,0.5666666666666668,-0.11338383838383835,0.6933333333333334,0.0
5978133,1.6150155400155402,0.5333333333333333,-0.61501554001554,0.7999999999999999,0.0
5994534,0.9730563039632912,0.5666666666666668,-0.28124894826223584,0.5301688268412663,0.0
5994690,0.8472222222222223,0.6333333333333334,0.1527777777777778,0.6333333333333333,0.0
5999441,0.9082936507936508,0.5,0.09170634920634924,0.8388164156881627,0.0
5991041,1.2711419753086421,0.6000000000000001,-0.27114197530864204,0.8799999999999999,0.0
1711173,0.6541258169934641,0.6333333333333333,0.34587418300653594,0.0,1.0
5984294,2.9829064964838623,0.6666666666666666,-1.1294038055689517,0.2627675642167832,0.0
1878384,0.6407407407407407,0.5333333333333333,0.3592592592592593,0.0,1.0
5990600,1.403634259259259,0.5666666666666668,-0.4036342592592592,1.76,0.0
5984374,1.4501984126984129,0.5333333333333333,-0.4501984126984127,0.2933333333333333,0.0
5984323,1.425,0.45,-0.425,0.53,0.0
5996123,1.0871031746031743,0.7000000000000001,-0.08710317460317459,0.5533333333333333,0.0
5988160,1.248560606060606,0.6000000000000001,-0.2485606060606061,1.7933333333333332,0.0
5979910,1.3333333333333333,0.6666666666666666,-0.3333333333333333,0.02,0.0
1558909,1.2655067155067157,0.5,-0.2655067155067155,0.0,1.0
5989577,1.0964550264550266,0.6,-0.09645502645502642,0.26,0.0
5996991,0.977777777777778,0.6333333333333333,0.022222222222222227,1.106666666666667,0.0
5985068,1.0739057239057241,0.5,-0.0739057239057239,1.8866666666666667,0.0
5981867,1.2833333333333332,0.6333333333333333,-0.2833333333333334,0.56,0.0
2593689,0.9722985347985348,0.6666666666666666,0.027701465201465204,0.0,1.0
3312455,1.1205357142857142,0.5,-0.1205357142857143,0.0,1.0
5979078,1.3621031746031746,0.6333333333333333,-0.3621031746031746,1.0,0.0
5986210,1.29031045751634,0.6999999999999998,-0.2903104575163398,0.96,0.0
5981850,1.1191414141414142,0.6,-0.11914141414141415,0.5466666666666667,0.0
1639997,1.1324074074074073,0.5333333333333333,-0.1324074074074074,0.0,1.0
5989724,1.200925925925926,0.6333333333333333,-0.20092592592592592,1.08,0.0
5988429,1.5807539682539682,0.3817625742203671,-0.5807539682539683,0.34,0.0
5980332,0.9377777777777778,0.5333333333333333,0.062222222222222213,0.7066666666666667,0.0
5986233,0.9434523809523808,0.5333333333333333,0.05654761904761906,1.606666666666667,0.0
2030724,1.7492424242424245,0.6666666666666666,-0.7492424242424244,0.0,1.0
5991058,0.6527777777777778,0.6000000000000001,0.3472222222222221,0.6466666666666666,0.0
5984510,1.4055555555555557,0.5,-0.4055555555555556,0.5800000000000001,0.0
5993648,0.9402777777777778,0.5333333333333333,0.059722222222222225,0.6933333333333334,0.0
5985574,0.75,0.7000000000000001,0.25,0.2866666666666667,0.0
2360261,0.8063797313797313,0.6666666666666666,0.19362026862026865,0.0,1.0
3245172,0.9820669934640524,0.43333333333333335,0.017933006535947704,0.0,1.0
5986338,0.9601190476190476,0.7000000000000001,0.03988095238095238,0.5533333333333333,0.0
5979962,0.7189393939393941,0.55,0.2810606060606061,0.69,0.0
5999314,1.5055555555555555,0.6,-0.5055555555555555,0.8866666666666667,0.0
5986663,0.2777777777777777,0.4666666666666666,0.7222222222222222,1.2,0.0
2637325,1.5833333333333333,0.6333333333333333,-0.5833333333333334,0.0,1.0
5995806,0.7625000000000001,0.5333333333333333,0.2375,0.7333333333333333,0.0
5995495,0.7294444444444445,0.7000000000000001,0.2705555555555556,1.0666666666666669,0.0
2522220,1.9392857142857145,0.7,-0.9392857142857144,0.0,1.0
5993473,1.255,0.5333333333333333,-0.255,0.3466666666666667,0.0
5989874,1.1438161375661375,0.5333333333333333,-0.14381613756613754,0.4066666666666667,0.0
3371543,1.8975,0.6499999999999999,-0.8975,0.3063790744665123,1.0
1825726,0.7203703703703704,0.6000000000000001,0.2796296296296296,0.0,1.0
3117284,0.6762437807070288,0.6666666666666666,0.0920812602356763,0.0,1.0
5981742,1.1437474562474563,0.5,-0.1437474562474563,1.7599999999999998,0.0
2197637,1.0660714285714288,0.5319025669749873,-0.06607142857142856,0.0,1.0
1780759,1.1150793650793651,0.6309046278817725,-0.11507936507936507,0.0,1.0
5999135,1.1550925925925926,0.6,-1.7670661979277245,1.5066666666666666,0.0
2254046,1.271977124183007,0.6666666666666666,-0.2719771241830065,0.0,1.0
5995677,0.7064814814814815,0.5333333333333333,0.2935185185185185,1.0533333333333337,0.0
5989298,1.2798611111111111,0.6999999999999998,-0.2798611111111111,1.38,0.0
5985045,1.1843055555555555,0.6666666666666666,-0.18430555555555556,1.1266666666666667,0.0
1743700,0.7119590137718413,0.5333333333333333,0.12579459107725113,0.0,1.0
5997109,1.5107142857142857,0.5666666666666668,-0.5107142857142857,1.2333333333333334,0.0
5979989,0.9186507936507938,0.5333333333333333,0.08134920634920634,0.66,0.0
1988544,0.9407407407407408,0.5333333333333333,0.05925925925925925,0.0,1.0
3019109,0.8004960317460318,0.5666666666666668,0.19950396825396824,0.0,1.0
5978489,1.0472222222222225,0.4666666666666666,-0.0472222222222222,0.2933333333333333,0.0
2787605,1.3483333333333334,0.5333333333333333,-0.3483333333333333,0.0,1.0
2103712,1.4351851851851851,0.43333333333333335,-0.4351851851851853,0.0,1.0
2810810,1.1009920634920636,0.7333333333333334,-0.10099206349206348,0.0,1.0
5988868,1.0736772486772488,0.5666666666666668,-0.07367724867724867,1.106666666666667,0.0
5979350,0.9755439005439004,0.5666666666666668,0.024456099456099452,0.3466666666666667,0.0
3139645,1.1411986161986163,0.5666666666666668,-0.14119861619861618,0.0,1.0
5997411,1.7199494949494951,0.6333333333333334,-0.7199494949494949,0.6133333333333334,0.0
5987656,1.2998778998778997,0.5,-0.2998778998778999,1.0133333333333334,0.0
1661151,1.2973905723905723,0.6999999999999998,-0.2973905723905724,0.0,1.0
5987936,1.293584656084656,0.6666666666666666,-0.2935846560846561,0.9866666666666668,0.0
5984268,0.6354166666666666,0.5666666666666665,0.3645833333333333,0.94,0.0
5985458,1.0619047619047621,0.6666666666666666,-0.061904761904761914,0.9333333333333332,0.0
5986640,0.8611111111111112,0.7333333333333334,0.13888888888888892,0.5266666666666667,0.0
5986630,0.9277777777777776,0.6000000000000001,0.07222222222222223,0.6933333333333334,0.0
5992110,0.8067404817404817,0.7000000000000001,0.19325951825951826,1.0933333333333333,0.0
5986830,1.5652076318742985,0.5333333333333333,-0.5652076318742986,0.9,0.0
5986848,0.6520502645502645,0.7333333333333334,0.3479497354497354,1.0133333333333334,0.0
5981642,0.9730720668220668,1.405316526769611,0.026927933177933183,1.5933333333333335,0.0
5979637,1.2800505050505049,0.6666666666666666,-0.28005050505050505,1.3533333333333335,0.0
5998246,1.6206756206756203,0.6853373158643002,-0.6206756206756207,0.2533333333333333,0.0
2461061,0.9099206349206348,0.6333333333333334,0.09007936507936508,0.0,1.0
5979785,0.9675925925925926,0.5333333333333333,0.03240740740740744,0.4266666666666666,0.0
5983156,1.5388888888888892,0.7333333333333334,-0.5388888888888889,1.3,0.0
5994379,1.7517857142857145,0.6333333333333333,-0.7517857142857144,1.46,0.0
5997930,1.4563299663299665,0.7333333333333334,-0.4563299663299663,1.0257397191790858,0.0
5997049,1.649621212121212,0.45,-0.6496212121212122,0.34,0.0
5981562,0.9847222222222222,0.6666666666666666,0.015277777777777784,0.7000000000000001,0.0
5983703,1.4578144078144075,0.5666666666666665,-0.4578144078144078,0.20000000000000004,0.0
5982170,1.1347527472527472,0.5,-0.13475274725274725,0.4733333333333333,0.0
5981678,0.8472222222222223,0.6333333333333333,0.15277777777777776,1.46,0.0
5998216,1.2952020202020202,0.43333333333333335,-0.2952020202020202,0.82,0.0
2256884,1.4572954822954822,0.6999999999999998,-0.16166731547319782,0.0,1.0
5989284,0.5259478601329463,0.5,0.2382789163406117,0.21804808784551308,0.0
5986620,1.4260085978835981,0.5666666666666667,-0.42600859788359785,0.4666666666666666,0.0
5983898,0.6435994560994561,0.6333333333333333,0.3564005439005438,0.5,0.0
1728098,1.3039898989898993,0.7000000000000001,-0.303989898989899,0.0,1.0
5989318,1.1845238095238095,0.4666666666666666,-0.18452380952380956,0.39333333333333337,0.0
5982985,1.0166666666666666,0.5666666666666667,-0.01666666666666668,0.5866666666666668,0.0
5989826,0.5936507936507937,0.6,0.4063492063492064,0.16,0.0
5998645,1.2583333333333333,0.7333333333333334,-0.25833333333333336,0.3666666666666667,0.0
5980292,0.7906084656084656,0.5333333333333333,0.2093915343915344,0.52,0.0
5981468,1.146296296296296,0.5,-0.1462962962962963,0.9733333333333332,0.0
1690220,1.8774410774410772,0.6,-0.8774410774410774,0.0,1.0
5996708,1.254120879120879,0.6,-0.2541208791208791,0.42,0.0
5986610,1.5727513227513228,0.6,-0.5727513227513227,1.2866666666666668,0.0
5988938,0.6847222222222221,0.6,0.31527777777777777,0.21333333333333332,0.0
1949624,1.3075885225885224,0.5,-0.3075885225885226,0.0,1.0
5983797,0.9809706959706959,0.5333333333333333,0.019029304029304063,0.7533333333333333,0.0
5982972,0.8153020590520591,0.5,0.18469794094794093,0.32,0.0
5999269,1.2896531480071085,0.6333333333333333,0.03948412698412699,0.96,0.0
1888515,1.3875,0.6666666666666666,-0.3875,0.0,1.0
5989864,1.0787037037037035,0.5,-0.07870370370370372,0.6133333333333334,0.0
5998909,0.9614413364413364,0.5,0.03855866355866355,0.24,0.0
5996814,0.9527982026143792,0.7000000000000001,0.047201797385620914,0.3066666666666667,0.0
5986924,0.9754563492063492,0.6333333333333333,0.0245436507936508,1.6666666666666667,0.0
2429434,1.307967032967033,0.504033949390557,-0.30796703296703304,0.0,1.0
5987872,1.4888257663876685,0.7333333333333334,-0.6133432539682541,1.606666666666667,0.0
2789802,1.9145943562610228,0.7000000000000001,-0.9145943562610228,0.0,1.0
5996449,0.7638888888888888,0.6,0.2361111111111111,0.46,0.0
2907858,1.1331290849673203,0.6,-0.13312908496732026,0.0,1.0
5981316,1.2678902116402118,0.5333333333333333,-0.2678902116402116,0.84,0.0
5990716,0.9539562289562288,0.5,0.04604377104377105,0.9666666666666668,0.0
2731521,0.9843239379084968,0.6,0.015676062091503257,0.0,1.0
5998312,0.97609126984127,0.6666666666666666,0.023908730158730147,0.22666666666666666,0.0
2312100,1.1072099673202616,0.5666666666666667,-0.10720996732026143,0.0,1.0
1719238,1.610218253968254,0.6666666666666666,-0.610218253968254,0.0,1.0
5985659,1.1154456654456653,0.6326748515338934,-0.11544566544566545,0.7799999999999999,0.0
5980140,0.5111111111111111,0.5666666666666667,0.4888888888888889,1.6933333333333334,0.0
5990184,0.8819444444444443,0.6333333333333333,0.11805555555555555,0.3466666666666667,0.0
2772025,1.4406565656565655,0.45,-0.4406565656565656,0.0,1.0
5995687,1.1427655228758171,0.6333333333333333,-0.14276552287581698,0.8200000000000002,0.0
5985220,0.7810123107314247,0.4666666666666666,-0.10572022285503284,0.4791986197559465,0.0
5989132,0.4834986772486773,0.6333333333333333,0.5165013227513228,0.5599999999999999,0.0
5982501,1.60522533022533,0.6666666666666666,-0.6052253302253302,1.106666666666667,0.0
5997909,0.7319444444444444,0.7,0.26805555555555555,0.42,0.0
2649090,1.4627609427609427,0.6,-0.4627609427609428,0.1032789037420344,1.0
5997498,0.8100168350168351,0.6,0.189983164983165,0.12,0.0
5990383,0.9527972027972028,0.5333333333333333,0.04720279720279719,0.6133333333333333,0.0
5982595,1.4543512043512044,0.6333333333333333,-0.4543512043512044,0.9466666666666668,0.0
5991420,0.9736772486772486,0.5,0.02632275132275134,1.3266666666666669,0.0
5996179,0.6431781045751634,0.5333333333333333,0.3568218954248365,0.36000000000000004,0.0
5998326,0.6577380952380952,0.6,0.3422619047619048,1.54,0.0
5984896,0.9762663398692809,0.8112759306730659,0.023733660130718964,1.0066666666666668,0.0
5992517,1.2347222222222225,0.7666666666666666,-0.23472222222222225,0.6133333333333333,0.0
5993207,1.301663614163614,0.7666666666666666,-0.3016636141636141,1.38,0.0
5982916,1.277104377104377,0.7333333333333334,-0.2771043771043771,0.2533333333333333,0.0
5979246,1.3180555555555555,0.5666666666666665,-0.3180555555555556,0.7333333333333334,0.0
5991818,1.2621693121693118,0.6999999999999998,-0.26216931216931216,0.4676930230086616,0.0
5986737,1.022222222222222,0.6,-0.022222222222222216,0.6666666666666666,0.0
5988762,1.287626262626263,0.7333333333333334,-0.2876262626262626,1.4799999999999998,0.0
2417012,1.0960724460724462,0.7000000000000001,-0.09607244607244607,0.0,1.0
5983455,0.6374751984126984,0.7000000000000001,0.3625248015873016,1.1,0.0
5982743,0.9439814814814814,0.6,0.056018518518518516,0.7999999999999999,0.0
5989303,1.2472222222222225,0.5333333333333333,-0.24722222222222226,0.7866666666666666,0.0
5979539,1.1193948412698411,0.6333333333333333,-0.11939484126984128,0.5666666666666667,0.0
5992336,1.2894917582417582,0.4000000000000001,-0.2894917582417583,2.18,0.0
5979551,1.117912457912458,0.6666666666666666,-0.1179124579124579,0.36000000000000004,0.0
5980478,1.1456290849673203,0.6666666666666666,-0.14562908496732027,0.7733333333333333,0.0
5985542,1.9071428571428573,0.5666666666666668,-0.9071428571428573,1.04,0.0
2706234,1.0943055555555554,0.6666666666666666,-0.09430555555555556,0.0,1.0
5991012,1.2972222222222225,4.240698886073207,-0.2972222222222222,0.4933333333333334,0.0
5988693,1.3033730158730157,0.6666666666666666,-0.30337301587301585,0.4933333333333334,0.0
5984228,1.6949494949494952,0.7333333333333334,-0.7032914821654579,0.5466666666666667,0.0
5991745,1.4743055555555555,0.6333333333333333,-0.4743055555555555,0.7466666666666667,0.0
2359775,1.6189814814814814,0.5666666666666668,-0.6189814814814815,0.0,1.0
2910180,1.2891975308641974,0.6999999999999998,-0.2891975308641975,0.0,1.0
5987204,0.912962962962963,0.5333333333333333,0.08703703703703702,0.68,0.0
5989023,1.1305555555555555,0.4666666666666666,-0.13055555555555556,0.44,0.0
1573808,0.8038690476190476,0.6,0.1961309523809524,0.0,1.0
5996047,0.9533509700176368,0.6,0.04664902998236331,0.6933333333333334,0.0
5981831,1.0562289562289562,0.5666666666666668,-0.05622895622895626,1.08,0.0
5990343,0.9713293650793652,0.6666666666666666,0.028670634920634888,0.7466666666666666,0.0
5987418,1.1996296296296296,0.6666666666666666,-0.1996296296296296,1.5599999999999998,0.0
5997688,1.4588664421997757,0.6,-0.4588664421997755,0.30666666666666664,0.0
5994701,1.266984126984127,0.7666666666666666,-0.266984126984127,0.6533333333333333,0.0
5994055,0.9123015873015872,0.4666666666666666,0.08769841269841268,1.0333333333333334,0.0
5986795,0.7728174603174603,0.5666666666666668,0.2271825396825397,0.7435295972143798,0.0
5990283,1.4333333333333331,0.4000000000000001,-0.43333333333333335,1.5266666666666666,0.0
5983802,1.2572751322751323,0.6333333333333333,-0.2572751322751323,0.7600000000000001,0.0
5999432,1.0213293650793651,0.5,-0.02132936507936508,0.6666666666666666,0.0
2244689,1.0361111111111112,0.6999999999999998,-0.0361111111111111,0.0,1.0
3038756,1.095403439153439,0.7333333333333334,-0.09540343915343914,0.0,1.0
1971938,0.4797619047619047,0.65,0.5202380952380953,0.0,1.0
5997193,1.291792929292929,0.6,-0.2917929292929293,1.3287528232013528,0.0
5990965,0.8060019841269841,0.43333333333333335,0.1939980158730159,1.5733333333333333,0.0
5995251,0.8102693602693604,0.4666666666666666,0.18973063973063967,0.62,0.0
5996178,1.9419191919191918,0.3941639150309538,-0.941919191919192,0.98,0.0
5984744,1.6232064232064232,0.6333333333333333,-0.6232064232064232,1.1,0.0
1892855,0.9818528693528692,0.4666666666666666,0.01814713064713064,0.0,1.0
5982962,0.90993265993266,0.7666666666666666,0.09006734006734006,1.0533333333333337,0.0
5986258,1.2553571428571428,0.7666666666666666,-0.25535714285714284,1.2133333333333332,0.0
5995971,1.2069444444444446,0.5666666666666668,-0.2069444444444445,0.4,0.0
3443172,0.7799382716049382,0.6,0.2200617283950617,0.0,1.0
3352596,1.6414021164021164,0.6666666666666666,-0.6414021164021163,0.0,1.0
2904750,0.8981481481481483,0.5333333333333333,0.10185185185185186,0.0,1.0
5992086,1.1400328177673251,0.5333333333333333,-0.2251639240533884,1.466907830521304,0.0
1721356,1.5304232804232802,0.43333333333333335,-0.5304232804232804,0.0,1.0
5995544,1.6321428571428571,0.6666666666666666,-0.6321428571428571,0.7866666666666666,0.0
5988208,1.5990337519175093,0.6999999999999998,-0.928956228956229,0.7666666666666667,0.0
5997772,1.2710317460317457,0.6292907491925005,-0.271031746031746,0.7466666666666666,0.0
5988688,1.6318627450980392,0.6666666666666666,-0.6318627450980392,0.32666666666666666,0.0
5999194,0.9411447811447812,0.6041232302189066,0.05885521885521885,0.7666666666666666,0.0
5978313,1.1082671957671961,0.7333333333333334,-0.10826719576719576,1.0,0.0
5979032,1.4445669934640524,0.5666666666666667,-0.4445669934640523,1.1466666666666667,0.0
3173235,0.5444444444444444,0.7333333333333334,0.4555555555555556,0.0,1.0
5985211,1.2867238562091503,0.5333333333333333,-0.2867238562091503,1.64,0.0
5984795,1.2384259259259258,0.5666666666666667,-0.2384259259259259,0.6333333333333334,0.0
5994207,1.2768620268620268,0.7333333333333334,-0.2768620268620268,0.6733333333333333,0.0
5982510,1.2053571428571432,0.5333333333333333,-0.20535714285714288,0.9533333333333333,0.0
5987805,0.6465939153439154,0.7333333333333334,0.35340608465608464,0.7200000000000001,0.0
5982389,1.4683164983164982,0.5333333333333333,-0.6720869490867444,0.42,0.0
5991789,1.0993529583284165,0.6156182247682209,-0.05798112810409365,1.3236182708839073,0.0
5995354,1.1205357142857142,0.4,-0.12053571428571425,0.9466666666666668,0.0
5992632,1.117912457912458,0.43333333333333335,-0.1179124579124579,0.82,0.0
5996530,1.4330357142857144,0.5,-0.4330357142857143,1.2999999999999998,0.0
5998082,1.251010101010101,0.6333333333333333,-0.251010101010101,2.393333333333333,0.0
1964847,0.9480158730158732,0.5333333333333333,0.05198412698412699,0.0,1.0
5992514,1.3416666666666668,0.5333333333333333,-0.3416666666666666,1.5200000000000002,0.0
5995512,1.0527777777777778,0.5,-0.052777777777777785,1.0066666666666666,0.0
5997574,0.9532560032560032,0.6,0.04674399674399673,0.2933333333333333,0.0
5979872,1.7733100233100234,0.7333333333333334,-0.7733100233100233,0.8266666666666667,0.0
5985951,1.3068560606060606,0.7000000000000001,-0.3068560606060606,0.94,0.0
5980568,1.1324980574980577,0.5666666666666665,-0.1324980574980575,0.7866666666666666,0.0
5981698,1.3214285714285714,0.43333333333333335,-0.32142857142857145,0.9733333333333332,0.0
5984871,0.5248006742804143,0.5666666666666668,0.18964303974709174,1.0735324130079908,0.0
5985669,0.6274410774410775,0.6000000000000001,0.3725589225589226,1.4866666666666668,0.0
5990459,0.958862433862434,0.5333333333333333,0.041137566137566174,1.406666666666667,0.0
5990904,1.8013024013024015,0.5333333333333333,-0.8013024013024013,0.4,0.0
1827763,1.2926968864468866,0.7333333333333334,-0.2926968864468865,0.0,1.0
5986668,0.8498148148148147,0.3861206046649352,0.1501851851851852,1.5066666666666666,0.0
5996930,0.8116815476190476,0.6333333333333333,0.1883184523809524,0.7799999999999999,0.0
2024253,1.0611111111111111,0.6333333333333333,-0.06111111111111112,0.0,1.0
3042626,1.2166666666666666,0.7632556365576469,-0.21666666666666667,0.0,1.0
5980607,1.293864468864469,0.5666666666666668,-0.2938644688644689,0.5266666666666667,0.0
5986996,1.1222222222222222,0.6499999999999999,-0.12222222222222225,0.6,0.0
2939975,1.458988927738928,0.4666666666666666,-0.4589889277389277,0.0,1.0
5993386,1.9556526806526808,0.4666666666666666,-0.9556526806526808,0.8733333333333334,0.0
5997716,0.5942460317460317,0.6666666666666666,0.4057539682539682,1.0333333333333334,0.0
5992800,1.3425925925925926,0.5666666666666668,-0.34259259259259256,1.0133333333333334,0.0
5992406,1.3507936507936509,0.7333333333333334,-0.3507936507936508,2.14,0.0
5996493,0.5444444444444444,0.4333333333333333,0.4555555555555556,0.5533333333333333,0.0
2103731,1.3325396825396825,0.6666666666666666,-0.3325396825396825,0.0,1.0
5982847,1.1434395424836603,0.6,-0.14343954248366014,0.9666666666666668,0.0
5994842,0.6009259259259259,0.7000000000000001,0.3990740740740741,0.8533333333333334,0.0
2847037,1.6295685795685797,0.6333333333333334,-0.6295685795685796,0.0,1.0
5993011,1.8217589008321489,0.6666666666666666,-0.6200791389162089,1.5438089047695058,0.0
5992765,0.9972222222222222,0.5666666666666668,0.002777777777777768,0.9733333333333332,0.0
5991755,1.452579365079365,0.5,-0.452579365079365,0.9333333333333332,0.0
5996684,0.8277777777777778,0.4000000000000001,0.17222222222222225,1.406666666666667,0.0
5999296,0.9685120435120436,0.6000000000000001,0.03148795648795647,1.0,0.0
1766261,0.7450396825396824,0.6999999999999998,0.25496031746031744,0.0,1.0
5994274,0.8070707070707072,0.5666666666666668,0.19292929292929287,1.2066666666666668,0.0
5993854,0.7791832010582009,0.6000000000000001,0.22081679894179893,0.6866666666666666,0.0
2819049,0.8666666666666667,0.5,0.13333333333333333,0.0,1.0
1814671,1.3078937728937727,0.6333333333333334,-0.3078937728937729,0.0,1.0
1941102,0.6537490287490287,0.5666666666666665,0.3462509712509712,0.0,1.0
2171201,1.4234920634920634,0.6333333333333333,-0.4234920634920634,0.0,1.0
5983076,1.5837121212121212,0.7333333333333333,-0.5837121212121211,1.0266666666666666,0.0
1926223,1.7640829248366017,0.5666666666666668,-0.7640829248366012,0.0,1.0
5985499,0.9731200897867563,0.6,0.02687991021324354,0.64,0.0
1596206,1.4351851851851851,0.6666666666666666,-0.4351851851851852,0.0,1.0
1691666,1.3094090413943356,0.8000000000000002,-0.3094090413943355,0.0,1.0
2722926,1.09760101010101,0.8000000000000002,-0.09760101010101012,0.0,1.0
3357981,0.9027777777777776,0.6,0.0972222222222222,0.0,1.0
3022189,1.3736507936507936,0.6666666666666666,-0.3736507936507936,0.0,1.0
5986321,0.6383838383838384,0.5333333333333333,0.3616161616161617,0.6533333333333333,0.0
5980812,0.8209325396825397,0.4666666666666666,0.17906746031746032,0.32,0.0
2536886,0.9796464646464648,0.43333333333333335,0.020353535353535342,0.0,1.0
5996923,1.5918981481481482,0.6,-0.5918981481481481,0.68,0.0
5987365,0.9604166666666666,0.7,0.0395833333333333,1.17,0.0
5999150,1.7726190476190478,0.5,-0.7726190476190476,1.28,0.0
5986918,1.3341666666666665,0.5333333333333333,-0.3341666666666667,0.84,0.0
3094363,0.7305555555555556,0.5666666666666667,0.26944444444444443,0.0,1.0
5996685,1.3040909090909092,0.6333333333333334,-0.3040909090909091,1.0466666666666666,0.0
2245662,0.9403540903540905,0.6333333333333334,0.05964590964590965,0.0,1.0
5978548,1.2661111111111112,0.6,-0.2661111111111111,1.106666666666667,0.0
5983727,1.4586691086691086,0.7517004894613901,-0.4586691086691087,0.9066666666666666,0.0
1855576,0.462962962962963,0.43333333333333335,0.5370370370370371,0.0,1.0
5983030,1.4206349206349207,0.6333333333333334,-0.42063492063492064,1.413333333333333,0.0
5983113,1.1431318681318678,0.4333333333333333,-0.14313186813186815,0.3533333333333333,0.0
5996941,0.9277777777777776,0.6,0.07222222222222224,0.3333333333333333,0.0
5980355,0.982020202020202,0.6333333333333334,0.017979797979797985,0.82,0.0
5985628,0.8006944444444445,0.7333333333333334,0.19930555555555554,1.1933333333333334,0.0
3264329,1.0138888888888888,0.7333333333333333,-0.013888888888888914,0.0,1.0
1878409,3.246924482760669,0.6000000000000001,-1.3419633941011584,0.0,1.0
1525478,1.1936177248677249,0.5333333333333333,-0.19361772486772488,0.0,1.0
5980914,1.451233660130719,0.6666666666666666,-0.451233660130719,0.7200000000000001,0.0
5979630,2.5918701792762007,0.5666666666666668,-1.1758403214846076,2.918930161089877,0.0
5979841,0.8200549450549451,0.4666666666666666,0.17994505494505494,0.6466666666666666,0.0
2973924,1.1312037037037035,0.5333333333333333,-0.1312037037037037,0.0,1.0
5985288,1.0138888888888888,0.5,-0.013888888888888895,1.5933333333333335,0.0
2096624,1.2626984126984129,0.5,-0.2626984126984127,0.0,1.0
2205822,1.5976719576719578,0.4333333333333333,-0.5976719576719577,0.0,1.0
5981014,2.7759689527726734,0.5333333333333333,-1.1828116279211331,1.2756910912977029,0.0
5980344,1.1334656084656085,0.5666666666666667,-0.13346560846560848,0.9066666666666668,0.0
5985144,1.4457142857142855,0.4666666666666666,-0.4457142857142857,0.54,0.0
2247635,1.1049242424242425,0.6333333333333333,-0.10492424242424242,0.0,1.0
5991774,1.288949938949939,0.6,-0.288949938949939,1.2266666666666666,0.0
5996938,1.2246212121212119,0.65,-0.22462121212121214,0.24,0.0
5988519,1.1873015873015873,0.6666666666666666,-0.1873015873015873,1.4733333333333334,0.0
5993992,1.0685185185185186,0.5666666666666667,-0.06851851851851849,0.5666666666666667,0.0
2880218,1.3841666666666663,0.6999999999999998,-0.3841666666666667,0.0,1.0
5989423,0.798046398046398,0.6,0.20195360195360196,0.6999999999999998,0.0
5997499,1.5426587301587302,0.6000000000000001,-0.5426587301587301,0.36000000000000004,0.0
5998981,1.2796130952380953,0.6666666666666666,-0.27961309523809524,0.4,0.0
3215789,1.4614570614570612,0.6,-0.4614570614570615,0.0,1.0
2475741,1.6229966329966332,0.6,-0.6229966329966329,0.0,1.0
5993571,0.6276936026936027,0.7333333333333334,0.3723063973063973,1.5,0.0
3396807,1.0805555555555555,0.5333333333333333,-0.08055555555555555,0.0,1.0
5987838,1.7471306471306471,0.5,-0.7471306471306471,0.6066666666666666,0.0
5985562,1.2304713804713805,0.5666666666666668,-0.2304713804713805,0.44,0.0
5994935,1.5172619047619047,0.5333333333333333,-0.5172619047619048,0.86,0.0
5990968,0.9588966588966588,0.7666666666666667,0.04110334110334109,1.0399999999999998,0.0
5995733,1.2977272727272726,0.5666666666666668,-0.29772727272727273,0.7200000000000001,0.0
2077666,1.2825231481481485,0.5333333333333333,-0.2825231481481481,0.0,1.0
5991114,0.9393097643097644,0.5666666666666667,0.060690235690235676,1.2466666666666668,0.0
2951687,0.9391534391534392,0.7000000000000001,0.06084656084656085,0.0,1.0
5998916,1.2296296296296296,0.6,-0.22962962962962966,1.0,0.0
5996450,1.4506062610229276,0.6,-0.4506062610229277,0.9733333333333332,0.0
1967841,1.8667443667443668,0.5666666666666667,-0.8667443667443667,0.0,1.0
3195416,1.1336309523809522,0.6333333333333334,-0.13363095238095238,0.0,1.0
2270094,1.2668650793650793,0.43333333333333335,-0.26686507936507936,0.0,1.0
5989790,1.1041666666666663,0.7,-0.10416666666666666,2.58,0.0
2193572,0.9428451178451178,0.5666666666666667,0.057154882154882215,0.0,1.0
5981285,1.1146043771043772,0.6333333333333334,-0.1146043771043771,0.43333333333333335,0.0
2674957,1.2283272283272284,0.4666666666666666,-0.2283272283272283,0.0,1.0
5994531,1.294454656862745,0.6666666666666666,-0.2944546568627451,1.2466666666666666,0.0
5996750,1.421031746031746,0.6666666666666666,-0.421031746031746,1.38,0.0
5981490,1.4936507936507937,0.4666666666666666,-0.4936507936507937,0.7000000000000001,0.0
3270686,0.8148962148962149,0.7000000000000001,0.18510378510378514,0.0,1.0
5994847,0.7670634920634921,0.6333333333333333,0.232936507936508,0.52,0.0
5980821,1.2989225589225588,0.7333333333333334,-0.2989225589225589,0.9133333333333332,0.0
5986801,1.1287490287490287,0.43333333333333335,-0.12874902874902874,0.7266666666666666,0.0
5988014,1.240870240870241,0.5,-0.2408702408702409,0.2333333333333333,0.0
5989046,1.111111111111111,0.6333333333333334,-0.11111111111111112,0.5866666666666668,0.0
5981553,0.8198870573870574,0.7000000000000001,0.18011294261294256,0.3466666666666667,0.0
3114716,0.474537037037037,0.5333333333333333,0.5254629629629629,0.0,1.0
5979190,1.1195609945609946,0.6000000000000001,-0.11956099456099455,0.6999999999999998,0.0
2535093,0.9794627594627592,0.5666666666666667,0.020537240537240545,0.0,1.0
2522503,0.8888888888888891,0.5,0.1111111111111111,0.0,1.0
1514287,1.5166666666666666,0.6,-0.5166666666666667,0.24561664850532136,1.0
5982870,1.7833333333333334,0.5666666666666665,-0.7833333333333333,1.6866666666666663,0.0
5998708,0.9117845117845116,0.6,0.08821548821548819,1.2333333333333334,0.0
5978781,0.7880952380952381,0.7333333333333333,0.2119047619047619,0.4066666666666667,0.0
5993587,0.971062091503268,0.5666666666666667,0.02893790849673204,0.5466666666666667,0.0
5991364,1.2693948412698413,0.6,-0.2693948412698413,0.8333333333333334,0.0
3407549,1.1442460317460317,0.6666666666666666,-0.14424603174603176,0.0,1.0
5980315,1.2694215506715507,0.4666666666666666,-0.26942155067155066,1.5,0.0
5998190,0.8085353535353536,0.6666666666666666,0.19146464646464648,1.2666666666666668,0.0
5991639,0.9166666666666666,0.7333333333333334,0.0833333333333333,0.5266666666666667,0.0
5987649,1.1189484126984126,0.6333333333333333,-0.11894841269841272,0.7599999999999999,0.0
5991511,1.1453571428571427,0.6333333333333333,-0.14535714285714288,0.6266666666666666,0.0
5992783,1.4404761904761905,0.45,-0.4404761904761905,0.39,0.0
2184111,0.9436177248677249,0.6666666666666666,0.047840074507893925,0.0,1.0
5978152,0.7652777777777778,0.6,0.2347222222222222,0.7266666666666666,0.0
5992625,0.9324459876543209,0.7000000000000001,0.067554012345679,1.413333333333333,0.0
2835361,1.4100198412698417,0.8925840175211904,-0.4100198412698413,0.0,1.0
5986983,0.8133585858585858,0.5333333333333333,0.18664141414141414,0.52,0.0
5988769,1.608174603174603,0.7666666666666666,-0.2914128537881597,1.5199999999999998,0.0
5985880,1.2749694749694749,0.7333333333333334,-0.2749694749694749,1.3605044504991648,0.0
2659222,0.977997927997928,0.6333333333333333,0.022002072002071996,0.0,1.0
2160523,1.2674242424242423,0.5666666666666667,-0.2674242424242424,0.0,1.0
5989199,1.0638888888888889,0.6333333333333334,-0.06388888888888887,0.5333333333333333,0.0
5982585,0.6473595848595849,0.7000000000000001,0.3526404151404152,0.2866666666666667,0.0
1942114,0.9284493284493286,0.5,0.07155067155067156,0.0,1.0
2659897,1.6203449328449329,0.5333333333333333,-0.6203449328449328,0.0,1.0
1669713,1.061500939586582,0.5666666666666668,-0.10939153439153436,0.0,1.0
3449048,1.1494246031746032,0.6666666666666666,-0.14942460317460318,0.0,1.0
5986813,1.1371184371184373,0.5333333333333333,-0.1371184371184371,0.4,0.0
3266743,0.8141178266178266,0.5666666666666665,0.18588217338217336,0.0,1.0
5980391,0.6666666666666666,0.7000000000000001,0.3333333333333333,0.7866666666666667,0.0
5991212,1.1025793650793652,0.5666666666666667,-0.7552808233084615,0.16,0.0
5994615,0.6306721056721057,0.5666666666666667,0.3693278943278943,0.64,0.0
2805449,1.6979409479409484,0.3288456603911193,-0.697940947940948,0.0,1.0
1748500,1.5444444444444445,0.6333333333333333,-0.5444444444444444,0.0,1.0
5998316,1.1305555555555555,0.6333333333333334,-0.13055555555555556,0.18666666666666665,0.0
5993769,1.2944444444444445,0.7666666666666666,-0.2944444444444445,1.4333333333333331,0.0
5985260,1.4080808080808078,0.5666666666666668,-0.4080808080808081,2.0066666666666664,0.0
5993388,0.8771423752192171,0.5,-0.08568848120138588,0.8397616946333044,0.0
5985703,0.9531415343915344,0.6,0.046858465608465585,0.48,0.0
5987461,1.0666666666666669,0.6333333333333333,-0.0666666666666667,4.384656546916287,0.0
1839060,1.5284722222222225,0.6666666666666666,-0.5284722222222222,0.0,1.0
2612760,1.142063492063492,0.7333333333333333,-0.1420634920634921,0.0,1.0
5982897,1.7765151515151516,0.6999999999999998,-0.7765151515151515,0.4066666666666667,0.0
3255263,1.1057108155878754,0.7000000000000001,-0.27736687556155243,0.0,1.0
2391965,1.2761574074074076,0.6333333333333333,-0.2761574074074074,0.0,1.0
5978554,1.3961419753086421,0.7333333333333334,-0.39614197530864204,0.7400000000000001,0.0
2648743,0.9361111111111112,0.4666666666666666,0.06388888888888887,0.0,1.0
1709141,0.9563299663299664,0.5333333333333333,0.04367003367003367,0.0,1.0
2630610,1.0902777777777777,0.6,-0.09027777777777778,0.0,1.0
5983215,1.4397321428571428,0.4769036492916498,-0.4397321428571429,1.21,0.0
5990193,1.2841414141414145,0.5333333333333333,-0.2841414141414141,0.9866666666666668,0.0
3174896,0.9627687127687128,0.6666666666666666,0.037231287231287234,0.0,1.0
5998733,1.0657407407407409,0.4000000000000001,-0.06574074074074072,0.6,0.0
5997346,0.794212962962963,0.6999999999999998,0.20578703703703705,1.16,0.0
1898744,0.4817239858906525,0.7000000000000001,0.5182760141093475,0.0,1.0
5998869,0.6421997755331089,0.4666666666666666,0.35780022446689114,0.7466666666666667,0.0
5994242,0.7914682539682539,0.4666666666666666,0.20853174603174604,1.16,0.0
1576112,1.065873015873016,0.6,-0.0658730158730159,0.0,1.0
5987900,0.980977668845316,0.6000000000000001,0.019022331154684064,1.1333333333333335,0.0
5992395,0.9800671550671552,0.6666666666666666,0.01993284493284496,1.369702721694103,0.0
2543267,0.9655092592592592,0.6,0.034490740740740766,0.0,1.0
5981434,1.3121489621489622,0.5333333333333333,-0.3121489621489621,0.7356365059676492,0.0
5992715,0.7813973063973064,0.5333333333333333,0.2186026936026936,1.0466666666666666,0.0
5996344,1.5926587301587298,0.7333333333333334,-0.5926587301587302,0.4000000000000001,0.0
5989417,0.9930555555555556,0.4666666666666666,0.006944444444444457,0.4666666666666666,0.0
5986479,1.017857142857143,0.6,-0.017857142857142856,1.34,0.0
3223894,1.746031746031746,0.45,-0.7460317460317459,0.0,1.0
1821550,1.2218915343915344,0.43333333333333335,-0.2218915343915344,0.0,1.0
5991574,1.7619191919191919,0.4666666666666666,-0.7619191919191919,0.7000000000000001,0.0
5987502,1.6815476190476193,0.6333333333333333,-0.6815476190476191,1.06,0.0
1614727,1.2992845117845115,0.5,-0.2992845117845118,0.0,1.0
2975382,1.1471478174603176,0.6666666666666666,-0.14714781746031744,0.0,1.0
2041667,0.7934776688453159,0.4666666666666666,0.20652233115468407,0.0,1.0
5979966,1.5876262626262625,0.6000000000000001,-0.5876262626262626,1.9866666666666668,0.0
5981729,1.315952380952381,0.6999999999999998,-0.3159523809523809,1.1933333333333334,0.0
5983606,1.2629500129500129,0.5333333333333333,-0.2629500129500129,0.9533333333333333,0.0
5981755,1.2936868686868686,0.5,-0.2936868686868687,1.26,0.0
5990931,1.6154100529100532,0.5666666666666667,-0.6154100529100529,0.9,0.0
5986335,0.9083333333333332,0.7000000000000001,0.09166666666666666,0.5800000000000001,0.0
5983590,1.1194444444444445,0.6999999999999998,-0.11944444444444445,1.5333333333333332,0.0
5996166,1.1313988095238094,0.6666666666666666,-0.13139880952380953,0.7600000000000001,0.0
5987495,1.4544753086419753,0.6999999999999998,-0.4544753086419753,1.2266666666666666,0.0
5998403,1.4166666666666667,0.5247866109945506,-0.4166666666666667,0.5,0.0
5990567,1.634629953379953,0.4000000000000001,-0.6346299533799534,0.7600000000000001,0.0
2134621,1.3095848595848596,0.7666666666666666,-0.30958485958485954,0.0,1.0
5995296,0.7952020202020202,0.6,0.20479797979797976,1.1266666666666667,0.0
5984333,1.14156746031746,0.6666666666666666,-0.14156746031746034,1.04,0.0
5980297,1.2153328924162257,1.5345985359778185,-0.21533289241622572,0.48,0.0
5980451,1.4649420024420026,0.6333333333333333,-0.4649420024420024,0.7933333333333333,0.0
5990271,1.7899237472766885,0.6,-0.7899237472766885,1.0666666666666669,0.0
5982296,1.522222222222222,0.6333333333333334,-0.5222222222222223,1.1866666666666668,0.0
5986916,1.0838888888888891,0.7333333333333334,-0.08388888888888893,0.4866666666666666,0.0
5996319,1.4419191919191918,0.5666666666666665,-0.4419191919191919,1.3133333333333337,0.0
5978803,1.155026455026455,0.7666666666666666,-0.15502645502645498,0.64,0.0
5981337,0.648406337838451,2.6792303135217552,0.13625303789065166,0.7161029392061004,0.0
1687566,0.6479680146210928,0.4666666666666666,0.2506288657643218,0.0,1.0
5982520,0.6110078709205788,0.4666666666666666,0.15977015516782647,0.7570424059720867,0.0
5986672,1.1406646825396825,0.7333333333333334,-0.14066468253968256,1.4533333333333334,0.0
5979004,1.2154761904761904,0.43333333333333335,-0.2154761904761905,0.7333333333333334,0.0
3088917,1.185978835978836,0.7333333333333334,-0.18597883597883605,0.0,1.0
5990436,1.043788629692214,0.5666666666666667,-0.2425289574355705,0.07333333333333332,0.0
2286428,1.259077380952381,0.43333333333333335,-0.25907738095238103,0.0,1.0
2992311,0.7853872053872054,0.6,0.21461279461279464,0.0,1.0
2003429,1.2472222222222225,0.5666666666666667,-0.2472222222222222,0.0,1.0
5985903,1.3805555555555555,0.5333333333333333,-0.3805555555555555,1.08,0.0
1520230,0.9035714285714284,0.5,0.09642857142857142,0.0,1.0
1502243,0.7937169312169313,0.5333333333333333,0.2062830687830688,0.0,1.0
2085215,0.9395833333333332,0.5666666666666667,0.060416666666666674,0.0,1.0
1562919,0.9783501683501684,0.43333333333333335,0.02164983164983165,0.0,1.0
5991401,1.107070707070707,0.5333333333333333,-0.1070707070707071,1.393333333333333,0.0
5990514,0.8055555555555555,0.5666666666666668,0.19444444444444445,1.0933333333333333,0.0
5981071,1.4131613756613757,0.6666666666666666,-0.4131613756613757,0.30000000000000004,0.0
5982283,1.1109126984126985,0.5333333333333333,-0.11091269841269842,1.0,0.0
5990023,0.75,0.6666666666666666,0.25,0.44,0.0
5998663,0.4866919191919192,0.7666666666666666,0.5133080808080809,1.12,0.0
1788185,1.1805555555555556,0.5333333333333333,-0.1805555555555556,0.0,1.0
5979315,1.3656084656084655,0.5333333333333333,-0.3656084656084657,0.46,0.0
5992587,0.642550505050505,0.6666666666666666,0.3574494949494949,0.7933333333333333,0.0
5993063,1.4439865689865687,0.6333333333333334,-0.44398656898656896,0.44,0.0
5995491,1.1387917637917635,0.6666666666666666,-0.1387917637917638,0.6666666666666666,0.0
1930935,0.7986111111111112,0.5666666666666665,0.20138888888888887,0.0,1.0
2517760,0.9227777777777776,0.7000000000000001,0.07722222222222222,0.0,1.0
5996388,1.401851851851852,0.5333333333333333,-0.4018518518518519,0.4666666666666666,0.0
5989517,0.9585016835016834,0.6333333333333333,0.04149831649831648,0.7733333333333334,0.0
5984036,1.4022222222222225,0.5,-0.4022222222222223,0.48,0.0
5999016,0.9379960317460316,0.5666666666666668,0.06200396825396825,0.82,0.0
2729369,1.4334573412698417,0.6,-0.4334573412698413,0.0,1.0
5981480,1.4297557997557997,0.6000000000000001,-0.42975579975579975,1.16,0.0
5979908,0.8967261904761905,0.6666666666666666,0.10327380952380953,0.7266666666666666,0.0
5998343,1.3166666666666669,0.6,-0.31666666666666665,0.7799999999999999,0.0
5995243,0.7638888888888891,0.5,0.23611111111111116,0.7866666666666667,0.0
5997943,1.243949763102021,0.4666666666666666,-0.3135717397718755,0.9479285598593991,0.0
2152157,0.6146164021164021,0.7000000000000001,0.3853835978835978,0.0,1.0
2126841,1.0459070014144272,0.7333333333333333,-0.29861798679867985,0.0,1.0
5992254,1.1291819291819294,0.7666666666666666,-0.1291819291819292,1.16,0.0
5989455,0.5,0.6,0.5,1.0266666666666666,0.0
5989607,0.9422619047619047,0.5666666666666667,0.05773809523809523,1.0333333333333332,0.0
5998951,1.5294753086419752,0.5333333333333333,-0.5294753086419753,0.7733333333333333,0.0
5990682,1.1084876543209876,0.5333333333333333,-0.10848765432098767,1.086666666666667,0.0
5990977,1.1213643790849674,0.6666666666666666,-0.12136437908496732,0.6866666666666666,0.0
5994705,0.8148148148148149,0.6999999999999998,0.1851851851851852,0.02,0.0
5995013,1.207936507936508,0.5,-0.20793650793650795,0.4533333333333334,0.0
5979360,1.608531746031746,0.6333333333333333,-0.608531746031746,0.46,0.0
5981230,1.1002380952380952,0.5666666666666668,-0.10023809523809524,1.0733333333333333,0.0
5987898,1.097222222222222,0.6333333333333333,-0.09722222222222222,0.3333333333333333,0.0
5998423,1.6936507936507936,0.5333333333333333,-0.6936507936507937,1.2133333333333334,0.0
5989124,0.7710648148148147,0.6333333333333334,0.2289351851851852,0.6466666666666667,0.0
5982516,1.1638888888888892,0.7000000000000001,-0.1638888888888889,0.5133333333333333,0.0
5982163,0.7701719576719577,0.7000000000000001,0.22982804232804235,0.8866666666666667,0.0
5985854,1.145535714285714,0.5333333333333333,-0.34015632717722605,1.2266666666666668,0.0
5995118,1.116666666666667,0.7000000000000001,-0.11666666666666665,0.8999999999999999,0.0
5995116,1.1424603174603174,0.6,-0.14246031746031748,0.98,0.0
2161871,0.6527777777777778,0.5333333333333333,0.3472222222222221,0.0,1.0
2720718,1.5569444444444445,0.6313737666870078,-0.5569444444444445,0.0,1.0
5998055,1.0138888888888888,0.5333333333333333,-0.01388888888888889,2.0933333333333337,0.0
5985083,1.1275252525252524,0.6666666666666666,-0.1275252525252525,0.4066666666666667,0.0
1810274,1.1121031746031746,0.6666666666666666,-0.1121031746031746,0.0,1.0
5993733,0.93791335978836,0.5666666666666667,0.062086640211640225,0.3800000000000001,0.0
2360246,1.150122549019608,0.7000000000000001,-0.15012254901960784,0.0,1.0
5983168,1.7371380471380469,0.6,-0.7371380471380471,0.6666666666666666,0.0
5997808,1.428174603174603,0.6999999999999998,-0.4281746031746032,1.2333333333333334,0.0
2319848,1.0277777777777777,0.6333333333333333,-0.027777777777777773,0.0,1.0
5993754,1.4234457671957672,0.7000000000000001,-0.4234457671957672,0.5666666666666667,0.0
2523968,1.292550505050505,0.6333333333333334,-0.292550505050505,0.0,1.0
5986533,1.1254493464052289,0.6666666666666666,-0.12544934640522876,0.8866666666666667,0.0
5995698,1.128505291005291,0.5333333333333333,-0.128505291005291,0.37333333333333335,0.0
3220129,1.4357142857142855,0.7000000000000001,-0.4357142857142857,0.0,1.0
5991425,0.9557539682539682,0.5666666666666668,-0.042361111111111134,0.6666666666666666,0.0
2162491,1.5873015873015872,0.5,-0.5873015873015873,0.0,1.0
5992335,1.4163232600732605,0.6333333333333333,-0.41632326007326,1.4400000000000002,0.0
5989164,1.2862103174603174,0.5666666666666667,-0.28621031746031744,0.08666666666666667,0.0
5982905,1.6116181657848323,0.6666666666666666,-0.6116181657848324,0.84,0.0
5998959,1.0825563325563323,0.6,-0.08255633255633255,0.7266666666666667,0.0
5995619,1.1611111111111112,0.5666666666666668,-0.16111111111111112,0.92,0.0
5989810,1.2930555555555554,0.6,-0.2930555555555556,0.8933333333333334,0.0
5991368,1.0055555555555555,0.6333333333333333,-0.005555555555555536,1.68,0.0
2182061,0.8125,0.55,0.1875,0.0,1.0
5988836,1.4646164021164019,0.5333333333333333,-0.4646164021164022,1.1666666666666667,0.0
5999468,1.2497474747474746,0.5666666666666667,-0.24974747474747475,1.2933333333333332,0.0
5998261,1.4275793650793651,0.6666666666666666,-0.4275793650793651,1.1,0.0
5994449,1.5511784511784512,0.6,-0.5511784511784512,0.5933333333333334,0.0
5984985,2.15286633775067,0.6333333333333333,-0.4717644399697553,0.6086875990226615,0.0
5982131,0.6444444444444444,0.6333333333333334,0.3555555555555556,0.5,0.0
5988877,1.1116236772486772,0.4219556394881969,-0.11162367724867726,0.6333333333333333,0.0
5981551,0.9055555555555556,0.6000000000000001,0.09444444444444444,1.1333333333333333,0.0
5994485,0.7822261072261072,0.4666666666666666,0.2177738927738928,0.2333333333333333,0.0
2131491,0.9133597883597884,0.5333333333333333,0.08664021164021164,0.0,1.0
5982971,1.5970899470899471,0.6,-0.597089947089947,0.7799999999999999,0.0
5979470,0.6171296296296296,0.6333333333333333,0.3828703703703704,1.653333333333333,0.0
5981906,0.2847222222222223,0.5333333333333333,0.7152777777777778,0.3533333333333333,0.0
5982694,1.4554563492063493,0.6666666666666666,-0.20040755078732356,0.6266666666666667,0.0
2017911,0.6333333333333333,0.6666666666666666,0.3666666666666667,0.0,1.0
2353874,1.0577380952380953,0.5,-0.05773809523809525,0.0,1.0
5985409,0.8583333333333334,0.5333333333333333,0.14166666666666666,1.1733333333333336,0.0
5995990,1.1146399896399897,0.6333333333333333,-0.11463998963998966,0.7733333333333333,0.0
5994628,0.9814484126984128,0.5666666666666665,0.018551587301587274,1.1,0.0
5982001,0.6068948412698413,0.6333333333333334,0.3931051587301588,0.8466666666666667,0.0
3249892,1.5938161375661375,0.5333333333333333,-0.5938161375661376,0.0,1.0
5998501,0.9164724164724164,0.6,0.0835275835275835,1.18,0.0
2086222,1.0425925925925923,0.4666666666666666,-0.042592592592592585,0.0,1.0
5994509,1.7856206293706294,0.6,-0.7856206293706295,1.46,0.0
5980312,0.8058531746031745,0.4666666666666666,0.1941468253968254,0.5866666666666667,0.0
5982159,0.4236111111111111,0.7333333333333334,0.5763888888888888,0.7866666666666666,0.0
5984697,1.4083333333333332,0.4666666666666666,-0.4083333333333334,0.56,0.0
5983206,1.1976010101010102,0.55,-0.1976010101010101,1.71,0.0
5988955,1.057043650793651,0.5,-0.057043650793650785,1.2466666666666668,0.0
3191920,1.1175505050505052,0.7333333333333334,-0.11755050505050504,0.0,1.0
3441349,1.4177083333333331,0.75,-0.41770833333333335,0.0,1.0
5978536,1.2337962962962965,0.5,-0.2337962962962963,0.7999999999999999,0.0
5979697,8.414475587946331,0.6333333333333333,-0.5716765873015873,1.32,0.0
3156270,0.9361111111111112,0.7666666666666666,0.06388888888888887,0.0,1.0
5980874,1.0833333333333333,0.7333333333333333,-0.08333333333333331,0.7800154467263472,0.0
5983066,0.9542687908496732,0.6666666666666666,0.0457312091503268,0.5133333333333333,0.0
2542852,0.4848290598290598,0.7,0.5151709401709401,0.0,1.0
5980041,0.6508417508417508,0.6666666666666666,0.3491582491582492,1.12,0.0
5993682,1.4726190476190475,0.6,-0.4726190476190477,0.3666666666666667,0.0
2397489,0.4305555555555556,0.6333333333333333,0.5694444444444445,0.0,1.0
5986739,1.2401163564972333,0.6000000000000001,-0.10674603174603174,0.8529913088885467,0.0
1632618,1.1441964285714288,0.6333333333333333,-0.14419642857142856,0.0,1.0
5991153,0.9664814814814814,0.5333333333333333,0.03351851851851852,0.4066666666666667,0.0
5978154,1.0902777777777777,0.5333333333333333,-0.0902777777777778,0.4066666666666667,0.0
2334967,1.1365196078431372,0.5333333333333333,-0.13651960784313727,0.0,1.0
5983833,1.6037698412698411,0.7999999999999999,-0.6037698412698412,1.24,0.0
5987983,1.201984126984127,0.5333333333333333,-0.20198412698412704,1.2333333333333334,0.0
5986308,1.2511904761904764,0.6333333333333333,-0.2511904761904762,1.4,0.0
5988966,7.565265047851255,0.6333333333333333,0.020202020202020218,0.7399999999999999,0.0
2925831,1.5732638888888888,0.6,-0.5732638888888889,0.0,1.0
5988562,0.6443214193214194,0.6333333333333333,0.35567858067858066,0.5933333333333334,0.0
2826233,0.9705723905723904,0.5,0.02942760942760943,0.0,1.0
5984183,1.1244810744810745,0.6045102597537771,-0.12448107448107447,1.106666666666667,0.0
5985821,0.782093253968254,0.6666666666666666,0.217906746031746,0.7799999999999999,0.0
2339591,1.374074074074074,0.5,-0.3740740740740741,0.0,1.0
5983914,0.9761599511599512,0.5,0.023840048840048828,0.8666666666666667,0.0
2713240,1.6916666666666664,0.6333333333333333,-0.6916666666666668,0.0,1.0
5990364,1.8486531986531989,0.6,-0.8486531986531988,1.106666666666667,0.0
5981533,0.9376719576719575,0.6,0.062328042328042316,1.7266666666666666,0.0
2529698,1.4632381507381509,1.1421138772235482,-0.4632381507381507,0.1331861643533818,1.0
5985592,1.0965608465608467,0.43053398211427263,-0.09656084656084657,1.413333333333333,0.0
1923239,1.0895833333333331,0.6666666666666666,-0.08958333333333332,0.0,1.0
3390966,1.7552910052910051,0.5333333333333333,-0.7552910052910052,0.0,1.0
5981450,1.028333333333333,0.5333333333333333,-0.02833333333333334,0.2533333333333333,0.0
3173688,1.508357518943838,0.7333333333333334,-0.2581585081585081,0.0,1.0
2433158,0.8638888888888889,0.5666666666666668,0.1361111111111111,0.0,1.0
5981717,1.2266098484848484,0.45,-0.630971520141956,0.24,0.0
5988676,1.0912037037037037,0.5333333333333333,-0.09120370370370368,0.3533333333333333,0.0
1977081,1.4654003267973856,0.5333333333333333,-0.4654003267973856,0.0,1.0
3343492,1.4265873015873016,0.5,-0.4265873015873016,0.0,1.0
5993203,0.971153846153846,0.55,0.028846153846153823,1.41,0.0
5990986,1.3072099673202615,0.6666666666666666,-0.30720996732026146,1.846666666666667,0.0
5992168,0.7728174603174603,0.5,0.2271825396825397,0.26666666666666666,0.0
5980218,0.8164578477078477,0.7000000000000001,0.1835421522921523,1.1333333333333333,0.0
2908546,1.1286195286195284,0.5666666666666668,-0.1286195286195286,0.0,1.0
2970843,3.5985786991062563,0.5666666666666667,0.06597222222222221,0.0,1.0
5993508,0.4421296296296296,0.7000000000000001,0.5578703703703703,0.58,0.0
5994620,0.9333333333333332,4.505684210526316,0.0666666666666667,0.20666666666666667,0.0
5986299,1.2701048951048952,0.5666666666666668,-0.2701048951048951,0.4933333333333334,0.0
5987889,1.4364219114219114,0.5333333333333333,-0.43642191142191145,1.5533333333333337,0.0
5998401,0.5916666666666667,0.8000000000000002,0.4083333333333334,0.26666666666666666,0.0
5986632,1.3010984848484848,0.6333333333333333,-0.30109848484848484,0.54,0.0
2011138,1.5636111111111108,0.6333333333333333,-0.5636111111111112,0.0,1.0
2234409,0.8646857990210292,0.6,-0.1092709879677852,0.0,1.0
5979664,0.6556369556369557,0.5333333333333333,0.3443630443630443,1.913333333333333,0.0
5998560,0.9496632996632997,0.43333333333333335,0.05033670033670037,1.4733333333333334,0.0
3128836,1.1477182539682542,0.6666666666666666,-0.14771825396825394,0.0,1.0
5983978,1.4140873015873014,0.6333333333333333,-0.4140873015873016,0.4,0.0
3416564,0.9168320105820106,0.4666666666666666,0.08316798941798942,0.0,1.0
5987543,1.6873015873015873,0.6,-0.6873015873015872,0.5133333333333333,0.0
5993579,1.5712121212121213,0.5333333333333333,-0.5712121212121213,0.58,0.0
5988752,0.9413888888888888,0.6333333333333333,0.058611111111111065,1.14,0.0
5982978,0.8108251633986928,0.6333333333333334,0.1891748366013072,0.94,0.0
1744353,1.1481150793650794,0.6,-0.14811507936507934,0.0,1.0
5984583,1.2694444444444446,0.6333333333333333,-0.26944444444444443,0.84,0.0
5984805,0.9775392817059484,0.5666666666666667,0.02246071829405157,0.08,0.0
5991018,0.7583333333333333,0.5666666666666667,0.2416666666666667,1.72,0.0
1790739,1.0546296296296296,0.5333333333333333,-0.05462962962962964,0.0,1.0
3342556,1.442046957671958,0.5333333333333333,-0.4420469576719577,0.0,1.0
5987834,1.464351851851852,0.6333333333333334,-0.4643518518518519,0.4933333333333334,0.0
3420158,1.103174603174603,0.6666666666666666,-0.10317460317460317,0.0,1.0
5991795,1.5787301587301588,0.7666666666666666,-0.5787301587301587,0.6533333333333333,0.0
5997858,0.8869047619047619,0.6333333333333333,0.1130952380952381,0.6133333333333333,0.0
5990384,1.6408730158730158,0.6,-0.6408730158730159,0.52,0.0
1560384,1.4235119047619047,0.5666666666666667,-0.4235119047619048,0.0,1.0
5988560,1.0719095065562458,0.7000000000000001,-0.4138888888888889,0.44,0.0
5983583,1.0484126984126985,0.8000000000000002,-0.04841269841269843,1.5399999999999998,0.0
5980176,1.3583333333333334,0.7333333333333334,-0.3583333333333334,0.24,0.0
5989721,1.270436507936508,0.5666666666666667,-0.2704365079365079,1.1866666666666668,0.0
5986060,1.6019841269841268,0.43333333333333335,-0.6019841269841271,0.4733333333333333,0.0
3370781,0.9697390572390572,0.4595471866991204,0.030260942760942763,0.0,1.0
5979428,1.4662004662004662,0.6,-0.4662004662004662,0.9266666666666667,0.0
5986972,1.5752272727272727,0.5666666666666667,-0.5752272727272727,1.0733333333333333,0.0
5981550,1.4207451499118164,0.5666666666666667,-0.4207451499118166,1.28,0.0
5987013,1.2764652014652016,0.6666666666666666,-0.27646520146520154,0.7266666666666666,0.0
5983843,1.2812996031746031,0.6999999999999998,-0.2812996031746032,1.12,0.0
5992530,1.4171626984126984,0.6000000000000001,-0.4171626984126984,1.84,0.0
5989702,0.9166666666666666,0.4333333333333333,0.08333333333333333,1.5408625619680896,0.0
5994677,1.9517676767676768,0.6333333333333334,-0.9517676767676768,0.6266666666666667,0.0
5981391,1.72771164021164,0.5,-0.7277116402116403,0.88,0.0
1674162,1.2647671568627452,0.5,-0.2647671568627451,0.0,1.0
2283715,1.2786243386243388,0.6333333333333334,-0.2786243386243386,0.0,1.0
5983595,1.9585470085470085,0.6000000000000001,-0.9585470085470086,0.27,0.0
5989354,0.8226245915032679,0.6333333333333333,0.17737540849673206,0.7333333333333334,0.0
5997154,1.3112423687423689,0.5682349422388904,-0.3112423687423688,0.6333333333333333,0.0
5984575,1.181388888888889,0.3349659347299014,-0.1813888888888889,1.0799999999999998,0.0
5999429,0.6749999999999999,0.4000000000000001,0.3904905451277084,0.4933333333333334,0.0
5978918,0.9463235294117648,0.7,0.05367647058823527,0.38,0.0
2484705,0.7647222222222222,0.5333333333333333,0.23527777777777775,0.0,1.0
1909825,1.1312037037037035,0.7000000000000001,-0.13120370370370368,0.0,1.0
5998706,0.9361111111111112,0.6,0.06388888888888887,0.36666666666666653,0.0
5980496,0.7650392817059483,0.6,0.2349607182940516,0.5733333333333334,0.0
2831274,1.3412698412698412,0.4994617453701124,-0.3412698412698412,0.0,1.0
5985044,1.4611693861693862,0.5333333333333333,-0.4611693861693862,1.0,0.0
5992201,1.8829365079365081,0.43333333333333335,-0.8829365079365079,0.7000000000000001,0.0
5996486,1.2880647130647132,0.5666666666666665,-0.28806471306471304,0.56,0.0
5995792,0.8071835571835573,0.6333333333333334,0.1928164428164428,0.3,0.0
5987587,0.4453703703703704,0.7000000000000001,0.5546296296296296,1.1933333333333334,0.0
5987069,0.976892551892552,0.4666666666666666,0.023107448107448136,1.4333333333333331,0.0
5978101,0.8712087388821864,0.5666666666666665,-0.1663872104960613,0.8634965423601826,0.0
5986491,1.2569444444444444,0.7333333333333334,-0.2803108822098565,0.7466666666666667,0.0
3175065,1.1118055555555555,0.5666666666666668,-0.11180555555555556,0.0,1.0
5997714,1.4357808857808856,0.4666666666666666,-0.4357808857808858,0.8066666666666666,0.0
5997075,1.074404761904762,0.5,-0.0744047619047619,1.1133333333333335,0.0
5991596,1.2952651515151514,0.7666666666666666,-0.2952651515151515,0.8666666666666667,0.0
5993593,1.932066993464052,0.7666666666666666,-0.9320669934640524,0.3866666666666667,0.0
1918333,0.9184343434343436,0.6,0.08156565656565656,0.0,1.0
2967896,1.7837962962962963,3.8617194080277897,-0.7837962962962962,0.0,1.0
5979526,0.8051178451178451,1.4453890329656411,0.19488215488215488,0.6866666666666666,0.0
5996999,1.2564153439153438,0.5300829147286233,-1.1192771711428426,1.0533333333333337,0.0
5991048,1.5476190476190477,0.5,-0.5476190476190476,0.96,0.0
2208917,0.9791666666666666,0.5666666666666668,0.02083333333333333,0.0,1.0
5980128,0.7861955682580603,0.6333333333333334,-0.07497184761768362,0.1818498478765077,0.0
2090687,1.4689393939393938,0.6333333333333333,-0.4689393939393939,0.0,1.0
5981067,1.3194444444444444,0.5333333333333333,-0.3194444444444445,0.5933333333333334,0.0
1621379,1.1305555555555555,0.4666666666666666,-0.13055555555555556,0.0,1.0
3359963,1.1315323565323565,0.6,-0.13153235653235654,0.0,1.0
5985636,1.2824404761904762,0.5851464265071517,-0.2824404761904762,0.9533333333333336,0.0
5995819,1.1191468253968253,0.5666666666666668,-0.34168095653800584,1.1466666666666665,0.0
5984839,1.0938888888888891,0.5666666666666668,-0.0938888888888889,0.9466666666666668,0.0
5986190,1.3646825396825395,0.6333333333333333,-0.3646825396825397,0.13333333333333333,0.0
3069732,1.1777777777777778,0.6666666666666666,-0.17777777777777778,0.0,1.0
5982044,1.2361111111111112,0.5,-0.23611111111111116,1.6733333333333336,0.0
5994128,1.148452380952381,0.6646416661807579,-0.14845238095238095,0.3133333333333333,0.0
5988927,0.953493265993266,0.6333333333333333,0.04650673400673399,1.593333333333333,0.0
5989574,1.5553439153439153,0.6333333333333334,-0.5553439153439154,0.7399999999999999,0.0
5981167,0.8038745590828924,0.5666666666666665,0.1961254409171076,0.7266666666666667,0.0
5997506,1.5812169312169313,0.6333333333333333,-0.5812169312169312,0.98,0.0
5995451,0.9717452300785632,0.7333333333333334,0.028254769921436586,0.6466666666666666,0.0
5995435,1.2515873015873016,0.7000000000000001,-0.2515873015873016,0.9333333333333332,0.0
2800681,1.0277777777777777,0.6,-0.027777777777777773,0.0,1.0
2570301,1.1388888888888886,0.6666666666666666,-0.13888888888888887,0.0,1.0
5994473,1.26489898989899,0.6,-0.2648989898989899,0.37333333333333335,0.0
5988114,1.3062118437118435,0.6,-0.3062118437118437,0.6533333333333333,0.0
5995581,1.640654761904762,0.7666666666666666,-0.6406547619047619,1.0,0.0
2509367,1.463095238095238,0.5333333333333333,-0.4630952380952381,0.0,1.0
1651987,1.1439865689865691,0.3721010052566333,-0.143986568986569,0.0,1.0
5995966,0.9569444444444444,0.5,0.04305555555555555,1.5066666666666666,0.0
5994941,1.3119281045751634,0.7000000000000001,-0.3119281045751634,0.4,0.0
5983849,0.4827160493827161,0.6333333333333333,0.5172839506172839,0.9466666666666668,0.0
5995215,1.4055555555555557,0.6666666666666666,-0.4055555555555555,1.12,0.0
3314925,1.15,0.5333333333333333,-0.15,0.0,1.0
5996601,0.6555708180708181,0.43333333333333335,0.34442918192918204,0.64,0.0
2298517,1.1861111111111111,0.5666666666666665,-0.18611111111111112,0.0,1.0
5978407,0.9591071428571428,0.6333333333333333,0.04089285714285714,0.9587533480799324,0.0
5995613,0.6541258169934641,0.5333333333333333,0.34587418300653594,0.5666666666666667,0.0
5983449,1.2529623154623153,0.6,-0.25296231546231546,0.5133333333333333,0.0
5986156,0.6360801308827625,0.6666666666666666,0.5245436507936508,0.62,0.0
5986539,0.9159932659932659,0.6666666666666666,0.08400673400673403,1.0733333333333337,0.0
5988128,1.6200793650793652,0.43333333333333335,-0.6200793650793651,0.3333333333333333,0.0
2414568,1.412626262626263,0.5333333333333333,-0.4126262626262626,0.0,1.0
5980285,1.664437134502924,0.5666666666666668,0.13968253968253969,0.7999999999999999,0.0
2774305,0.8416666666666668,0.5,0.15833333333333333,0.0,1.0
5979609,1.5027777777777775,0.5333333333333333,-0.5027777777777778,0.38666666666666666,0.0
2882899,0.6875,0.5666666666666668,0.3125,0.0,1.0
2923428,1.9374183006535948,0.6333333333333333,-0.9374183006535948,0.0,1.0
5991241,0.9767676767676768,0.5333333333333333,-0.2429273900275717,0.8333333333333334,0.0
5984743,1.1438644688644688,0.6666666666666666,-0.14386446886446888,1.18,0.0
2687478,1.7894383394383395,0.7000000000000001,-0.7894383394383394,0.0,1.0
5991809,1.1104377104377103,0.6333333333333333,-0.11043771043771043,0.07333333333333332,0.0
3196667,1.7719405594405595,0.7000000000000001,-0.7719405594405595,0.0,1.0
5992492,1.307936507936508,0.5333333333333333,-0.3079365079365079,0.7999999999999999,0.0
5983358,0.75,0.6333333333333333,0.4624703780036898,0.5,0.0
5997461,0.9748316498316498,0.5,-0.35154239105276724,1.2466666666666666,0.0
5980204,1.1184854497354495,0.5016131269409319,-0.11848544973544975,1.4,0.0
5997191,1.3611111111111107,0.7000000000000001,-0.3611111111111111,0.15333333333333335,0.0
5981043,1.363095238095238,0.43333333333333335,-0.3630952380952381,1.1,0.0
2545602,1.4163232600732605,0.5,-0.41632326007326,0.0,1.0
5983103,1.2708333333333333,0.4333333333333333,-0.2708333333333333,1.3333333333333333,0.0
2264892,1.1502043769283377,0.5333333333333333,-0.4523259398707545,0.0,1.0
5996282,1.5964646464646464,0.5,-0.5964646464646465,0.9466666666666668,0.0
5986837,1.5976851851851854,0.6,-0.5976851851851852,0.5066666666666666,0.0
1838592,0.6290674603174603,0.5666666666666667,0.3709325396825397,0.0,1.0
5994490,1.7581313131313132,0.6,-0.7581313131313131,1.1733333333333336,0.0
5996216,1.027777777777778,0.5666666666666667,-0.02777777777777779,1.7533333333333332,0.0
5991139,1.5829448329448332,0.4666666666666666,-0.5829448329448329,0.5800000000000001,0.0
5999408,0.9840964590964592,0.6,0.015903540903540885,0.8866666666666667,0.0
5990145,1.1133692696192696,0.7000000000000001,-0.11336926961926964,1.0266666666666666,0.0
5984782,0.8333333333333334,0.5666666666666668,0.16666666666666666,1.22,0.0
5997777,1.266971916971917,0.7000000000000001,-0.26697191697191697,1.4333333333333331,0.0
5980703,0.946885521885522,0.6,0.05311447811447808,1.653333333333333,0.0
5997710,27.07108206895029,0.5666666666666668,-0.2111111111111111,1.68,0.0
5987629,1.45497557997558,0.6,-0.45497557997558,1.0266666666666666,0.0
5991587,7.015846648253036,0.7333333333333334,-0.5880291005291005,0.66,0.0
3186853,1.2828282828282829,0.5,-0.2828282828282828,0.0,1.0
5980832,1.45645342312009,0.5333333333333333,-0.4564534231200898,0.86,0.0
5990100,1.0198412698412698,0.7333333333333334,-0.019841269841269844,0.7333333333333334,0.0
5984828,1.2778540903540905,0.6666666666666666,-0.2778540903540904,0.64,0.0
5993495,1.2448653198653201,0.6666666666666666,-0.2448653198653199,0.43333333333333335,0.0
5987396,1.2787037037037037,0.9119660981138326,-0.2787037037037037,0.9533333333333336,0.0
5985176,1.4109722222222219,0.6666666666666666,-0.41097222222222224,0.18666666666666668,0.0
3062803,1.1455853174603174,0.6999999999999998,-0.14558531746031747,0.0,1.0
5983512,1.1666666666666667,0.6,-0.16666666666666666,0.5533333333333333,0.0
5991224,0.7936507936507936,0.5666666666666668,0.2063492063492063,0.34,0.0
5982399,0.9765151515151516,0.6666666666666666,-0.17948332849373902,0.9133333333333334,0.0
5996590,0.3888888888888888,0.7000000000000001,0.6111111111111109,1.7266666666666666,0.0
5987248,0.923989898989899,0.6666666666666666,0.07601010101010101,0.54,0.0
1931206,0.7947191697191697,0.5666666666666668,0.20528083028083025,0.0,1.0
5997547,1.2836309523809524,0.5333333333333333,-0.2836309523809524,1.1466666666666667,0.0
1988257,1.2444444444444442,0.6333333333333334,-0.2444444444444445,0.0,1.0
1545334,1.1235690235690237,0.649606524101594,-0.12356902356902355,0.0,1.0
1799886,0.7894444444444444,0.7333333333333334,0.21055555555555552,0.0,1.0
5996203,1.5844988344988344,0.5666666666666668,-0.5844988344988346,0.24,0.0
5997937,1.227777777777778,0.5333333333333333,-0.22777777777777775,0.7666666666666666,0.0
3395536,1.0027777777777778,0.5666666666666668,-0.002777777777777768,0.0,1.0
1526808,1.271660052910053,0.6666666666666666,-0.2716600529100529,0.0,1.0
5988053,1.2166666666666666,0.5,-0.21666666666666667,1.913333333333333,0.0
5989786,1.4368386243386244,0.4666666666666666,-0.4368386243386244,0.6466666666666666,0.0
2273721,1.4386904761904757,0.5,-0.4386904761904762,0.0,1.0
5984876,1.110515873015873,0.9137584151559368,-0.1710469809724552,1.36,0.0
5998624,0.8057539682539683,0.6333333333333333,0.19424603174603172,0.4266666666666667,0.0
5992288,0.9515151515151516,0.6666666666666666,0.048484848484848464,1.0199999999999998,0.0
5997857,0.8166666666666668,0.7666666666666666,0.18333333333333326,0.9866666666666668,0.0
3298510,0.78260582010582,0.6333333333333334,0.21739417989417986,0.0,1.0
3431718,1.1386160714285716,0.6666666666666666,-0.13861607142857146,0.0,1.0
2201907,0.8943452380952381,0.5666666666666667,0.1056547619047619,0.0,1.0
5978044,1.5325396825396824,0.6333333333333333,-0.5325396825396825,1.6333333333333335,0.0
5983556,0.7887205387205386,0.6333333333333334,0.21127946127946126,0.9733333333333332,0.0
5992017,0.7604166666666666,0.4666666666666666,0.2395833333333333,0.9266666666666667,0.0
5980366,0.6364309764309765,0.5333333333333333,0.3635690235690236,0.8533333333333334,0.0
2106825,0.9647727272727272,0.7000000000000001,0.03522727272727274,0.0,1.0
2863876,1.1944444444444444,7.129441893016787,-0.1944444444444444,0.0,1.0
5992665,0.7055555555555556,0.7333333333333334,0.2944444444444445,1.2066666666666668,0.0
5980935,1.2167989417989418,0.5666666666666668,-0.2167989417989418,1.6866666666666668,0.0
5989043,0.6348677248677248,0.4976125998769572,0.3651322751322752,1.2,0.0
5996880,0.9723137973137972,0.5333333333333333,0.12522312093451468,0.92,0.0
1775150,1.5455250719503282,0.6,-0.6357199738817,0.0,1.0
5999536,1.4629578754578754,0.5,-0.5052872074928574,0.6933333333333334,0.0
1854746,1.5876984126984126,0.6333333333333333,-0.5876984126984127,0.0,1.0
5979289,1.083166772270865,0.5107029773028903,-0.2475579975579976,0.6,0.0
5978894,1.6184981684981687,0.6,-0.6184981684981685,0.5733333333333334,0.0
5986679,0.9988597483446224,0.6000000000000001,0.09637628317357612,0.8618789526510171,0.0
5982470,1.6861111111111111,0.6,-0.6861111111111112,1.3199999999999998,0.0
2625577,0.6472222222222221,0.6666666666666666,0.3527777777777778,0.0,1.0
1553971,0.7930555555555555,0.5666666666666668,0.2069444444444445,0.0,1.0
5984144,1.62480574980575,0.4666666666666666,-0.5827289999800424,0.9133333333333334,0.0
3190002,1.0722222222222222,0.7000000000000001,-0.07222222222222223,0.0,1.0
5996016,1.0805555555555555,0.7333333333333334,-0.08055555555555556,0.4066666666666667,0.0
5979494,1.4346230158730158,0.7333333333333334,-0.4346230158730158,0.7666666666666666,0.0
1897712,0.9547979797979798,0.6,0.045202020202020216,0.0,1.0
5991529,1.41781045751634,0.5333333333333333,-0.4178104575163399,0.8533333333333334,0.0
1785617,1.1910052910052908,0.5333333333333333,-0.19100529100529096,0.0,1.0
5984549,0.9385582010582012,0.5695036096489529,0.06144179894179892,0.3933333333333333,0.0
5998355,0.7999007936507936,0.5666666666666668,0.20009920634920636,0.8266666666666667,0.0
5984746,0.8111111111111112,0.4666666666666666,0.18888888888888888,0.2866666666666667,0.0
5981578,1.4872222222222218,0.6333333333333333,-0.4872222222222223,0.12,0.0
5978463,1.5997023809523807,0.6333333333333333,-0.5997023809523809,1.0666666666666669,0.0
5983567,1.1833333333333331,0.6999999999999998,-0.18333333333333332,0.4933333333333334,0.0
2811899,1.2896464646464647,0.7000000000000001,-0.28964646464646465,0.0,1.0
5999137,1.7483211233211235,0.6999999999999998,-0.6731933455433455,0.2333333333333333,0.0
5992635,1.1028439153439151,0.6333333333333333,-0.10284391534391532,0.96,0.0
2735249,1.278968253968254,0.5666666666666668,-0.2789682539682539,0.0,1.0
5984532,0.7952020202020202,0.5666666666666668,0.20479797979797984,1.72,0.0
2373569,1.6275579975579977,0.6666666666666666,-0.6275579975579976,0.0,1.0
5979705,0.7906288156288156,0.6333333333333334,0.2093711843711844,0.7399999999999999,0.0
5996641,1.2732308201058202,0.5,-0.2732308201058201,0.7000000000000001,0.0
5992969,1.1962962962962964,0.5666666666666668,-0.1962962962962963,1.3066666666666666,0.0
5998836,1.6207856341189677,0.6,-0.6207856341189675,0.8933333333333334,0.0
5986506,1.145177045177045,0.7000000000000001,-0.14517704517704516,0.6866666666666666,0.0
2672998,1.2701243201243202,0.5,-0.2701243201243201,0.0,1.0
5980685,1.6034391534391534,0.5,-0.6368640982680108,0.38666666666666666,0.0
5983632,1.6098765432098767,0.6333333333333333,-0.6098765432098765,0.9533333333333336,0.0
5981171,0.7942019400352733,0.4088375777988677,-0.00043846574008264233,0.32666666666666666,0.0
2879217,0.8387487613788774,0.6,-0.1536414248103653,0.0,1.0
2251017,1.2777777777777777,0.7666666666666666,-0.2777777777777777,0.0,1.0
5994645,1.4744200244200245,0.5333333333333333,-0.4744200244200245,1.66,0.0
5978366,1.7599867724867722,0.5333333333333333,-0.7599867724867725,1.1333333333333335,0.0
5997349,1.2656565656565657,0.5333333333333333,-0.26565656565656565,0.2333333333333333,0.0
5996784,1.3650793650793651,0.7000000000000001,-0.36507936507936506,0.6666666666666666,0.0
1983551,1.2785307285307284,0.5666666666666667,-0.2785307285307286,0.0,1.0
5997378,1.1362794612794611,0.7000000000000001,-0.1362794612794613,0.14,0.0
5982242,0.6888888888888888,0.7333333333333334,0.3111111111111111,1.2266666666666668,0.0
5991523,1.4219696969696969,0.5,-0.42196969696969694,0.25999999999999995,0.0
5990024,1.9540441176470589,0.6000000000000001,-0.9540441176470588,0.21,0.0
2470545,1.4135521885521884,0.5666666666666668,-0.4135521885521886,0.0,1.0
5994018,1.1074074074074074,0.4666666666666666,-0.1074074074074074,0.7733333333333333,0.0
5997225,1.4083638583638585,0.6666666666666666,-0.4083638583638584,0.96,0.0
5981081,0.4722222222222223,0.6999999999999998,0.2023213725237828,0.4663015424634706,0.0
2802372,1.0853174603174602,0.5666666666666668,-0.0853174603174603,0.0,1.0
5978934,1.2583333333333335,0.5333333333333333,-0.2583333333333333,0.92,0.0
2616827,1.2481481481481482,0.6275177794063568,-0.2481481481481481,0.0,1.0
5982008,1.3028156565656566,0.5666666666666665,-0.30281565656565657,0.5,0.0
5983763,1.2833333333333334,0.6333333333333333,-0.2833333333333333,0.32,0.0
5997679,0.9560751748251748,0.5,0.043924825174825176,1.0266666666666666,0.0
5985678,0.7763888888888889,0.5666666666666665,0.22361111111111112,0.7666666666666666,0.0
5989262,0.8904267692168664,0.5666666666666667,-0.05918030520532536,0.6430411716282824,0.0
5994477,1.7659391534391533,0.6,-0.7659391534391534,0.54,0.0
5982052,1.2655303030303031,0.6000000000000001,-0.265530303030303,0.84,0.0
5981986,0.9665674603174604,0.6333333333333334,0.033432539682539675,1.153333333333333,0.0
5987275,0.975214947089947,0.6,0.024785052910052917,0.32,0.0
5994271,1.296957671957672,0.5,-0.2969576719576719,0.16,0.0
5983428,1.5169406959309242,0.4666666666666666,-0.5397419988625201,0.5533333333333333,0.0
5981938,1.1166666666666667,0.7333333333333334,-0.11666666666666665,0.54,0.0
1666620,1.6228179228179231,0.7666666666666666,-0.6228179228179228,0.0,1.0
5978684,1.3166666666666669,0.6831876353506114,-0.31666666666666665,1.7266666666666666,0.0
5986849,1.2791819291819293,0.6333333333333333,-0.2791819291819292,0.8133333333333334,0.0
5982329,0.7055555555555556,0.7000000000000001,0.2944444444444445,0.5266666666666667,0.0
5992302,1.4316137566137568,0.7333333333333334,-0.4316137566137566,0.8933333333333332,0.0
5993658,0.9567791005291004,0.5666666666666667,0.043220899470899465,1.1666666666666667,0.0
5999158,0.8085673585673585,0.5,0.1914326414326414,0.22,0.0
5994984,0.2981481481481481,0.6666666666666666,0.7018518518518518,0.64,0.0
3411616,1.5638888888888889,0.5,-0.5638888888888888,0.0,1.0
2019655,0.6481481481481481,0.5,0.35185185185185186,0.0,1.0
1678825,0.7990231990231991,0.6333333333333333,0.20097680097680093,0.0,1.0
5980902,1.4346560846560843,0.6,-0.4346560846560847,0.7600000000000001,0.0
3164130,1.25,0.6666666666666666,-0.25,0.0,1.0
1648300,0.9166666666666666,0.7000000000000001,0.08333333333333333,0.0,1.0
5989828,0.44166666666666665,0.6,0.5583333333333335,0.94,0.0
5989560,1.6167055167055169,0.5666666666666665,-0.6167055167055168,0.5599999999999999,0.0
5980649,1.193425925925926,0.6333333333333333,-0.1934259259259259,1.4666666666666668,0.0
2865667,1.1324900793650794,0.6333333333333334,-0.13249007936507934,0.0,1.0
5996686,1.1334876543209875,0.5333333333333333,-0.13348765432098764,0.8933333333333332,0.0
5984848,1.028333333333333,0.5333333333333333,-0.028333333333333325,0.7666666666666666,0.0
5983313,1.3842592592592593,0.6666666666666666,-0.3842592592592592,0.13333333333333333,0.0
5995473,1.1246632996632997,0.5666666666666667,-0.12466329966329966,0.32666666666666666,0.0
2363245,1.1094949494949495,0.6,-0.10949494949494948,0.0,1.0
5992071,1.3027777777777778,0.6333333333333334,-0.30277777777777776,1.54,0.0
5986759,0.7731481481481483,0.5333333333333333,0.22685185185185186,0.7533333333333334,0.0
5991282,3.781701022289257,0.5,0.2430555555555556,0.98,0.0
5980049,1.0813492063492065,0.5333333333333333,-0.08134920634920635,0.9533333333333333,0.0
5992989,1.003989419578024,0.5086490067950796,-0.2437661072135181,0.7799999999999999,0.0
2635627,1.7347374847374848,0.4666666666666666,-0.6414345045697811,0.0,1.0
5995577,0.6749999999999999,0.5666666666666668,0.325,0.4933333333333334,0.0
5996647,0.4840659340659341,0.6333333333333333,0.5159340659340659,1.2666666666666666,0.0
5979061,1.4217460317460315,0.6666666666666666,-0.42174603174603176,0.52,0.0
5999095,0.8087261503928169,0.5666666666666665,0.19127384960718294,0.4933333333333334,0.0
5980462,1.1131051587301588,0.5333333333333333,-0.11310515873015872,0.6666666666666666,0.0
5990887,1.7266865079365081,0.5,-0.7266865079365079,1.0066666666666666,0.0
5988022,0.6380708180708181,0.7000000000000001,0.3619291819291819,1.346666666666667,0.0
1738951,1.097222222222222,0.6333333333333333,-0.09722222222222222,0.0,1.0
5993758,1.4533068783068783,0.5671623869826831,-0.4533068783068783,1.0666666666666669,0.0
5979453,1.7450757575757576,0.6999999999999998,-0.7450757575757576,0.8466666666666667,0.0
5982302,0.9797222222222222,0.5,0.020277777777777783,0.34,0.0
5989618,1.143131313131313,0.6333333333333334,-0.14313131313131314,0.6,0.0
1530029,0.9446275946275948,0.43333333333333335,0.055372405372405384,0.0,1.0
5981618,1.3654761904761905,0.6,-0.3654761904761905,0.9,0.0
5992983,1.415,0.7333333333333334,-0.415,0.04,0.0
2702088,1.4628663003663005,0.6333333333333333,-0.4628663003663003,0.0,1.0
2318245,1.5913364413364413,0.4588375091336478,-0.5913364413364414,0.0,1.0
2807481,0.648733660130719,0.6,0.35126633986928096,0.0,1.0
5987098,1.5611111111111107,0.7000000000000001,-0.5611111111111111,1.4057680475388807,0.0
5987608,1.1408501221001222,0.6,-0.14085012210012213,0.6866666666666666,0.0
5991543,0.964398148148148,0.7333333333333333,0.035601851851851864,0.9866666666666668,0.0
1835900,1.5412698412698411,0.5333333333333333,-0.5412698412698412,0.0,1.0
5999021,0.8009920634920634,0.4666666666666666,0.19900793650793652,0.10666666666666667,0.0
5990876,1.273905723905724,0.5333333333333333,-0.2739057239057239,0.32666666666666666,0.0
5993009,1.050105271659426,0.4192721049730479,-0.06467186740854731,0.7539589513023666,0.0
5982415,1.2576388888888892,0.6,-0.2576388888888889,0.32666666666666666,0.0
5978447,1.2335648148148148,0.43333333333333335,-0.2335648148148148,1.1333333333333335,0.0
5999348,0.9462962962962964,0.4248448308957191,0.05370370370370372,0.4533333333333333,0.0
5981918,3.790683486976347,0.6,-0.6068562610229277,0.6266666666666666,0.0
5984783,1.1126984126984123,0.6333333333333333,-0.1126984126984127,0.4933333333333334,0.0
5988069,1.7516161616161616,0.6,-0.7516161616161616,0.66,0.0
1637815,0.9261574074074074,0.6333333333333333,0.1407962348159797,0.0,1.0
5982844,0.7660269360269361,0.5333333333333333,0.233973063973064,1.22,0.0
5983035,1.1222222222222222,0.3165478036726165,-0.12222222222222225,0.20666666666666667,0.0
5978250,1.6964285714285714,0.6,-0.6964285714285715,0.32666666666666666,0.0
5994213,1.297781847781848,0.5,-0.2977818477818478,1.1,0.0
2978507,1.4732539682539685,0.6,-0.4732539682539682,0.0,1.0
1983032,1.6313492063492063,0.6666666666666666,-0.6313492063492063,0.0,1.0
5983968,1.1288800705467372,0.6333333333333333,-0.12888007054673722,0.30666666666666664,0.0
5987529,0.6431818181818182,0.5333333333333333,0.35681818181818176,1.1133333333333333,0.0
5993741,1.4215277777777775,0.5333333333333333,-0.4215277777777777,1.3335918638545952,0.0
2980439,1.2742035742035742,0.6666666666666666,-0.2742035742035742,0.0,1.0
1877405,1.1280525030525028,0.5666666666666668,-0.12805250305250307,0.0,1.0
5982928,1.4638071895424838,0.6333333333333333,-0.4638071895424837,0.7400000000000001,0.0
5996965,0.5777777777777777,0.6333333333333333,0.4222222222222222,1.846666666666667,0.0
5979830,1.139875864875865,0.6333333333333333,-0.1398758648758649,1.1466666666666667,0.0
5988709,0.9412037037037037,0.7333333333333334,0.05879629629629628,0.19333333333333333,0.0
5980157,1.4638888888888888,0.7333333333333334,-0.463888888888889,0.62,0.0
5997773,0.6386408730158729,0.7000000000000001,0.36135912698412703,0.4666666666666666,0.0
2961512,1.4375,0.6499999999999999,-0.4375,0.0,1.0
3436849,1.4157828282828282,0.6333333333333334,-0.4157828282828284,0.0,1.0
5989725,0.5833333333333334,0.6,0.4166666666666667,0.4,0.0
5980745,1.6381022785980368,0.7333333333333334,-0.0861111111111111,0.58,0.0
1702877,0.9783210784313726,0.6333333333333333,0.021678921568627458,0.0,1.0
5988973,0.9632936507936508,0.6666666666666666,0.03670634920634919,0.9333333333333336,0.0
5991956,0.6581781045751635,0.6333333333333334,0.3418218954248366,0.6533333333333333,0.0
5998886,1.0341269841269842,0.35830909909845593,-0.03412698412698415,0.2,0.0
5993694,1.2959147334147334,0.43333333333333335,-0.2959147334147334,1.0466666666666666,0.0
5983829,1.4438988095238094,0.6333333333333334,-0.4438988095238095,0.5933333333333334,0.0
5997227,1.1820105820105822,0.5666666666666665,-0.18201058201058204,0.82,0.0
5999008,1.1234477124183009,0.5,-0.12344771241830065,0.7200000000000001,0.0
5982174,1.6003968253968253,0.5333333333333333,-0.6003968253968254,0.3333333333333333,0.0
5987777,1.6186868686868687,0.4666666666666666,-0.6186868686868686,1.3533333333333335,0.0
5979243,0.973905723905724,0.5666666666666667,0.026094276094276097,0.66,0.0
5983213,0.9751984126984128,0.6666666666666666,0.024801587301587286,0.3800000000000001,0.0
5986647,1.1575,0.8,-0.1575,0.6799999999999999,0.0
5979408,1.393333333333333,0.6333333333333333,-0.39333333333333337,0.9266666666666667,0.0
2280658,1.553968253968254,0.6,-0.553968253968254,0.0,1.0
1958665,0.4773809523809524,0.45,0.5226190476190475,0.0,1.0
1890412,1.460606060606061,0.4000000000000001,-0.1974071535922747,0.0,1.0
5981134,1.213425925925926,0.6666666666666666,-0.2134259259259259,1.1933333333333334,0.0
1655453,0.7666666666666667,0.7666666666666666,0.2333333333333333,0.0,1.0
5989870,1.1001543209876543,0.6666666666666666,-0.10015432098765432,1.2733333333333332,0.0
1795594,0.9576388888888888,0.65,0.04236111111111111,0.0,1.0
5982240,0.9194444444444444,0.6666666666666666,0.08055555555555556,1.26,0.0
5994682,1.646030792817451,0.6666666666666666,-0.5691724808082662,1.6086376402247222,0.0
5979666,0.9810592185592184,0.6,0.018940781440781432,0.30000000000000004,0.0
2855321,1.2666170634920637,0.7000000000000001,-0.2666170634920635,0.0,1.0
5985215,1.4333333333333331,0.5666666666666667,-0.43333333333333335,0.6133333333333334,0.0
1661588,1.1296398420479303,0.5,-0.1296398420479303,0.0,1.0
5980474,0.9674382716049382,0.6,-0.15402980974024774,0.5399999999999999,0.0
1701380,1.4040778481793572,0.7000000000000001,0.5833333333333334,0.0,1.0
3405409,1.8104194674849308,0.6,-0.8877485518146271,0.0,1.0
5982031,1.0799206349206352,0.5333333333333333,-0.07992063492063492,1.3733333333333333,0.0
5987189,1.4506155881155882,0.4333333333333333,-0.4506155881155882,1.0933333333333335,0.0
1683613,0.5187805124304974,0.4105221448539694,0.3667015380158065,0.0,1.0
5983930,1.6189255189255187,0.6,-0.6189255189255191,1.4200000000000002,0.0
5997170,1.0491402116402118,0.7000000000000001,-0.04914021164021165,0.64,0.0
5992213,1.2961616161616163,0.7000000000000001,-0.2961616161616161,0.7799999999999999,0.0
3273181,0.9302248677248678,0.5666666666666668,0.06977513227513228,0.13355556332472746,1.0
5982441,1.329861111111111,0.6333333333333333,-0.3298611111111111,0.32,0.0
1589560,1.7406565656565656,0.7000000000000001,-0.7406565656565656,0.0,1.0
5995085,0.9441137566137566,0.6000000000000001,0.055886243386243414,1.2466666666666666,0.0
2270809,1.5638888888888893,0.6,-0.5638888888888888,0.0,1.0
5995986,1.57953431372549,0.6666666666666666,-0.5795343137254901,0.7000000000000001,0.0
5983068,1.5833333333333333,0.6000000000000001,-0.5833333333333334,1.12,0.0
5998692,0.9613442113442112,0.6666666666666666,0.038655788655788635,1.086666666666667,0.0
5998613,1.2896825396825395,0.5284773523286586,-0.2896825396825397,1.38,0.0
5980581,0.8595238095238095,0.4666666666666666,0.14047619047619045,0.26666666666666666,0.0
5985257,1.0685185185185186,0.7666666666666666,-0.06851851851851849,1.12,0.0
5996779,0.9839896214896214,0.7999999999999999,0.01601037851037849,0.8533333333333334,0.0
5982248,0.8671296296296296,0.5,0.13287037037037036,1.3666666666666665,0.0
5981004,1.146486928104575,1.2719234853153112,-0.14648692810457514,0.46,0.0
5986629,0.7931478243978244,0.6666666666666666,0.2068521756021756,0.7000000000000001,0.0
2687228,0.9642822455322456,0.6666666666666666,0.035717754467754416,0.0,1.0
5998278,1.1384424603174603,0.6666666666666666,-0.13844246031746033,1.0,0.0
5986935,1.2916423853923853,16.031509802929932,-0.2916423853923854,0.32,0.0
5989376,1.7226851851851854,0.9818290463924786,-0.7226851851851852,0.07333333333333332,0.0
5987070,1.4221102971102972,0.3818367197123032,-0.4221102971102971,0.7600000000000001,0.0
3445652,1.2404040404040406,0.864422065056997,-0.2404040404040404,0.0,1.0
2791206,1.6224542124542125,0.6,-0.6224542124542124,0.0,1.0
5998524,0.7979797979797979,0.5,0.202020202020202,1.0399999999999998,0.0
2984829,1.3992424242424242,0.5666666666666665,-0.3992424242424242,0.0,1.0
5993695,1.2767765567765563,0.6,-0.2767765567765567,1.1266666666666667,0.0
5988697,1.2953805453805454,0.6666666666666666,-0.29538054538054537,1.606666666666667,0.0
1852383,0.9487373737373738,0.6,0.05126262626262627,0.0,1.0
5996907,1.3100885225885224,0.5333333333333333,-0.3100885225885226,1.0533333333333337,0.0
5994416,0.9789453601953602,0.6666666666666666,0.021054639804639785,0.5133333333333333,0.0
5988288,1.2960101010101008,0.5333333333333333,-0.296010101010101,1.2066666666666668,0.0
5989167,1.3054330065359476,0.42470960594932095,-0.3054330065359477,1.653333333333333,0.0
5979261,1.3055555555555556,0.4666666666666666,-0.3055555555555555,1.64,0.0
5989538,0.7683531746031745,0.6000000000000001,0.23164682539682546,0.8733333333333334,0.0
5994459,0.9806138306138306,0.5666666666666668,0.019386169386169327,0.7599999999999999,0.0
5985836,1.1988636363636365,0.8,-0.1988636363636364,0.4,0.0
5984171,1.2564814814814815,0.5,-0.2564814814814815,0.5,0.0
5989458,1.2964362026862026,0.5099716440860144,-0.2964362026862027,1.3866666666666667,0.0
5991577,0.97748778998779,0.6,0.022512210012210026,0.013333333333333334,0.0
5993469,1.4778758169934643,0.40374932562359617,-0.477875816993464,0.7333333333333334,0.0
5988785,1.1294890873015873,0.6333333333333333,-0.12948908730158729,0.82,0.0
2079071,1.7828144078144081,0.5333333333333333,-0.7828144078144078,0.0,1.0
5983473,1.6325091575091577,0.7000000000000001,-0.6325091575091575,1.0,0.0
5992241,1.4537545787545787,0.5666666666666667,-0.4537545787545788,0.5666666666666667,0.0
2477236,1.1583333333333334,0.5333333333333333,-0.15833333333333333,0.0,1.0
5990025,1.4141865079365081,0.4666666666666666,-0.4141865079365079,0.3933333333333333,0.0
5980367,1.6040674603174605,0.5,-0.5822942099873339,0.4733333333333333,0.0
3102573,0.9902777777777776,0.6333333333333333,0.009722222222222188,0.0,1.0
3310992,1.227777777777778,0.6333333333333334,-0.22777777777777775,0.0,1.0
5988336,0.5856481481481481,0.6333333333333334,0.4143518518518519,1.346666666666667,0.0
5987180,0.6009259259259259,0.3210549510596539,0.3990740740740741,1.2866666666666668,0.0
5981659,1.7967261904761906,0.6666666666666666,-0.7967261904761905,1.2866666666666668,0.0
2451500,1.1306041181041182,0.92195041059446,-0.13060411810411812,0.0,1.0
5990598,0.8930555555555556,0.6333333333333334,0.10694444444444444,0.6866666666666666,0.0
2363246,1.128675645342312,0.7000000000000001,-0.12867564534231202,0.0,1.0
5979102,1.2681818181818183,0.6,-0.26818181818181824,1.2133333333333334,0.0
5990400,0.8172802197802197,0.5333333333333333,0.18271978021978028,1.32,0.0
5994693,0.9687301587301588,0.6666666666666666,0.03126984126984126,1.086666666666667,0.0
5982196,0.7888888888888889,0.6333333333333334,0.21111111111111114,0.4533333333333334,0.0
1939481,1.5734126984126984,0.5666666666666668,-0.5734126984126985,0.0,1.0
2907115,1.4680720899470898,0.5,-0.46807208994709,0.0,1.0
2190732,1.294345238095238,0.6333333333333333,-0.2943452380952381,0.0,1.0
1952930,1.0968574635241302,0.4666666666666666,-0.0968574635241302,0.0,1.0
5996506,0.7444444444444445,0.43333333333333335,0.2555555555555556,0.5066666666666667,0.0
5983042,1.0885185185185184,0.5,-0.08851851851851851,0.1,0.0
5984192,1.4573232323232324,0.7333333333333334,-0.4573232323232324,1.16,0.0
5981559,0.9564814814814816,0.6,0.04351851851851851,1.3066666666666666,0.0
5995560,1.3884920634920637,0.6333333333333334,-0.38849206349206333,0.7666666666666667,0.0
5988421,1.0861111111111108,0.6666666666666666,-0.08611111111111114,1.5266666666666668,0.0
1981848,0.8162794612794612,0.7000000000000001,0.18372053872053876,0.0,1.0
5984776,1.4598748473748475,0.6666666666666666,-0.4598748473748474,0.9866666666666668,0.0
1883048,1.1281746031746032,0.5666666666666668,-0.12817460317460316,0.0,1.0
5985817,0.8277777777777778,0.6333333333333334,0.17222222222222225,1.1866666666666663,0.0
5990853,1.0069444444444444,0.4016006368849922,-0.006944444444444438,0.8733333333333332,0.0
5986973,0.7227777777777776,0.5666666666666667,0.2772222222222222,1.32,0.0
5988164,1.2344322344322345,0.7000000000000001,-0.2344322344322345,1.6666666666666667,0.0
1757337,1.576190476190476,0.7930099402841178,-0.5761904761904763,0.0,1.0
5996288,0.4861111111111111,1.1239105973304753,0.5138888888888888,1.78,0.0
5997854,1.2421296296296296,2.0319388542454013,-0.2421296296296297,1.72,0.0
5990110,0.7037037037037037,0.6333333333333333,0.29629629629629634,1.086666666666667,0.0
1752013,0.9305555555555556,0.4666666666666666,0.06944444444444446,0.0,1.0
5992412,0.8591364505672953,0.7666666666666666,-0.08344139087738456,0.7915838501395248,0.0
2374930,1.0166666666666668,0.5333333333333333,-0.016666666666666673,0.0,1.0
5986765,0.5652777777777778,0.5666666666666667,0.43472222222222223,0.4133333333333333,0.0
1586426,1.7572420634920636,0.6,-0.7572420634920635,0.0,1.0
5997697,1.0694444444444444,0.6,-0.06944444444444446,1.2666666666666666,0.0
5995521,1.4475252525252529,0.7666666666666666,-0.4475252525252525,1.3866666666666667,0.0
5991001,0.5718253968253969,0.5666666666666665,0.4281746031746032,1.3266666666666669,0.0
5983987,1.275595238095238,0.6666666666666666,-0.2755952380952381,1.5200000000000002,0.0
5986955,0.6365079365079365,0.5333333333333333,0.3634920634920635,1.5733333333333333,0.0
1762392,1.5035668579786226,0.6,0.07261904761904761,0.0,1.0
2230381,1.4361111111111111,0.6666666666666666,-0.4361111111111111,0.0,1.0
5996130,1.4253968253968254,0.5333333333333333,-0.4253968253968254,0.2066666666666667,0.0
5979140,0.8012006512006512,0.6666666666666666,0.1987993487993488,1.3666666666666665,0.0
5995870,1.1164682539682542,0.5666666666666667,-0.11646825396825396,0.8333333333333334,0.0
1708099,0.5939814814814816,0.601555528681777,0.4060185185185185,0.0,1.0
5991968,0.8305555555555556,0.5333333333333333,0.16944444444444448,1.66,0.0
5982908,1.0770833333333334,0.7000000000000001,-0.07708333333333332,0.6533333333333333,0.0
5982621,0.9212962962962964,0.6333333333333333,0.07870370370370372,1.2866666666666666,0.0
2521829,0.3842592592592592,0.7000000000000001,0.6157407407407407,0.0,1.0
3005683,1.2194444444444446,0.7666666666666666,-0.21944444444444444,0.0,1.0
2185526,1.0706349206349206,0.4000000000000001,-0.07063492063492065,0.0,1.0
1845579,1.2668650793650793,0.7666666666666666,-0.26686507936507936,0.0,1.0
3434842,1.4771164021164025,0.6333333333333333,-0.5337198936287478,0.0,1.0
5989814,1.2671160130718957,0.7666666666666666,-0.2671160130718954,0.96,0.0
2002412,0.9729797979797981,0.5666666666666665,0.027020202020202017,0.0,1.0
2372264,1.732844932844933,0.7000000000000001,-0.7328449328449328,0.0,1.0
1700968,1.2630036630036632,0.5666666666666667,-0.263003663003663,0.0,1.0
5982760,1.7094794094794097,0.6333333333333333,-0.7094794094794095,0.4933333333333334,0.0
1815077,0.7194444444444444,0.5,0.2805555555555556,0.0,1.0
1777932,1.2341666666666666,0.7,-0.23416666666666666,0.0,1.0
5988894,0.9743939393939391,0.43333333333333335,0.02560606060606061,0.7133333333333334,0.0
5992528,1.141758241758242,0.5666666666666668,-0.14175824175824178,0.4266666666666667,0.0
5980131,0.8611111111111109,0.6333333333333333,0.13888888888888887,0.12,0.0
2352409,0.7361111111111112,0.7000000000000001,0.2638888888888889,0.0,1.0
5980309,0.8861111111111112,0.5333333333333333,-0.1062812969059422,0.8733333333333334,0.0
5982246,1.0833333333333333,0.5666666666666665,-0.08333333333333333,0.7866666666666666,0.0
3304652,1.2580555555555557,0.6,-0.25805555555555554,0.0,1.0
5983186,1.0657242063492065,0.6333333333333333,-0.06572420634920635,1.82,0.0
5993151,1.4557895807895809,0.6,-0.4557895807895808,0.4066666666666667,0.0
5995185,0.4639550264550265,24.342706541840048,0.5360449735449735,0.5066666666666667,0.0
5985356,0.7775793650793651,0.6666666666666666,0.2224206349206349,0.9733333333333332,0.0
2114131,0.9725168350168351,0.6333333333333333,0.02748316498316496,0.0,1.0
1754897,1.1025058275058277,0.6333333333333333,-0.10250582750582753,0.0,1.0
5993752,1.287064594356261,0.6999999999999998,-0.28706459435626097,0.7333333333333334,0.0
2503330,1.184126984126984,0.33911372861067296,-0.3704612920938177,0.0,1.0
2281843,1.9224867724867725,0.5333333333333333,-0.9224867724867724,0.0,1.0
2712531,1.4004960317460318,0.6666666666666666,-0.40049603174603177,0.0,1.0
5982907,1.717063492063492,0.6666666666666666,-0.7170634920634921,1.0133333333333334,0.0
5986574,1.5996114996114998,0.6666666666666666,-0.5996114996114996,0.6,0.0
1940630,0.7975061177735352,0.6,-0.11625314153152873,0.0,1.0
2124619,1.4693223443223442,0.6333333333333334,-0.4693223443223442,0.0,1.0
5989305,1.0993265993265993,0.43333333333333335,-0.09932659932659932,0.66,0.0
5981063,1.573253968253968,0.5333333333333333,-0.5732539682539682,0.4666666666666666,0.0
5993064,1.7698412698412698,0.6666666666666666,-0.7698412698412698,0.2533333333333333,0.0
5983238,1.2257495590828924,0.6333333333333333,-0.2257495590828924,1.46,0.0
5979420,0.9768280228758169,0.6333333333333334,0.023171977124183025,1.08,0.0
5993985,0.95,0.5666666666666665,0.05000000000000001,0.3,0.0
3290483,0.7131944444444445,0.75,0.28680555555555554,0.0,1.0
2954421,1.209160052910053,0.5666666666666668,-0.2091600529100529,0.0,1.0
5981743,0.6888888888888888,0.6,0.3111111111111111,0.7066666666666667,0.0
5995582,1.4172161172161173,0.7333333333333334,-0.4172161172161172,1.3866666666666667,0.0
2884496,1.916732804232804,0.5,-0.916732804232804,0.0,1.0
5982563,0.808989898989899,0.6333333333333333,0.19101010101010102,2.4466666666666668,0.0
5995975,2.616950586227695,0.7666666666666666,-0.29126984126984123,2.1,0.0
3144685,1.0083333333333333,0.6666666666666666,-0.008333333333333331,0.0,1.0
5985878,0.6731481481481482,0.5333333333333333,0.3268518518518519,0.7600000000000001,0.0
5991899,1.122053872053872,0.6333333333333333,-0.12205387205387208,0.84,0.0
3164057,1.4503968253968254,0.6,-0.4503968253968254,0.0,1.0
1754767,0.85,0.6666666666666666,0.15000000000000005,0.0,1.0
5994626,1.7904040404040404,0.6666666666666666,-0.7904040404040403,1.4733333333333334,0.0
5997202,1.6215180652680654,0.7588703302283145,-0.6215180652680653,1.36,0.0
3266418,1.714814814814815,0.43333333333333335,-0.7148148148148148,0.0,1.0
2552166,1.38968253968254,0.5666666666666668,-0.3896825396825396,0.0,1.0
1646397,1.12603021978022,0.6666666666666666,-0.12603021978021978,0.0,1.0
5982662,0.969107744107744,0.7666666666666666,0.03089225589225588,1.0733333333333333,0.0
5995371,1.0941468253968254,11.919996632292829,-0.09414682539682538,0.9466666666666668,0.0
2034277,0.9460978835978836,0.43333333333333335,0.053902116402116416,0.0,1.0
5979556,0.9561868686868688,0.6000000000000001,0.043813131313131325,0.2133333333333333,0.0
5995941,0.8872274651339899,0.6666666666666666,0.024490740740740743,0.7399999999999999,0.0
5997929,0.9416666666666668,0.4666666666666666,0.05833333333333335,1.2112211121653549,0.0
1823561,1.6014163614163617,0.5333333333333333,-0.6014163614163613,0.0,1.0
5981227,1.4759259259259259,0.6,-0.4759259259259258,1.2666666666666666,0.0
5979896,1.14745115995116,0.6,-0.14745115995115998,0.94,0.0
5997329,0.5722222222222223,0.4333333333333333,0.42777777777777776,0.9133333333333334,0.0
5993240,0.9578245828245828,0.5666666666666668,0.04217541717541714,0.38666666666666666,0.0
1867481,1.121626984126984,0.5333333333333333,-0.1216269841269841,0.0,1.0
5983210,0.6364057239057239,0.5333333333333333,0.3635942760942761,0.6,0.0
2813598,0.9138888888888888,0.6666666666666666,0.0861111111111111,0.0,1.0
5998165,1.2522321428571432,0.5,-0.25223214285714285,0.88,0.0
5999355,1.2527777777777778,0.4666666666666666,-0.2527777777777778,0.6866666666666666,0.0
5987222,0.9819240944240945,0.5,0.01807590557590556,0.6266666666666667,0.0
3306823,0.8090048840048839,0.6,0.190995115995116,0.0,1.0
5998211,1.1355555555555557,0.4666666666666666,-0.13555555555555554,0.5933333333333334,0.0
5983196,1.1911008979448583,0.5,-0.454656862745098,0.5933333333333334,0.0
5982495,1.484311307426526,0.6666666666666666,-0.5562558546966022,0.2866666666666667,0.0
5996950,1.74980574980575,0.6333333333333334,-0.7498057498057498,0.98,0.0
3416801,0.7919312169312169,1.26076296215344,0.20806878306878307,0.0,1.0
3351865,0.7904431216931217,0.4666666666666666,0.2095568783068783,0.0,1.0
5992170,0.9320818070818072,0.5666666666666668,0.06791819291819294,1.1866666666666668,0.0
2844388,1.2603174603174605,0.5333333333333333,-0.26031746031746034,0.0,1.0
2466820,0.9535714285714286,0.5333333333333333,0.04642857142857145,0.0,1.0
5993967,1.3013888888888892,0.6,-0.3013888888888889,0.21333333333333332,0.0
2591702,1.3002450980392155,0.5666666666666665,-0.3002450980392157,0.0,1.0
2109555,1.7200892857142858,0.6499999999999999,-0.5324486862498559,0.0,1.0
5982169,1.2543981481481483,0.6666666666666666,-0.2543981481481481,0.92,0.0
5984100,0.9792048229548229,0.6999999999999998,0.020795177045177027,0.2933333333333333,0.0
5978304,1.2711732711732713,0.43333333333333335,-0.2711732711732712,0.8933333333333334,0.0
5997299,1.4884259259259258,0.7333333333333334,-0.4884259259259259,0.26666666666666666,0.0
5996628,1.731144781144781,0.6666666666666666,-0.7311447811447812,0.8533333333333334,0.0
5997695,1.1416666666666666,0.7,-0.14166666666666666,0.54,0.0
2643853,0.8058302808302807,0.7333333333333334,0.19416971916971915,0.0,1.0
5997698,0.9789285714285714,0.5333333333333333,0.021071428571428574,0.4866666666666666,0.0
5990794,1.4196775446775447,0.4666666666666666,-0.4196775446775447,0.4933333333333334,0.0
5987978,1.05,0.6666666666666666,-0.05,0.68,0.0
2642823,0.910648148148148,0.5,0.08935185185185186,0.0,1.0
5985950,1.0712962962962962,0.5,-0.0712962962962963,1.3,0.0
5984085,0.7037037037037037,0.6333333333333333,0.00749193238963645,0.8866666666666667,0.0
5980949,0.7924933862433862,0.5,0.20750661375661367,1.6733333333333336,0.0
5988270,1.8120639817328377,0.5333333333333333,-0.40601851851851856,0.7799999999999999,0.0
5998605,1.4238400488400489,0.6999999999999998,-0.5471817086839895,0.6466666666666667,0.0
5995842,1.6650793650793652,0.6,-0.665079365079365,1.4,0.0
5978478,1.1369378306878306,0.6,-0.1369378306878307,1.24,0.0
5997216,1.092739898989899,0.5666666666666668,-0.09273989898989897,0.3533333333333333,0.0
5999534,1.3425925925925926,0.5666666666666665,-0.34259259259259256,2.1666666666666665,0.0
5989235,1.3013548951048952,0.6666666666666666,-0.3013548951048951,0.9066666666666666,0.0
5994249,0.7916666666666666,0.45,0.20833333333333331,0.81,0.0
2471026,0.8090773809523809,0.5666666666666668,0.19092261904761898,0.0,1.0
5985991,1.071885521885522,0.6333333333333334,-0.07188552188552187,1.06,0.0
5985281,1.3040293040293038,0.5333333333333333,-0.30402930402930395,0.48,0.0
5988224,0.9718025030525028,0.6000000000000001,0.028197496947496924,0.3295283727788208,0.0
5997020,1.1140873015873016,0.6280545893631831,-0.11408730158730156,1.5266666666666666,0.0
1767558,1.5531986531986532,1.5330122571114468,-0.5531986531986532,0.0,1.0
5990641,0.9721230158730158,0.5,0.02787698412698414,0.5,0.0
3271163,1.2424915824915823,1.0686921759389707,-0.2424915824915825,0.0,1.0
5987407,1.4272159457055291,0.6333333333333333,-0.6099206349206349,0.8000000000000002,0.0
5981359,1.6662118836023947,0.7333333333333334,0.1833829365079365,0.9533333333333333,0.0
5986589,1.226984126984127,0.7666666666666666,-0.22698412698412704,1.4666666666666668,0.0
5978628,0.8388888888888889,0.6333333333333333,0.16111111111111112,0.4,0.0
3347285,0.8001526251526251,0.7333333333333334,0.1998473748473748,0.0,1.0
3251442,0.7775335775335775,0.6,0.22246642246642245,2.7210810083018084,1.0
2042305,1.30509768009768,0.6999999999999998,-0.3050976800976801,0.0,1.0
5981997,0.9529100529100528,0.5666666666666667,0.047089947089947085,1.64,0.0
5983194,1.1368686868686868,0.7666666666666666,-0.13686868686868686,0.8799999999999999,0.0
3302368,1.322561328194667,0.4666666666666666,-0.4384424603174604,0.0,1.0
2903727,1.5682828282828285,0.5666666666666668,-0.5682828282828284,0.0,1.0
5985919,0.9408895720546924,0.5333333333333333,-0.010577522767078329,0.17333333333333334,0.0
5985883,1.0997354497354497,0.5666666666666668,-0.09973544973544976,0.9333333333333332,0.0
5996723,1.598148148148148,0.4885919991859307,-0.5981481481481481,0.82,0.0
2079962,1.2921626984126984,0.5666666666666668,-0.29216269841269843,0.0,1.0
5984969,1.6380952380952385,0.6666666666666666,-0.6380952380952379,0.8733333333333334,0.0
5997442,1.1520833333333331,0.6333333333333333,-0.15208333333333332,1.38,0.0
5993829,0.9799755799755799,0.5333333333333333,0.020024420024420026,1.5572734389561975,0.0
5992125,0.5524226768340146,0.5333333333333333,0.1799637206492836,1.6046894169553092,0.0
5979907,1.4193602693602694,0.6333333333333334,-0.4193602693602694,1.6799999999999995,0.0
5984424,0.8625125787490163,0.5333333333333333,0.03029287227659745,0.9680187341845752,0.0
5990244,1.115850970017637,0.7333333333333333,-0.11585097001763672,1.0266666666666666,0.0
2244009,1.5932539682539684,0.43333333333333335,-0.5932539682539683,0.0,1.0
3043536,1.260714285714286,0.7333333333333334,-0.2607142857142857,0.0,1.0
2336806,0.7699074074074074,0.6333333333333333,0.2300925925925926,0.0,1.0
5985655,1.4428872053872055,0.6333333333333333,-0.4428872053872053,0.6533333333333333,0.0
5990369,1.3534021925240711,0.5,-0.507143245400122,0.05333333333333334,0.0
5983574,0.9041666666666668,0.6666666666666666,0.09583333333333333,1.32,0.0
3437362,1.0902777777777777,0.5666666666666667,-0.09027777777777778,0.0,1.0
5999211,0.6361375661375662,0.6000000000000001,0.3638624338624339,1.1,0.0
5988406,1.621147741147741,0.4666666666666666,-0.6211477411477412,1.4266666666666663,0.0
1706399,0.6505050505050506,0.7000000000000001,0.3494949494949495,0.0,1.0
5999232,1.6351953601953602,0.5333333333333333,-0.6351953601953603,0.05333333333333334,0.0
5995449,1.3730158730158728,0.6333333333333334,-0.37301587301587297,1.4399999999999995,0.0
5995467,1.6103968253968253,0.5333333333333333,-0.6103968253968254,0.3733333333333333,0.0
1972309,1.239814814814815,0.5333333333333333,-0.2398148148148148,0.0,1.0
5978126,0.9002976190476191,0.6,0.09970238095238096,0.3666666666666667,0.0
5989195,1.1043650793650792,0.6666666666666666,-0.10436507936507937,1.0799999999999998,0.0
5988886,1.0215277777777778,0.6666666666666666,-0.0215277777777778,0.54,0.0
5989412,0.822427882193104,0.6999999999999998,-0.12194444444444442,0.8000000000000002,0.0
2179353,1.2731351981351982,0.6,-0.2731351981351981,0.0,1.0
5994745,1.853174603174603,0.6333333333333333,-0.8531746031746031,0.16666666666666666,0.0
5990108,0.9804125816993464,0.6,0.01958741830065358,0.3666666666666667,0.0
5991679,0.7716666666666666,0.6666666666666666,0.22833333333333336,0.5599999999999999,0.0
2289567,1.4648989898989901,0.7666666666666666,-0.4648989898989898,0.0,1.0
5989728,1.3078652828652828,0.5,-0.3078652828652829,0.12,0.0
5981458,1.4604510788756766,0.6333333333333334,-0.3992923341230981,0.4061158744752578,0.0
5986712,0.5972222222222222,0.4666666666666666,0.40277777777777785,0.9666666666666668,0.0
5985317,0.9718101343101342,0.7333333333333334,0.02818986568986568,0.92,0.0
5981685,0.8222222222222223,0.5666666666666667,0.17777777777777773,0.8200000000000002,0.0
3219197,0.6694444444444444,0.4666666666666666,0.3305555555555555,0.0,1.0
2376538,2.3417448495164987,0.37821252851479054,-0.23564814814814816,0.0,1.0
5992544,1.4673271173271172,0.5333333333333333,-0.4673271173271174,0.7733333333333333,0.0
2820506,1.4083333333333332,0.55,-0.4083333333333333,0.0,1.0
5991629,0.7854629629629629,0.5333333333333333,0.21453703703703705,1.1266666666666667,0.0
5990246,0.8194444444444445,0.7333333333333334,-0.029513929223231556,0.4866666666666666,0.0
3328584,0.973148148148148,0.6,0.026851851851851863,0.0,1.0
5990013,1.614224664224664,0.5962407965392091,-0.6142246642246643,0.3533333333333333,0.0
5992211,1.6814814814814814,0.5333333333333333,-0.6814814814814815,11.145717875270106,0.0
2331635,1.6373260073260072,0.5,-0.6373260073260073,0.0,1.0
5987901,0.8065563725490196,0.7666666666666666,0.1934436274509804,0.6266666666666666,0.0
5980671,1.236019536019536,0.5666666666666668,-0.23601953601953604,0.6733333333333333,0.0
5985396,1.12010582010582,0.8000000000000002,-0.12010582010582008,0.94,0.0
5984883,0.974587912087912,0.5666666666666668,0.025412087912087915,0.24,0.0
2112276,0.9794566544566544,0.43333333333333335,0.02054334554334551,0.0,1.0
5978789,1.4234533984533986,0.7876948648187697,-0.4234533984533985,1.84,0.0
2353657,1.9667277167277168,0.6,-0.9667277167277168,0.0,1.0
5997383,1.2670634920634922,0.5,-0.2670634920634921,0.54,0.0
2363762,1.270601851851852,0.6333333333333334,-0.2706018518518519,0.0,1.0
2114229,0.9361111111111112,0.6999999999999998,0.06388888888888887,0.0,1.0
5991773,1.4334986772486775,0.4666666666666666,-0.4334986772486773,2.4066666666666667,0.0
2354207,1.0694444444444444,0.5666666666666667,-0.06944444444444445,0.0,1.0
5985197,1.3077132936507936,0.5333333333333333,-0.30771329365079364,0.4666666666666666,0.0
5999235,0.957440476190476,0.7666666666666666,0.042559523809523804,1.2533333333333332,0.0
5997708,1.2514309764309763,0.5333333333333333,-0.2514309764309765,0.8733333333333334,0.0
5999528,1.6297619047619047,0.5,-0.6297619047619047,2.0333333333333337,0.0
5989166,1.1433372183372184,0.5666666666666668,-0.14333721833721833,0.2533333333333333,0.0
3440396,1.0823412698412698,0.7999999999999999,-0.08234126984126984,0.0,1.0
5982991,1.0111111111111108,0.6999999999999998,-0.011111111111111108,0.6333333333333334,0.0
2212613,1.7873015873015874,0.6666666666666666,-0.7873015873015873,0.0,1.0
5989119,1.2846445221445222,0.5333333333333333,-0.2846445221445222,1.0466666666666666,0.0
5980714,1.123015873015873,0.6333333333333334,-0.12301587301587302,0.44,0.0
1944665,1.9215488215488212,0.4576746642956938,-0.9215488215488216,0.0,1.0
5980195,1.1317019400352732,0.5666666666666667,-0.13170194003527336,0.9466666666666668,0.0
1927211,1.0703703703703704,0.5666666666666668,-0.07037037037037035,0.0,1.0
2662211,1.1382090132090128,0.5666666666666667,-0.13820901320901322,0.0,1.0
5995328,0.8111111111111112,0.6333333333333333,0.18888888888888888,1.54,0.0
5993766,0.6743557617302103,0.6,-0.1212121212121212,1.1,0.0
5998269,1.2018968645592023,0.6666666666666666,0.04840067340067339,0.7466666666666667,0.0
5996050,1.6061507936507935,0.9091988530656424,-0.6061507936507937,0.4868613986346673,0.0
2414917,1.5861111111111108,0.6666666666666666,-0.5861111111111111,0.0,1.0
1685901,1.1017676767676767,0.5333333333333333,-0.10176767676767674,0.0,1.0
5988243,1.3122310729847495,0.6333333333333333,-0.31223107298474945,0.3066666666666667,0.0
3381273,1.5650925925925925,0.5666666666666667,-0.5650925925925926,0.0,1.0
5981271,1.1424654049654048,0.7666666666666666,-0.14246540496540494,0.3533333333333333,0.0
5984024,1.2981481481481485,0.6,-0.2981481481481481,1.0466666666666666,0.0
5981326,0.6349969474969476,0.5666666666666667,0.3650030525030525,0.18000000000000002,0.0
3029384,1.2786616161616162,0.6666666666666666,-0.27866161616161617,0.0,1.0
3037273,1.477777777777778,0.6,-0.4777777777777778,0.0,1.0
5996952,1.4555555555555555,0.7000000000000001,-0.4555555555555556,0.5466666666666667,0.0
5990684,1.1147486772486772,0.6666666666666666,-0.11474867724867728,1.086666666666667,0.0
5978360,1.0917929292929294,0.5333333333333333,-0.0917929292929293,1.1733333333333331,0.0
5992825,0.8168498168498171,0.5666666666666668,0.18315018315018314,0.5733333333333334,0.0
5990648,1.451190476190476,0.6999999999999998,-0.4511904761904762,0.6066666666666666,0.0
5991530,1.0777777777777775,0.6,-0.07777777777777779,0.5,0.0
5997884,1.5475308641975307,0.5666666666666668,-0.5475308641975308,1.78,0.0
5997626,1.2333333333333334,0.5,-0.2333333333333333,0.42,0.0
5999105,1.0833333333333333,0.5333333333333333,-0.08333333333333336,0.38666666666666666,0.0
5992892,0.9222999222999224,0.7000000000000001,0.07770007770007765,0.52,0.0
5997183,1.434126984126984,0.4666666666666666,-0.4341269841269841,0.84,0.0
5996182,1.4304924242424242,0.5,-0.3208427395361663,0.5666666666666667,0.0
5984019,1.282053872053872,0.5333333333333333,-0.2820538720538721,1.0266666666666666,0.0
5981204,0.7905753968253969,0.43333333333333335,0.2094246031746032,1.22,0.0
5986662,0.6495217745217745,0.7333333333333334,0.35047822547822544,1.0266666666666666,0.0
5990102,0.962037037037037,0.6999999999999998,0.03796296296296296,0.48,0.0
5996599,1.7539351851851854,0.5666666666666667,-0.7539351851851852,1.6133333333333333,0.0
5993960,1.5130952380952385,0.6666666666666666,-0.5130952380952382,0.5666666666666668,0.0
5991623,1.442205942205942,0.6999999999999998,-0.44220594220594217,0.06,0.0
5989254,1.0892929292929292,0.6666666666666666,-0.08929292929292931,0.9066666666666668,0.0
2581845,1.4501678876678878,0.6333333333333333,-0.4501678876678876,0.0,1.0
5981868,1.2164419808313616,0.7333333333333334,-0.11294261294261294,0.20666666666666667,0.0
5992536,0.7950562169312169,0.7000000000000001,0.20494378306878305,0.34,0.0
5987933,1.3078869047619046,0.6,-0.3078869047619048,0.7733333333333333,0.0
1508716,1.1041666666666667,0.5333333333333333,-0.10416666666666667,0.0,1.0
2220475,0.9610945767195768,0.6666666666666666,0.03890542328042326,0.0,1.0
5988951,1.7713235294117649,0.5333333333333333,-0.7713235294117647,0.6333333333333333,0.0
3026177,0.625,0.5,0.375,0.0,1.0
5979880,0.9722222222222222,0.5,0.027777777777777776,1.42,0.0
5987806,1.1014550264550265,0.6666666666666666,-0.10145502645502646,0.21333333333333332,0.0
5987035,1.727777777777778,0.6666666666666666,-0.7277777777777777,1.6537632787826588,0.0
5981431,0.9072390572390572,0.4666666666666666,0.09276094276094277,0.86,0.0
1570283,0.8038943355119826,0.6333333333333333,0.1961056644880174,0.0,1.0
5983469,0.7986772486772487,0.7333333333333334,0.20132275132275132,1.5000000000000002,0.0
5998121,1.6136363636363635,0.7333333333333334,-0.6136363636363636,1.4533333333333334,0.0
2106922,1.4542892156862746,0.4,-0.4542892156862745,0.0,1.0
2129310,1.0933954933954937,0.7333333333333334,-0.09339549339549344,0.0,1.0
5991566,1.1194444444444445,0.6333333333333333,-0.11944444444444445,0.6733333333333332,0.0
5996626,0.976892551892552,0.5666666666666667,0.023107448107448136,0.5066666666666667,0.0
5981152,0.7699074074074074,0.6,0.2300925925925926,1.8266666666666669,0.0
5990936,1.6798611111111108,0.6666666666666666,-0.6798611111111111,0.24,0.0
1941024,0.7773148148148148,0.6,0.2226851851851852,0.0,1.0
5990093,0.8822751322751322,0.5333333333333333,0.11772486772486772,0.9133333333333334,0.0
5987331,1.7675602175602176,0.7333333333333334,-0.7675602175602175,0.9619935227135148,0.0
5987456,0.7937169312169313,0.442703314830331,0.2062830687830688,1.3066666666666666,0.0
5989153,0.964057239057239,0.6333333333333334,0.035942760942760964,1.22,0.0
5997304,1.2798540965207632,0.6999999999999998,-0.27985409652076315,0.68,0.0
5981530,0.9539072039072041,0.6,0.046092796092796096,0.37333333333333335,0.0
5982853,1.1060411810411812,0.5,-0.10604118104118104,0.64,0.0
5987410,1.1245402745402746,1.4061491021573902,-0.12454027454027455,1.0133333333333334,0.0
5987668,1.0009920634920637,0.7333333333333334,-0.0009920634920634515,0.8200000000000002,0.0
2259691,0.7210648148148149,0.7333333333333334,0.2789351851851852,0.0,1.0
5986435,1.106781045751634,0.3784389599514186,-0.106781045751634,0.5066666666666667,0.0
5981402,0.4753423120089786,0.5666666666666668,0.5246576879910213,0.88,0.0
5983709,1.583862433862434,0.6224767375910212,-0.5838624338624339,1.4933333333333334,0.0
5980407,0.6438492063492064,0.5666666666666668,0.3561507936507937,0.2533333333333333,0.0
5991170,1.4389497466677592,0.5333333333333333,-0.7669753086419752,1.18,0.0
5997116,1.1332341269841268,0.5333333333333333,-0.13323412698412698,2.5,0.0
5988492,1.2956043956043954,0.5333333333333333,-0.2956043956043956,0.9533333333333333,0.0
5998192,1.236111111111111,0.43333333333333335,-0.2361111111111111,1.2133333333333332,0.0
5988547,1.6371825396825397,0.6666666666666666,-0.6371825396825397,0.3836107411452889,0.0
1530553,1.2542162698412698,0.5333333333333333,-0.2542162698412698,0.0,1.0
5983626,1.1753933163043542,0.5333333333333333,-0.2273271065700499,0.8055531396119431,0.0
5985326,0.6055555555555555,0.7333333333333334,0.3944444444444444,0.6333333333333333,0.0
5990010,0.6501577126577126,0.6,0.3498422873422873,0.32666666666666666,0.0
5984634,1.136904761904762,0.7000000000000001,-0.13690476190476195,0.8533333333333335,0.0
3218626,1.022222222222222,0.5333333333333333,-0.022222222222222216,0.0,1.0
5997044,1.6045357125565465,0.6999999999999998,-0.8986772486772486,0.8066666666666666,0.0
3440314,0.9534310134310134,0.5666666666666668,0.04656898656898659,0.0,1.0
1977619,0.9486596736596736,0.6,0.05134032634032632,0.0,1.0
5983018,1.3325396825396825,0.6,-0.3325396825396825,0.9133333333333332,0.0
5981076,1.021814135036752,0.6,-0.2869501419086233,0.24487081677117206,0.0
5995888,0.6392676767676768,0.5,0.3607323232323232,0.8466666666666667,0.0
5999134,1.6042929292929289,0.6,-0.6042929292929293,1.106666666666667,0.0
5996280,1.3638888888888892,0.55,-0.3638888888888889,1.03,0.0
5980006,0.7711111111111112,0.5333333333333333,0.2288888888888889,1.2733333333333334,0.0
5982345,1.2356150793650793,0.7000000000000001,-0.2356150793650794,0.7200000000000001,0.0
5982356,1.7809343434343434,0.5333333333333333,-0.7809343434343434,1.4533333333333331,0.0
5981633,0.7013888888888888,0.5,0.2986111111111111,2.1333333333333333,0.0
5988101,1.030952380952381,0.5990342823471928,-0.03095238095238092,0.8066666666666666,0.0
5999130,1.0208530911559472,0.5,0.029044117647058814,0.38,0.0
3139219,1.1289957982158028,0.4666666666666666,-0.21775059278112047,0.0,1.0
5980736,1.2335317460317459,0.5,-0.14505879208899627,0.94,0.0
5987926,1.5855654761904765,0.6999999999999998,-0.5855654761904762,2.0333333333333337,0.0
2527014,1.276421568627451,0.43333333333333335,-0.276421568627451,0.0,1.0
5994040,1.2027777777777775,0.6333333333333333,-0.2027777777777778,0.2266666666666667,0.0
3029710,0.9613636363636364,0.7333333333333334,0.038636363636363656,0.0,1.0
5989817,1.8695725173182531,0.6333333333333334,-0.18134920634920634,1.7866666666666664,0.0
5986291,0.8425925925925926,0.6,0.1574074074074074,6.266777516299523,0.0
5978827,1.888215488215488,0.5666666666666667,-0.8882154882154882,0.19333333333333333,0.0
5992448,1.2414021164021165,0.6333333333333333,-0.2414021164021164,0.9,0.0
5997749,1.5845238095238094,0.6666666666666666,-0.5845238095238096,0.96,0.0
5979861,1.3708333333333331,0.7333333333333334,-0.37083333333333335,0.6333333333333333,0.0
5992469,0.8110615079365079,0.5333333333333333,0.18893849206349206,0.4666666666666666,0.0
5983373,1.0097222222222222,0.5666666666666668,-0.009722222222222224,0.7466666666666667,0.0
5979363,0.4679398148148148,0.6,0.5320601851851853,1.0733333333333337,0.0
5989039,0.6443948412698413,0.4666666666666666,0.35560515873015874,0.7466666666666666,0.0
5981244,1.1131283068783069,0.5333333333333333,-0.11312830687830687,0.5866666666666666,0.0
1987607,0.8402777777777777,0.6,0.15972222222222224,0.0,1.0
2301867,0.4772047397047397,0.4666666666666666,0.5227952602952602,0.0,1.0
5994515,1.2607448107448107,0.43333333333333335,-0.2607448107448108,0.7466666666666667,0.0
1619727,0.8944444444444445,0.7000000000000001,0.10555555555555557,0.0,1.0
5997180,1.4700980392156862,0.6333333333333333,-0.4700980392156863,0.8266666666666667,0.0
5992941,1.4681947681947682,0.6666666666666666,-0.4681947681947682,0.11333333333333333,0.0
1540450,1.2697306397306398,0.6333333333333333,-0.26973063973063977,0.0,1.0
3061511,0.916137566137566,2.031075210611532,0.08386243386243386,0.0,1.0
5991025,1.4427579365079366,0.5333333333333333,-0.4427579365079365,0.46,0.0
5988541,1.9077380952380956,0.6000000000000001,-0.9077380952380952,0.77,0.0
5982230,1.8666666666666665,0.4666666666666666,-0.8666666666666667,0.3666666666666667,0.0
5984643,1.1298229548229548,0.6,-0.12982295482295486,0.2933333333333333,0.0
5987736,1.2232142857142858,0.6666666666666666,-0.22321428571428573,1.42,0.0
5993398,1.5309523809523808,0.6666666666666666,-0.5309523809523811,1.0,0.0
5982003,1.4494543650793652,0.4000000000000001,-0.4494543650793649,0.5066666666666667,0.0
5994637,1.3194444444444444,2.3776598355889544,-0.3194444444444444,0.6866666666666666,0.0
5986783,0.977580337690632,0.6,0.022419662309368205,0.4933333333333334,0.0
5987527,1.441758241758242,0.4666666666666666,-0.4417582417582418,0.5133333333333333,0.0
5995048,1.2804325304325304,0.6666666666666666,-0.2804325304325304,0.13333333333333333,0.0
5985853,1.2775326797385622,0.7000000000000001,-0.27753267973856205,2.16,0.0
2205413,1.4224206349206348,0.6990570673887668,-0.422420634920635,0.0,1.0
5996836,0.6479662698412699,0.6666666666666666,0.3520337301587301,1.6466666666666667,0.0
5992167,1.1805555555555556,0.5333333333333333,-0.18055555555555555,0.9066666666666666,0.0
5996423,1.0013888888888889,0.6666666666666666,-0.001388888888888884,0.8066666666666666,0.0
5987140,0.5972222222222222,0.6666666666666666,0.40277777777777785,0.7333333333333334,0.0
2871008,0.7850198412698411,0.5666666666666668,0.21498015873015874,0.0,1.0
5997473,1.278505291005291,0.7666666666666666,-0.27850529100529103,0.2733333333333334,0.0
5982116,1.0861111111111108,0.5666666666666667,-0.08611111111111114,1.32,0.0
5980264,1.415319865319865,0.5,-0.4153198653198653,1.64,0.0
2761175,1.2230158730158731,0.6999999999999998,-0.22301587301587303,0.0,1.0
5989613,1.3924603174603174,0.6333333333333334,-0.3924603174603175,1.92,0.0
5984706,0.925,0.6,0.075,0.8266666666666667,0.0
5995174,1.2794383394383395,0.6999999999999998,-0.27943833943833946,1.0,0.0
5994763,0.7755892255892256,0.7333333333333334,0.2244107744107744,0.82,0.0
5990050,1.4605616605616607,0.6666666666666666,-0.4605616605616605,0.6333333333333333,0.0
5997226,1.5801587301587299,0.6,-0.5801587301587301,0.68,0.0
5984695,1.3052836052836054,0.3997651715268341,-0.3052836052836053,0.8733333333333334,0.0
5980484,1.4283509700176371,0.5333333333333333,-0.4283509700176367,0.4266666666666667,0.0
5998683,0.9704351204351204,0.5666666666666667,0.029564879564879562,1.6733333333333331,0.0
5980987,0.975462962962963,0.6333333333333333,0.024537037037037024,0.5466666666666667,0.0
5987484,1.4675980392156862,0.5,-0.4675980392156863,0.3800000000000001,0.0
5991146,1.282843137254902,0.6,-0.28284313725490196,1.5,0.0
5985360,1.2611111111111108,0.6,-0.2611111111111111,0.5133333333333333,0.0
5990287,1.4518849206349207,0.6,-0.4518849206349206,0.6066666666666666,0.0
5981768,0.9111111111111112,0.4666666666666666,0.08888888888888889,0.7799999999999999,0.0
2334648,1.4683954933954937,0.6333333333333333,-0.4683954933954935,0.0,1.0
2548083,1.1138888888888892,0.5333333333333333,-0.11388888888888887,0.0,1.0
5984753,1.1135716135716136,0.5,-0.11357161357161355,0.4133333333333334,0.0
2817361,1.2804023692810456,0.6999999999999998,-0.2804023692810457,0.0,1.0
5998093,1.3935185185185184,0.5333333333333333,-0.39351851851851855,1.626666666666667,0.0
5991362,1.138670634920635,0.6999999999999998,-0.13867063492063492,0.7399999999999999,0.0
5982542,1.7138888888888888,3.3971157284569364,-0.7138888888888889,1.32,0.0
5989781,0.7430555555555555,0.6666666666666666,0.2569444444444444,1.22,0.0
5985340,1.1253815628815629,0.6333333333333333,-0.12538156288156288,0.3666666666666667,0.0
5999180,1.4496632996632997,0.5333333333333333,-0.4496632996632997,0.96,0.0
2782054,1.4833333333333334,0.7333333333333334,-0.4833333333333333,0.0,1.0
5987589,0.6154100529100529,0.6666666666666666,0.3845899470899472,0.2866666666666667,0.0
5996603,1.1402267156862746,0.6999999999999998,-0.1402267156862745,1.1466666666666667,0.0
5982056,0.9583333333333334,0.6666666666666666,0.04166666666666666,0.9066666666666666,0.0
2167622,1.15,0.5333333333333333,-0.15000000000000002,0.0,1.0
5987095,1.12983312983313,0.5333333333333333,-0.1298331298331298,1.2066666666666666,0.0
5992541,1.3680555555555556,0.6666666666666666,-0.3680555555555555,0.88,0.0
5985757,0.7425925925925926,0.6666666666666666,0.2574074074074075,1.02,0.0
5996728,0.9221230158730158,0.6333333333333334,0.07787698412698413,0.7999999999999999,0.0
5988747,1.1944444444444444,0.5666666666666667,-0.1944444444444444,1.6799999999999995,0.0
1868064,1.545959595959596,0.5666666666666667,-0.5459595959595959,0.0,1.0
5999176,1.1091269841269842,0.5666666666666668,-0.10912698412698414,0.37333333333333335,0.0
5986798,1.298251633986928,0.5666666666666668,-0.2982516339869281,1.9466666666666663,0.0
2032891,0.6436874236874237,0.7333333333333334,0.3563125763125763,0.0,1.0
5995293,0.9601190476190476,0.7333333333333334,0.03988095238095239,1.0,0.0
5990857,1.7944444444444445,0.5666666666666668,-0.7944444444444446,0.34,0.0
5979362,0.4722222222222223,0.6666666666666666,0.5277777777777778,1.0666666666666669,0.0
2262575,1.0444444444444445,0.6333333333333333,-0.04444444444444445,0.0,1.0
2727534,0.9614413364413364,0.6666666666666666,0.03855866355866355,0.0,1.0
5992522,0.9673983423983424,1.7841999225972667,0.03260165760165756,0.7600000000000001,0.0
5979845,1.282351290684624,0.5,-0.282351290684624,0.6933333333333334,0.0
2027829,1.4166666666666667,0.43333333333333335,-0.4166666666666667,0.0,1.0
3305321,1.125925925925926,0.5333333333333333,-0.1259259259259259,0.0,1.0
5986232,0.6555250305250305,0.6,0.3444749694749694,0.3333333333333333,0.0
5991312,0.9252645502645502,0.6333333333333333,0.07473544973544972,1.606666666666667,0.0
5991665,1.8971380471380472,0.43333333333333335,-0.8971380471380472,0.6533333333333333,0.0
1999290,1.0319444444444443,0.6333333333333333,-0.03194444444444446,0.0,1.0
3287862,1.9376984126984127,0.6,-0.9376984126984128,0.0,1.0
5978902,1.7530830280830283,0.5333333333333333,-0.7530830280830281,1.08,0.0
5985131,0.9888888888888888,0.5666666666666668,0.011111111111111108,0.7133333333333333,0.0
2202701,1.4768849206349206,0.6,-0.4768849206349207,0.0,1.0
2356355,1.9435286935286933,0.4218861283618536,-0.9435286935286934,0.0,1.0
5990290,0.8119949494949495,0.5666666666666668,0.18800505050505054,0.26666666666666666,0.0
5980169,1.3996632996632996,0.43333333333333335,-0.3996632996632997,0.7866666666666666,0.0
2205232,1.027777777777778,0.43333333333333335,-0.027777777777777773,0.0,1.0
5994287,1.0916666666666666,0.5666666666666667,-0.09166666666666666,1.086666666666667,0.0
5987730,1.2016835016835017,0.4666666666666666,-0.2016835016835017,0.860447537439628,0.0
5986358,1.1583333333333334,7.1905255156983285,-0.15833333333333333,0.2466666666666667,0.0
5983332,0.9090277777777778,0.7333333333333334,0.09097222222222223,1.04,0.0
5987841,1.711904761904762,0.5666666666666668,-0.7119047619047619,1.086666666666667,0.0
2163563,0.9784415849673204,0.6666666666666666,0.02155841503267971,0.0,1.0
5978769,1.2103937728937728,0.7,-0.2103937728937729,1.39,0.0
5988908,0.7317460317460317,0.5,0.26825396825396824,1.2266666666666668,0.0
5998866,0.6929741471698736,0.7,0.536904761904762,0.45,0.0
5991819,1.140073815073815,0.4666666666666666,-0.14007381507381508,0.5,0.0
2534763,1.5935457516339868,0.5333333333333333,-0.5935457516339869,0.0,1.0
5983224,0.9649831649831649,0.5333333333333333,0.035016835016835016,1.3333333333333333,0.0
2828858,0.9662202380952379,0.5,0.033779761904761896,0.0,1.0
2714452,0.7919444444444445,0.6,0.20805555555555555,0.0,1.0
5985048,0.9861247276688454,0.6999999999999998,0.013875272331154669,1.071815509953173,0.0
5980221,0.9749740999741,0.5333333333333333,0.025025900025899998,1.28,0.0
2408830,1.1444444444444446,0.6666666666666666,-0.14444444444444446,0.0,1.0
5987080,1.1313804713804714,0.5666666666666668,-0.13138047138047138,0.28,0.0
2282822,0.9347222222222222,0.5666666666666668,0.06527777777777778,0.0,1.0
5987027,1.7889880952380952,0.7333333333333334,-0.7889880952380953,0.7600000000000001,0.0
5979588,1.825925925925926,0.6,-0.825925925925926,0.05333333333333334,0.0
2068463,1.1011574074074073,0.6666666666666666,-0.10115740740740742,0.0,1.0
5998830,1.2261574074074073,0.6333333333333333,-0.22615740740740745,0.22,0.0
5993615,0.775628306878307,0.5666666666666668,0.02613552188552189,1.1133333333333333,0.0
5986520,1.2705738705738705,0.5333333333333333,-0.27057387057387056,0.52,0.0
5991904,1.3277777777777775,0.7666666666666666,-0.3277777777777778,1.3951630331658016,0.0
2936199,1.1007326007326006,0.6333333333333334,-0.10073260073260076,0.0,1.0
5990035,0.8051587301587301,0.7666666666666666,0.1948412698412699,1.64,0.0
2245920,0.9774242424242424,0.6000000000000001,0.022575757575757586,0.0,1.0
5978505,1.4190462315462316,0.5,-0.4190462315462316,1.0,0.0
5978441,0.9840939153439152,0.6666666666666666,0.015906084656084656,0.6466666666666667,0.0
5987085,1.1310286935286935,0.7000000000000001,-0.1310286935286935,0.8333333333333334,0.0
2870438,1.5763888888888886,0.5,-0.5763888888888891,0.0,1.0
5992294,0.8116301907968575,0.5333333333333333,0.1883698092031425,1.04,0.0
5988063,1.2954365079365078,0.7333333333333334,-0.29543650793650794,1.26,0.0
3093607,0.9680846930846929,0.43333333333333335,0.031915306915306904,0.0,1.0
5989596,0.488980463980464,0.5,0.511019536019536,1.0533333333333337,0.0
2563644,1.4625661375661376,0.6666666666666666,-0.4625661375661376,0.0,1.0
5986110,1.4415343915343914,0.6333333333333333,-0.4415343915343915,1.46,0.0
3083492,1.2555555555555555,0.5333333333333333,-0.2555555555555556,0.0,1.0
1547367,1.1442238562091502,0.9614217700049826,-0.14422385620915032,0.0,1.0
5982665,1.2982295482295485,0.5666666666666667,-0.2982295482295482,0.5066666666666667,0.0
2867129,0.4451388888888889,0.5333333333333333,0.5548611111111111,5.0775263932156465,1.0
5997776,1.2216269841269842,0.6,-0.22162698412698406,1.0933333333333335,0.0
2665030,1.2745634920634918,0.6,-0.2745634920634921,0.0,1.0
5978323,0.8095996732026144,0.5666666666666665,0.19040032679738564,0.9533333333333333,0.0
1908478,1.1240876906318082,0.6999999999999998,-0.12408769063180827,0.0,1.0
5985677,0.9410052910052908,0.6,0.05899470899470902,1.1866666666666668,0.0
3272107,0.6069444444444444,0.6999999999999998,0.3930555555555556,0.0,1.0
2884215,0.9489898989898988,0.5,0.051010101010101006,0.0,1.0
5986040,0.973529411764706,0.6666666666666666,0.026470588235294096,1.4799999999999998,0.0
3304734,1.7956298331298333,0.4666666666666666,-0.795629833129833,0.0,1.0
5987773,0.6448232323232324,0.5666666666666667,0.35517676767676765,0.8000000000000002,0.0
5985517,0.4666666666666666,0.7000000000000001,0.5333333333333333,1.1333333333333335,0.0
3395719,1.0951388888888889,0.5333333333333333,-0.09513888888888887,0.0,1.0
5984653,1.5166666666666666,0.6999999999999998,-0.5166666666666667,1.1,0.0
5992962,1.1021296296296297,0.8221839437764578,-0.10212962962962964,0.94,0.0
5995452,1.2654761904761904,0.5,-0.24353726033089415,0.8533333333333334,0.0
2776228,1.1583333333333334,0.6,-0.15833333333333333,0.0,1.0
2674428,1.375,0.5333333333333333,-0.375,0.0,1.0
5980497,1.1248778998779,0.4666666666666666,-0.12487789987789988,0.3800000000000001,0.0
5992562,1.2621031746031746,0.5333333333333333,-0.2621031746031746,0.8466666666666667,0.0
5997629,0.8020424836601308,0.7000000000000001,0.19795751633986927,0.3166870527771479,0.0
2072862,1.6083333333333334,0.6333333333333333,-0.6083333333333334,0.0,1.0
1918244,1.5472222222222225,0.6240005113869782,-0.5472222222222222,0.0,1.0
5998714,0.7021044441278478,0.7576494264117851,0.03707462568864822,1.0090775155769742,0.0
5990516,1.586080586080586,0.5333333333333333,-0.5860805860805861,1.413333333333333,0.0
5980803,1.531986531986532,0.6333333333333333,-0.531986531986532,1.58,0.0
5994929,1.4587655400155402,0.6,-0.4587655400155401,0.7399999999999999,0.0
2495547,1.0807539682539682,0.6,-0.08075396825396826,0.0,1.0
2647680,0.7694444444444445,0.6,0.2305555555555555,0.0,1.0
5979809,1.6195767195767194,0.6666666666666666,-0.6195767195767196,1.2466666666666668,0.0
5979754,1.4764880952380952,0.7333333333333334,-0.4764880952380952,0.9733333333333332,0.0
5993798,0.9647486772486772,0.6666666666666666,0.035251322751322776,0.9866666666666668,0.0
2071718,1.2083333333333333,0.6823646569555694,-0.20833333333333331,0.0,1.0
5987976,1.6003030303030303,0.6999999999999998,-0.6003030303030302,0.88,0.0
5997024,1.2157407407407408,0.4666666666666666,-0.2157407407407407,1.16,0.0
3401678,1.2525352733686066,0.6333333333333334,-0.25253527336860665,0.0,1.0
5991392,1.1638888888888892,0.6333333333333333,-0.1638888888888889,1.0066666666666666,0.0
5992987,1.0555555555555556,0.6666666666666666,-0.055555555555555546,0.8466666666666667,0.0
5986528,1.1065476190476191,0.5333333333333333,-0.10654761904761904,1.28,0.0
5991719,1.0858796296296296,0.4000000000000001,-0.08587962962962963,1.7133333333333336,0.0
2217184,1.9059232026143793,0.5666666666666668,-0.9059232026143792,0.0,1.0
5986760,1.4525946275946275,0.5333333333333333,-0.4525946275946276,0.5333333333333333,0.0
2060877,0.7936507936507936,0.43333333333333335,0.2063492063492064,0.0,1.0
2687300,1.11515522875817,0.8000000000000002,-0.11515522875816996,0.0,1.0
3396899,1.234920634920635,0.7333333333333334,-0.2349206349206349,0.0,1.0
5978220,1.6244496244496245,0.5666666666666668,-0.6244496244496245,0.2600000000000001,0.0
5984493,1.1118055555555555,0.6333333333333333,-0.11180555555555556,0.62,0.0
1885961,1.0581481481481478,0.5666666666666667,-0.058148148148148136,0.0,1.0
2671867,1.4512254901960784,0.6666666666666666,-0.4512254901960784,0.0,1.0
5980639,1.1653439153439151,0.6,-0.16534391534391538,0.4533333333333334,0.0
5991879,1.7678114478114475,0.7333333333333334,-0.7678114478114478,0.8999999999999999,0.0
5987334,0.9654456654456656,0.6,0.034554334554334584,1.0666666666666669,0.0
5979220,0.5416666666666666,0.5666666666666667,0.4583333333333333,0.6933333333333334,0.0
5992717,1.4654761904761904,0.55,-0.4654761904761905,2.19,0.0
5992827,0.9361111111111112,0.5396742617084477,0.06388888888888887,1.24,0.0
2826772,0.8169765610561832,0.6666666666666666,-0.12366290468536224,0.0,1.0
1795573,1.4159722222222222,0.6,-0.4753837972587973,0.0,1.0
5981643,0.9554713804713804,0.6333333333333333,0.04452861952861953,0.5466666666666666,0.0
5984324,0.9759324009324009,0.6333333333333333,0.024067599067599067,0.4666666666666666,0.0
5981876,1.5889898989898992,0.7666666666666666,-0.588989898989899,0.7666666666666666,0.0
5999165,0.8648148148148147,0.6,0.1351851851851852,0.7333333333333334,0.0
5993460,0.7027777777777778,0.4666666666666666,0.2972222222222222,1.2466666666666668,0.0
5996758,0.6186507936507937,0.5333333333333333,0.3813492063492063,0.6999999999999998,0.0
5998325,1.2019230769230769,0.4,-0.20192307692307693,0.6932500733774772,0.0
5995749,0.6574074074074073,0.6,0.3425925925925926,0.8533333333333332,0.0
5989182,0.8037878787878787,0.7333333333333334,0.1962121212121212,0.3933333333333333,0.0
1857664,0.8123148148148148,0.6000000000000001,0.1876851851851852,0.0,1.0
5978349,0.9828291413012128,0.43333333333333335,-0.4581052464616597,0.6206592670365297,0.0
5994846,1.097222222222222,0.6999999999999998,-0.09722222222222224,0.38666666666666666,0.0
5993478,1.05,0.6333333333333333,-0.05000000000000001,0.44,0.0
5984784,1.2332720588235295,0.6499999999999999,-0.23327205882352944,0.98,0.0
5985625,0.9799272486772488,0.5666666666666668,0.020072751322751287,0.3466666666666667,0.0
5988140,0.8020998677248677,0.5666666666666665,0.19790013227513226,0.5066666666666667,0.0
5991208,0.7835858585858585,0.6666666666666666,0.2164141414141414,1.3266666666666664,0.0
5985133,1.4287684537684535,0.5333333333333333,-0.42876845376845374,0.18666666666666668,0.0
5992166,0.9440476190476192,0.5666666666666667,0.055952380952380976,0.4133333333333333,0.0
2425653,1.3546296296296296,0.6666666666666666,-0.35462962962962963,0.0,1.0
5988935,0.7959595959595959,0.6666666666666666,0.204040404040404,1.86,0.0
5987409,1.0971250971250972,0.5666666666666668,-0.09712509712509716,1.18,0.0
5990206,0.9584876543209876,0.5,0.04151234567901235,0.94,0.0
1884476,5.646336242726518,0.5333333333333333,0.3538888888888889,0.0,1.0
3297394,1.5889215686274512,0.6,-0.5889215686274509,0.0,1.0
5988228,0.7083333333333334,0.6666666666666666,0.2916666666666667,0.9933333333333336,0.0
1699632,1.4789682539682538,0.6666666666666666,-0.47896825396825393,0.0,1.0
5982641,1.4233821733821734,0.5666666666666668,-0.4233821733821734,0.5333333333333333,0.0
5994371,1.290376984126984,0.6666666666666666,-0.2903769841269841,0.3533333333333333,0.0
5979282,0.9058090828924162,0.6666666666666666,0.09419091710758376,1.4266666666666667,0.0
2672308,1.2949481074481075,0.5333333333333333,-0.29494810744810745,0.0,1.0
5984847,2.5618242134483302,0.7333333333333334,0.04880536130536129,0.5333333333333333,0.0
5990569,1.7400793650793651,0.6,-0.7400793650793651,0.64,0.0
1795486,1.07255291005291,0.5333333333333333,-0.07255291005291005,0.0,1.0
5983142,1.4610648148148149,0.5333333333333333,-0.4610648148148148,0.2333333333333333,0.0
3059435,0.9031746031746032,0.6333333333333333,0.09682539682539684,0.0,1.0
1934455,1.2531746031746032,0.5666666666666668,-0.2531746031746032,0.0,1.0
5981253,1.3077570577570576,0.6333333333333333,-0.3077570577570577,0.2533333333333333,0.0
1815244,1.1305555555555555,0.5666666666666668,-0.13055555555555556,0.0,1.0
5986119,1.7997191697191697,0.6999999999999998,-0.7997191697191698,0.1,0.0
2778337,1.1944444444444444,0.6333333333333333,-0.1944444444444444,0.0,1.0
5989919,0.6437475644657235,0.5666666666666667,0.19373931569713573,0.8784837314019452,0.0
5996848,1.2894841269841268,0.5333333333333333,-0.289484126984127,0.9,0.0
2281871,1.1195502645502646,0.6,-0.11955026455026455,0.0,1.0
5999385,0.9626488095238096,0.5333333333333333,0.03735119047619048,1.3,0.0
5983374,0.925,0.5,0.075,1.38,0.0
1553599,0.9825571895424836,0.6333333333333333,0.01744281045751635,0.0,1.0
5981811,1.4131944444444444,0.6666666666666666,-0.4131944444444444,0.48,0.0
1592122,1.2633928571428568,0.5666666666666667,-0.26339285714285715,0.0,1.0
1998492,1.6076388888888893,0.5666666666666668,-0.6076388888888888,0.0,1.0
5989463,1.5604497354497353,0.5,-0.5604497354497354,1.1666666666666667,0.0
3011241,1.771773288439955,0.5666666666666667,-0.7717732884399551,0.0,1.0
3253895,1.0804232804232805,0.5666666666666667,-0.08042328042328041,0.0,1.0
5994593,0.6458333333333334,0.43333333333333335,0.3541666666666667,0.8066666666666666,0.0
2291465,1.1098970473970473,0.6333333333333334,-0.10989704739704738,0.0,1.0
5991173,0.956043956043956,0.6,0.043956043956043946,1.7733333333333332,0.0
2409586,1.7582112332112334,0.6666666666666666,-0.7582112332112333,0.0,1.0
5986970,0.7896825396825397,0.6333333333333333,0.21031746031746024,0.7666666666666666,0.0
5998680,0.7527777777777778,0.7000000000000001,0.2472222222222222,1.3133333333333332,0.0
2578313,1.471051864801865,0.5,-0.18586888169146829,0.0,1.0
5990683,0.6694444444444446,1.1289535036220115,-0.31092155691603196,0.92,0.0
2430768,1.2478114478114477,0.6000000000000001,-0.24781144781144784,0.0,1.0
5981666,1.2666666666666666,0.6,-0.26666666666666666,1.1133333333333333,0.0
2337733,1.4723544973544973,0.43333333333333335,-0.4723544973544974,0.0,1.0
5982368,0.9972222222222222,0.6,0.002777777777777768,1.5266666666666666,0.0
5998625,1.2894014550264552,0.6333333333333333,-0.28940145502645503,1.7933333333333332,0.0
5995305,1.1332417582417582,0.6333333333333333,-0.13324175824175824,1.0733333333333337,0.0
5997599,1.4482646982646985,0.6,-0.4482646982646983,0.32,0.0
2963003,1.5444444444444445,0.43333333333333335,-0.5444444444444444,0.0,1.0
1627376,1.1458333333333333,0.6,-0.14583333333333334,0.0,1.0
1867749,1.0942550505050506,0.5666666666666668,-0.09425505050505052,0.0,1.0
5999278,1.27609126984127,0.5898313270305751,-0.27609126984126986,0.4266666666666666,0.0
5982273,1.2747685185185185,0.6666666666666666,-0.2747685185185185,2.0,0.0
5993919,0.6292989417989417,0.6333333333333333,0.3707010582010582,1.3333333333333333,0.0
5990379,0.7957618464052288,0.6333333333333334,0.20423815359477124,0.6000000000000001,0.0
1807363,0.9486607142857144,0.5,0.05133928571428571,0.0,1.0
5998144,1.2932030932030931,0.6333333333333333,-0.2932030932030932,0.4133333333333333,0.0
2741800,0.6949402983810167,0.5333333333333333,0.09901165582866148,0.0,1.0
5986875,0.969212962962963,0.4666666666666666,0.03078703703703702,1.6733333333333336,0.0
5985374,1.0555555555555556,0.7000000000000001,-0.055555555555555546,0.5533333333333333,0.0
5985528,0.6321693121693123,0.6,0.36783068783068784,0.11333333333333333,0.0
5982726,0.8694444444444445,0.6333333333333333,0.13055555555555556,0.9866666666666668,0.0
5997133,0.7902777777777779,0.6333333333333333,0.20972222222222225,1.2466666666666668,0.0
5992847,1.790867003367003,0.6333333333333333,-0.7908670033670034,1.3733333333333333,0.0
5981619,0.977777777777778,0.6333333333333334,0.022222222222222227,0.07333333333333332,0.0
5992062,0.7888888888888889,0.6666666666666666,0.2111111111111111,1.02,0.0
5979123,1.4798611111111108,0.4333333333333333,-0.4798611111111111,0.32666666666666666,0.0
5986623,0.7351190476190476,0.5,0.2648809523809524,0.4066666666666667,0.0
3312880,1.0925925925925926,3.7046265654557717,-0.0925925925925926,0.0,1.0
5978297,0.6332407407407408,0.6,0.3667592592592593,0.17333333333333334,0.0
5980342,1.3121498756551109,0.6666666666666666,0.0448809523809524,0.96,0.0
5995812,0.8845505083299384,0.6333333333333334,-0.14507449617928245,0.06996565722154323,0.0
5981156,1.2672619047619047,0.6666666666666666,-0.2672619047619048,1.42,0.0
5988079,1.0462962962962965,0.5666666666666668,-0.9910866795669168,1.393333333333333,0.0
1888009,0.6944444444444443,0.5,0.3055555555555556,0.0,1.0
5983942,1.9373008592197627,0.4666666666666666,0.0701388888888889,0.2066666666666667,0.0
5989134,1.0849867724867723,0.6666666666666666,-0.08498677248677249,1.1011783135385305,0.0
5997497,0.8222222222222223,0.7666666666666666,0.17777777777777778,1.2266666666666668,0.0
5987206,1.4198611111111112,0.6,-0.4198611111111112,0.28,0.0
3224372,1.132087542087542,0.7666666666666666,-0.7715923351455586,0.0,1.0
5980578,0.5981481481481481,0.5666666666666665,0.4018518518518519,0.8133333333333334,0.0
2325211,0.7866666666666666,0.7000000000000001,0.21333333333333332,0.0,1.0
5981622,1.4624389499389499,0.6333333333333333,-0.4624389499389499,0.8533333333333334,0.0
2539153,1.2844576719576721,0.7000000000000001,-0.284457671957672,0.0,1.0
2940822,0.9761315073815074,0.6333333333333333,0.023868492618492592,0.0,1.0
2884618,1.0911706349206352,0.5333333333333333,-0.09117063492063493,0.0,1.0
5983733,1.5592592592592591,0.5,-0.5592592592592592,0.8666666666666667,0.0
5996772,1.4148809523809522,0.5041745381847783,-0.4148809523809524,1.1,0.0
5990730,1.3055555555555556,0.6333333333333333,-0.3055555555555555,0.5399999999999999,0.0
5983798,0.7870370370370369,0.6333333333333333,0.21296296296296302,1.2533333333333332,0.0
5987880,1.0786111111111112,0.4000000000000001,-0.07861111111111108,0.006666666666666667,0.0
5989358,1.1447031590413943,0.6,-0.14470315904139433,0.6866666666666666,0.0
1976686,1.1888888888888889,0.4666666666666666,-0.18888888888888888,0.0,1.0
5997074,1.1316498316498318,0.6333333333333333,-0.13164983164983168,0.6066666666666667,0.0
5996098,0.7037037037037037,0.5333333333333333,0.29629629629629634,1.3133333333333332,0.0
5989576,1.273015873015873,0.6333333333333333,-0.27301587301587305,0.5466666666666667,0.0
5978482,1.1364057239057241,0.5666666666666668,-0.13640572390572392,0.7600000000000001,0.0
5998601,1.1236402486402486,0.5666666666666668,-0.12364024864024865,1.0533333333333337,0.0
2217964,1.5934523809523808,0.6,-0.593452380952381,0.0,1.0
5991469,1.7143959435626102,0.6,-0.7143959435626103,0.5847769463340892,0.0
5978198,0.9737336601307188,0.5666666666666668,0.026266339869281025,0.5666666666666668,0.0
5979418,1.1833333333333331,0.7,-0.1833333333333333,0.21,0.0
5984581,1.2174162257495589,0.6666666666666666,-0.2174162257495591,0.5733333333333334,0.0
3371034,0.9716422466422466,0.6666666666666666,0.02835775335775333,0.0,1.0
5994176,1.4393849206349203,0.7000000000000001,-0.4393849206349206,1.0533333333333337,0.0
5992394,1.2347222222222225,0.5666666666666668,-0.2347222222222222,1.5103657664977013,0.0
5986585,1.1334147334147333,0.6333333333333334,-0.1334147334147334,0.04,0.0
5980810,1.1304195804195805,0.5333333333333333,-0.13041958041958046,0.7799999999999999,0.0
5982648,1.6465277777777778,0.6666666666666666,-0.6465277777777777,0.4933333333333334,0.0
1770100,1.134246031746032,0.6333333333333333,-0.13424603174603175,0.0,1.0
2388324,0.7270833333333333,0.6,0.27291666666666664,0.0,1.0
3133539,1.2880291005291005,0.5666666666666667,-0.2880291005291005,0.0,1.0
5992885,0.875,0.6333333333333333,0.125,1.0466666666666666,0.0
5986725,0.6329365079365079,0.5333333333333333,0.3670634920634921,1.4666666666666668,0.0
5980018,0.8038943355119826,0.7333333333333334,0.1961056644880174,0.34,0.0
5993047,1.108292483660131,0.6333333333333334,-0.10829248366013072,1.36,0.0
3245872,0.8141349391349392,0.5333333333333333,0.18586506086506085,0.0,1.0
5998583,1.5494444444444444,0.5666666666666665,-0.5494444444444444,1.3066666666666666,0.0
2586570,1.246279761904762,0.5666666666666668,-0.2462797619047619,0.0,1.0
5994231,0.9781045751633988,0.6666666666666666,0.021895424836601302,0.7000000000000001,0.0
5988715,0.9322222222222222,0.43333333333333335,-5.083912473794549,4.040787187666136,0.0
5988855,0.7805555555555556,0.5333333333333333,0.21944444444444444,1.7021359858664282,0.0
5979333,1.594490231990232,0.6999999999999998,-0.594490231990232,1.4600000000000002,0.0
5981460,1.265707671957672,0.6333333333333333,-0.26570767195767203,0.92,0.0
2244824,0.9464285714285716,0.6,0.05357142857142855,0.0,1.0
1875913,0.9938888888888888,0.6999999999999998,0.006111111111111141,0.0,1.0
5991006,1.2861111111111112,0.6333333333333333,-0.2861111111111111,0.5666666666666667,0.0
5993804,0.8524074074074074,0.5333333333333333,0.1475925925925926,0.20666666666666667,0.0
2585479,1.4629901960784313,0.6333333333333333,-0.4629901960784314,0.0,1.0
5986800,1.4359876543209875,0.5333333333333333,-0.4359876543209877,1.1133333333333333,0.0
2792238,1.8555555555555556,0.6666666666666666,-0.8555555555555555,0.0,1.0
5992814,1.5805555555555555,0.5666666666666665,-0.5805555555555556,0.94,0.0
5987789,1.0546296296296298,0.5,-0.05462962962962962,0.3666666666666667,0.0
5986960,1.5043976411637843,0.5,-0.01836312666330488,1.6099448504403446,0.0
5986994,1.63030303030303,0.7333333333333334,-0.6303030303030303,0.8533333333333334,0.0
5983336,1.6047222222222224,0.6666666666666666,-0.6047222222222223,0.8733333333333334,0.0
2468933,1.1118742368742371,0.5333333333333333,-0.11187423687423688,0.0,1.0
5998023,1.0981316137566135,0.6333333333333334,-0.09813161375661376,0.9466666666666668,0.0
5987263,1.2509920634920637,0.6,-0.2509920634920635,1.2392278466837534,0.0
5987566,0.9456349206349208,0.6333333333333333,0.054365079365079366,0.5533333333333333,0.0
5984375,0.9722222222222224,0.5666666666666667,0.027777777777777773,0.6733333333333333,0.0
5984414,0.9055555555555556,0.5333333333333333,0.09444444444444446,0.6933333333333334,0.0
5986201,1.4599755799755798,0.6,-0.45997557997558,1.346666666666667,0.0
5983921,0.7715277777777777,0.4330275447372871,0.2284722222222223,0.58,0.0
2315403,1.7906001984126985,0.6666666666666666,-0.7906001984126984,0.0,1.0
2388190,0.8111305361305362,0.5333333333333333,0.18886946386946385,0.0,1.0
5983852,1.5427777777777776,0.6,-0.5427777777777778,0.6266666666666666,0.0
5993677,1.1192460317460318,0.5666666666666668,-0.11924603174603175,1.2266666666666668,0.0
5991393,1.3796296296296298,0.6333333333333333,-0.3796296296296296,1.106666666666667,0.0
5997108,1.5805555555555555,0.6666666666666666,-0.5805555555555556,0.96,0.0
5995003,1.2502314814814814,0.4666666666666666,-0.2502314814814815,0.7933333333333333,0.0
3300039,1.2201388888888889,0.7,-0.2201388888888889,0.0,1.0
1797304,1.467834249084249,0.6000000000000001,-0.4678342490842491,0.0,1.0
5988878,0.7236111111111111,0.6333333333333333,0.27638888888888885,0.12666666666666668,0.0
5980174,0.6463789682539682,0.5666666666666665,0.3536210317460317,1.5599999999999998,0.0
5988351,1.4257936507936508,0.6,-0.4257936507936508,0.5066666666666667,0.0
5993404,1.93973063973064,0.5,-0.9397306397306396,1.04,0.0
3131928,1.4833333333333334,0.6666666666666666,-0.4833333333333334,0.0,1.0
2651233,0.916708754208754,0.6333333333333333,0.08329124579124576,0.0,1.0
5993255,1.4442261904761906,0.5333333333333333,-0.4442261904761904,1.7533333333333332,0.0
1551161,0.9779431216931216,0.5333333333333333,0.022056878306878303,0.0,1.0
2871632,0.8056746031746033,0.5,0.1943253968253968,0.0,1.0
5988149,1.2703296703296705,0.5333333333333333,-0.2703296703296703,2.374834612591476,0.0
5981282,0.9554023692810456,0.7666666666666667,0.04459763071895425,0.8666666666666667,0.0
3342997,1.3888888888888893,0.7333333333333334,-0.3888888888888889,0.0,1.0
3350455,0.9027777777777776,0.6,0.0972222222222222,0.0,1.0
5998590,3.4535838121656437,0.5,-0.26666666666666666,0.86,0.0
5997715,0.9594794094794096,0.7333333333333334,0.04052059052059052,1.0333333333333334,0.0
5996887,1.5964395943562608,0.6333333333333333,-0.5964395943562609,0.4133333333333333,0.0
2817995,1.4514197530864197,0.6333333333333333,-0.4514197530864197,0.0,1.0
1664708,1.396279761904762,0.6666666666666666,-0.3962797619047619,0.0,1.0
5990143,1.1329384531590414,0.5333333333333333,-0.1329384531590414,1.5399999999999998,0.0
5985684,1.2980311355311356,0.5,-0.2980311355311355,0.32,0.0
1721049,1.6261655011655012,0.6333333333333334,-0.6261655011655013,0.0,1.0
5987386,0.9656045751633988,0.6333333333333333,0.034395424836601296,0.8933333333333334,0.0
5987164,1.1600839714868179,0.6,-0.20889889828017927,1.1481169944851894,0.0
3232286,1.1422817460317458,0.5666666666666668,-0.14228174603174604,0.6028263813975788,1.0
5996937,1.4057539682539684,0.6999999999999998,-0.4057539682539683,0.2133333333333333,0.0
5981537,1.4474650349650349,0.6666666666666666,-0.4474650349650349,1.906666666666667,0.0
5985486,1.309553571428571,0.7333333333333334,-0.30955357142857143,0.6266666666666666,0.0
5997500,0.9638888888888888,0.5666666666666667,0.036111111111111115,1.1733333333333331,0.0
3058967,1.1282738095238096,0.5666666666666667,-0.12827380952380954,0.0,1.0
5980086,1.24015799015799,0.4666666666666666,-0.2401579901579901,1.0266666666666666,0.0
2272257,1.013888888888889,0.6666666666666666,-0.013888888888888895,0.0,1.0
5985941,1.1166666666666667,0.5666666666666668,-0.11666666666666667,0.9466666666666668,0.0
5996844,0.9735690235690236,0.6666666666666666,0.02643097643097643,0.8933333333333334,0.0
1832615,1.7027777777777775,0.5333333333333333,-0.7027777777777778,0.0,1.0
5989397,1.2941919191919191,1.0407955660170105,-0.2941919191919192,1.2933333333333332,0.0
2327047,0.7361111111111112,0.6333333333333333,0.2638888888888889,0.0,1.0
5995379,1.7848748473748473,0.6666666666666666,-0.7848748473748474,0.6666666666666666,0.0
5980364,0.7806481481481482,0.6333333333333334,0.21935185185185188,0.7200000000000001,0.0
5987446,0.9236111111111112,0.6666666666666666,0.07638888888888888,0.9,0.0
5996383,0.9263888888888888,0.6,0.07361111111111111,1.58,0.0
5993045,0.94484126984127,0.6333333333333333,0.055158730158730164,0.3666666666666667,0.0
5980379,1.4176702926702929,0.27586866103355273,-0.4176702926702927,0.6266666666666666,0.0
5985863,1.0708754208754208,0.6333333333333334,-0.07087542087542087,1.3266666666666664,0.0
2452154,1.1456060606060607,0.5333333333333333,-0.1456060606060606,0.0,1.0
5990934,1.7173382173382172,0.5666666666666665,-0.7173382173382173,0.7000000000000001,0.0
5990538,1.224206349206349,0.6000000000000001,-0.2242063492063492,0.6133333333333334,0.0
5980377,0.6472374847374848,1.4704958453559798,0.3527625152625153,0.9066666666666668,0.0
5991969,1.1478758169934642,0.5666666666666665,-0.14787581699346405,0.2866666666666667,0.0
1681149,1.1308862433862432,0.5333333333333333,-0.1308862433862434,0.0,1.0
5999351,1.585606060606061,0.6666666666666666,-0.5856060606060606,0.8266666666666667,0.0
5983234,1.1148962148962152,0.5333333333333333,-0.11489621489621488,0.2933333333333333,0.0
5978871,1.1888888888888889,0.6666666666666666,-0.18888888888888888,0.7399999999999999,0.0
5981861,1.3287037037037035,0.7666666666666666,-0.3287037037037037,1.2666666666666666,0.0
5996183,1.4403540903540903,0.4666666666666666,-0.4403540903540904,1.64,0.0
2610968,0.9829248366013073,0.6666666666666666,0.017075163398692802,0.0,1.0
5990974,1.4665140415140414,0.6,-0.4665140415140415,0.4133333333333333,0.0
3351186,1.2786616161616162,0.6333333333333333,-0.27866161616161617,0.0,1.0
5982837,1.4308201058201055,0.6333333333333334,-0.4308201058201058,0.6933333333333334,0.0
3428474,0.9159556878306878,0.4000000000000001,0.08404431216931217,0.0,1.0
5995876,0.934004884004884,0.5,0.06599511599511602,0.02,0.0
2696825,0.9854166666666666,0.45,0.014583333333333334,0.0,1.0
5995035,1.7713235294117649,0.5666666666666668,-0.7713235294117647,1.0066666666666668,0.0
5992209,1.6025793650793652,0.7000000000000001,-0.602579365079365,1.0600000000000005,0.0
1579963,1.061952861952862,0.6,-0.06195286195286195,0.0,1.0
5979623,0.9583333333333334,0.6000000000000001,0.04166666666666666,0.8466666666666667,0.0
5996579,0.4551587301587302,0.5333333333333333,0.5448412698412698,0.9,0.0
5995303,0.8958333333333334,0.7333333333333334,0.10416666666666667,1.7866666666666668,0.0
5987437,1.301984126984127,0.6333333333333333,-0.30198412698412697,1.3066666666666666,0.0
5991684,1.250631313131313,0.4,-0.2506313131313131,1.0733333333333333,0.0
5979195,1.606666666666667,0.5333333333333333,-0.6066666666666667,0.4,0.0
2467480,0.9784111721611722,0.5333333333333333,0.021588827838827856,0.0,1.0
5979815,0.6208333333333333,0.5666666666666668,0.37916666666666665,0.28,0.0
2070382,0.9618686868686868,0.6,0.038131313131313134,0.0,1.0
5988996,1.2957459207459208,0.6,-0.2957459207459208,0.3666666666666667,0.0
5985983,1.2912087912087913,0.7333333333333333,-0.2912087912087912,0.42,0.0
1728880,1.2237103174603174,0.6,-0.22371031746031744,0.0,1.0
5989657,0.9671801613689379,0.6,-0.218142633377404,0.12543470249583027,0.0
5989114,3.450568515202073,0.5,-0.2259259259259259,0.7999999999999999,0.0
5979204,1.354444444444444,0.5666666666666668,-0.3544444444444444,1.5,0.0
5992712,1.3759920634920637,0.5,-0.3759920634920635,0.5199999999999999,0.0
5996033,1.301858660130719,0.6666666666666666,-0.301858660130719,0.92,0.0
5990404,1.6103703703703705,0.6666666666666666,-0.6103703703703703,1.6,0.0
1552435,0.1944444444444444,0.5666666666666667,0.8055555555555555,0.0,1.0
5986446,1.5871031746031743,0.6666666666666666,-0.5871031746031746,0.52,0.0
2624735,1.3305555555555555,0.6333333333333333,-0.33055555555555555,0.0,1.0
5998918,1.3009259259259258,0.6666666666666666,-0.3009259259259259,0.3800000000000001,0.0
3250486,1.2064814814814817,0.6666666666666666,-0.2064814814814815,0.4946332133213321,1.0
5982463,1.7832856753812638,0.5666666666666665,-0.7832856753812637,0.7200000000000001,0.0
3329130,1.5877085877085877,0.6720365695961347,-0.5877085877085877,0.0,1.0
2415826,0.9398148148148148,0.5666666666666667,0.0601851851851852,0.0,1.0
5981669,1.8871031746031743,0.43333333333333335,-0.8871031746031747,1.28,0.0
5983321,0.6944444444444445,0.5333333333333333,0.3055555555555555,0.98,0.0
5996597,1.9494810744810744,0.6666666666666666,-0.9494810744810744,0.8533333333333334,0.0
5988479,1.2941919191919191,0.7666666666666666,-0.2941919191919192,0.8866666666666667,0.0
2978623,0.9635582010582012,1.6948945954861516,0.03644179894179892,0.0,1.0
5978928,1.3666666666666665,0.4666666666666666,-0.36666666666666653,0.3066666666666667,0.0
5992925,0.6426752645502646,0.6,0.3573247354497355,1.5066666666666666,0.0
5986043,1.6361111111111108,0.4666666666666666,-0.6361111111111111,1.4733333333333334,0.0
5987893,1.4559523809523809,0.5666666666666668,-0.455952380952381,1.58,0.0
1799968,0.9092592592592592,0.5333333333333333,-0.14562912443560352,0.0,1.0
5986384,1.1650793650793652,0.6666666666666666,-0.16507936507936508,1.3333333333333333,0.0
2138792,0.6259920634920635,0.6,0.3740079365079365,0.0,1.0
5978090,1.8166666666666669,0.6666666666666666,-0.6725374128741288,1.62,0.0
5983848,1.6221230158730158,0.7333333333333334,-0.6221230158730159,0.84,0.0
2828934,1.300256283068783,0.5333333333333333,-0.3002562830687831,0.0,1.0
5989127,0.9796626984126984,0.6,-0.2471765597790188,1.4866666666666668,0.0
5996966,1.3114652014652015,0.6666666666666666,-0.31146520146520146,1.1333333333333335,0.0
5985681,1.1020248270248272,0.6333333333333333,-0.102024827024827,0.86,0.0
5982852,1.2777777777777781,0.6333333333333333,-0.2777777777777778,0.5133333333333333,0.0
5987818,1.0305555555555557,0.6000000000000001,-0.03055555555555556,0.2533333333333333,0.0
5991976,1.7763209013209014,0.5666666666666667,-0.7763209013209013,1.5,0.0
2657132,1.125925925925926,0.5666666666666668,-0.12592592592592589,0.0,1.0
5981428,1.1162037037037038,0.6151085165741476,-0.1162037037037037,1.0533333333333332,0.0
3155158,0.8117114367114366,0.8000000000000002,0.18828856328856333,0.0,1.0
5988181,1.9576143790849676,0.7333333333333334,-0.9576143790849674,0.6,0.0
5995513,1.2532828282828279,0.6,-0.2532828282828283,0.8866666666666666,0.0
5985694,0.6278108465608466,0.6,0.37218915343915343,0.3066666666666667,0.0
5996724,0.7882154882154881,0.6666666666666666,0.21178451178451185,0.5266666666666667,0.0
3283106,1.245959595959596,0.6666666666666666,-0.245959595959596,0.0,1.0
2933636,1.4366605616605617,0.6,-0.4366605616605617,0.0,1.0
5999442,0.9843545751633987,0.6333333333333333,0.01564542483660129,0.3133333333333333,0.0
5980120,0.9027777777777776,0.5,0.09722222222222222,1.0,0.0
5980627,0.9603378103378104,0.6333333333333333,0.03966218966218967,0.22,0.0
5983730,1.113125763125763,0.6666666666666666,-0.11312576312576315,0.92,0.0
5998566,1.1310286935286935,0.7333333333333334,-0.13102869352869356,0.5933333333333334,0.0
5990296,0.7961562688233652,0.5666666666666668,-0.0706718655883174,1.3129241455110403,0.0
5982467,0.9170634920634921,0.5666666666666667,0.08293650793650792,0.09333333333333334,0.0
5993866,0.8110615079365079,0.5666666666666668,0.1889384920634921,1.2133333333333334,0.0
2735940,1.0126216285919274,0.6333333333333334,-0.2492076736615539,0.0,1.0
2029109,1.4712121212121214,0.6,-0.4712121212121212,0.0,1.0
2077328,0.9206683345132304,0.7333333333333334,-0.016746035095857353,0.0,1.0
5998879,0.9152777777777776,0.5333333333333333,0.08472222222222221,0.32,0.0
5995780,0.8171296296296297,0.7000000000000001,0.1828703703703704,1.12,0.0
2092877,1.2258597883597884,0.6333333333333334,-0.22585978835978834,0.0,1.0
5986710,0.9496031746031748,0.6666666666666666,0.05039682539682538,1.2933333333333334,0.0
5996918,1.122222222222222,0.6666666666666666,-0.12222222222222225,0.5,0.0
5998784,0.6240079365079365,0.4219071975285298,0.3759920634920635,0.8999999999999999,0.0
5980346,1.1896825396825397,0.43333333333333335,-0.18968253968253967,1.4533333333333331,0.0
5986248,1.6861772486772486,0.6999999999999998,-0.6861772486772487,1.24,0.0
5988900,1.3611111111111107,0.6333333333333333,-0.3611111111111112,0.8466666666666667,0.0
5990512,0.8991402116402116,0.5,0.10085978835978833,0.84,0.0
5994840,1.2695027195027195,0.5666666666666668,-0.26950271950271953,1.2133333333333332,0.0
3047148,1.1805555555555556,0.6333333333333334,-0.1805555555555556,0.0,1.0
1960223,1.951851851851852,0.5333333333333333,-0.9518518518518516,0.0,1.0
5994936,1.1409673659673658,0.6999999999999998,-0.140967365967366,1.106666666666667,0.0
5987338,1.2596064814814816,0.7000000000000001,-0.2596064814814815,0.18000000000000002,0.0
5984473,0.9833333333333334,0.4666666666666666,0.016666666666666646,0.006666666666666667,0.0
3047843,0.9747474747474746,0.4666666666666666,0.02525252525252525,0.0,1.0
5995919,1.1112373737373735,0.6000000000000001,-0.11123737373737376,0.4266666666666667,0.0
5984071,1.467312548562549,0.7000000000000001,-0.4673125485625486,0.7599999999999999,0.0
5995148,1.2814950980392157,0.5,-0.2814950980392157,0.26,0.0
5978606,1.3063288563288564,0.6333333333333333,-0.3063288563288563,0.4933333333333334,0.0
2870206,0.9550505050505049,0.5666666666666668,0.04494949494949494,0.0,1.0
5990378,1.6154208754208754,0.5,-0.6154208754208754,0.6466666666666666,0.0
2405966,1.2558586302121506,0.4333333333333333,-0.5340552353852387,0.0,1.0
5998149,0.6454286454286454,0.6333333333333333,0.3545713545713545,0.6466666666666666,0.0
5982966,1.8729603729603728,0.7000000000000001,-0.8729603729603731,0.7599999999999999,0.0
5997536,0.7583333333333333,0.3467236054690752,0.2416666666666667,0.9266666666666667,0.0
1649184,0.6517246642246642,0.44620276699299183,0.3482753357753358,0.0,1.0
5983482,0.8968253968253969,0.6000000000000001,0.1031746031746032,0.4466666666666667,0.0
5993923,1.4192480359147026,0.43333333333333335,-0.4192480359147026,1.0733333333333333,0.0
1740444,0.8152167277167277,0.5333333333333333,0.1847832722832723,0.0,1.0
5983887,1.5699494949494952,0.6000000000000001,-0.569949494949495,0.7933333333333333,0.0
2893891,1.391446208112875,0.5666666666666667,-0.3914462081128749,0.0,1.0
5993668,0.7566964285714285,0.5333333333333333,0.24330357142857145,1.18,0.0
5980453,1.4376262626262626,0.7188523823385516,-0.4376262626262626,1.5666666666666669,0.0
1790161,0.9598243464052288,0.43333333333333335,0.04017565359477127,0.0,1.0
2339577,1.3416666666666668,0.6666666666666666,-0.3416666666666666,0.0,1.0
5999509,1.1291285103785105,0.6666666666666666,-0.1291285103785104,0.3533333333333333,0.0
5983249,1.4592796092796092,0.5,-0.4592796092796093,1.1266666666666667,0.0
5998393,1.465163308913309,0.5333333333333333,-0.4651633089133089,0.4379100889899125,0.0
5983258,1.3472222222222223,0.6333333333333333,-0.3472222222222223,2.0733333333333333,0.0
2214010,1.2574074074074073,0.6666666666666666,-0.2574074074074074,0.16123881527387696,1.0
5985822,0.7982804232804233,0.7319757670956254,0.20171957671957672,1.1666666666666667,0.0
5998442,1.7823412698412702,0.3958640049885401,-0.7823412698412698,0.96,0.0
5997354,1.138980463980464,0.6333333333333333,-0.138980463980464,1.12,0.0
5996156,0.9198412698412698,0.5666666666666667,0.0801587301587302,1.0933333333333335,0.0
5992875,0.6445707070707071,0.6333333333333333,0.3554292929292929,1.1733333333333331,0.0
2724580,0.9546957671957672,0.4466992071814711,0.045304232804232826,0.0,1.0
5997042,1.0871031746031743,0.5666666666666668,-0.08710317460317459,0.66,0.0
3333128,1.0388888888888892,0.5333333333333333,-0.03888888888888886,0.0,1.0
2099610,0.8611111111111112,0.43333333333333335,0.13888888888888892,0.0,1.0
5995778,1.5960012210012209,0.5666666666666665,-0.5960012210012211,0.6733333333333333,0.0
5989779,1.111111111111111,0.7666666666666666,-0.11111111111111108,0.20666666666666667,0.0
5981467,1.0666666666666669,0.5,-1.1292545758335233,0.3800000000000001,0.0
5998201,1.2594276094276096,0.6333333333333333,-0.25942760942760945,1.0466666666666666,0.0
5984207,1.6256333459456564,0.5,-0.301062091503268,1.4,0.0
3300080,0.4442460317460317,0.5,0.5557539682539682,0.0,1.0
5996890,1.4572222222222222,0.65,-0.4572222222222222,0.54,0.0
5997890,0.8097853535353536,0.6333333333333333,0.1902146464646465,0.43333333333333335,0.0
5991556,0.7977314814814814,0.5333333333333333,0.20226851851851851,0.4933333333333334,0.0
2406449,2.693812344595583,0.5666666666666667,-0.2805555555555555,0.0,1.0
5991747,0.7701388888888889,0.5333333333333333,0.2298611111111111,0.4266666666666667,0.0
2195915,1.7137254901960783,0.6,-0.7137254901960784,0.0,1.0
5995140,0.7944841269841271,0.4666666666666666,0.20551587301587304,0.5499494094125184,0.0
2573487,1.4393187830687832,0.6999999999999998,-0.4393187830687831,0.0,1.0
2648687,0.7222222222222222,0.5,0.2777777777777778,0.0,1.0
2358820,1.4405952380952378,0.6666666666666666,-0.4405952380952381,0.0,1.0
3350759,0.6327380952380952,0.7666666666666666,0.3672619047619048,0.0,1.0
3432372,1.4479548229548234,0.5333333333333333,-0.4479548229548229,0.0,1.0
2612614,0.9575,0.6666666666666666,0.04250000000000002,0.0,1.0
5979069,0.9222222222222222,0.5333333333333333,0.07777777777777778,1.1466666666666667,0.0
3397076,1.5943055555555556,0.7000000000000001,-0.5943055555555555,0.0,1.0
3097679,1.1372766122766125,0.6333333333333333,-0.13727661227661228,0.0,1.0
5985231,1.1169934640522876,0.4666666666666666,-0.11699346405228755,0.9866666666666668,0.0
5978674,0.6777777777777777,0.6666666666666666,0.32222222222222224,1.2066666666666668,0.0
5986628,0.95239898989899,0.6,0.04760101010101011,0.4,0.0
5988253,1.2740222740222742,0.5333333333333333,-0.27402227402227397,1.32,0.0
5981711,1.7641865079365078,0.6666666666666666,-0.7641865079365079,0.18000000000000002,0.0
5992793,0.9690032679738564,0.6666666666666666,0.030996732026143788,0.6988659178915757,0.0
1757415,0.9550505050505049,0.5333333333333333,0.04494949494949494,0.0,1.0
5997294,0.6972222222222223,0.6999999999999998,0.30277777777777776,1.4333333333333331,0.0
5988498,0.65,0.6333333333333333,0.35000000000000003,0.04,0.0
5986208,1.3118559218559223,0.5666666666666665,-0.3118559218559219,0.92,0.0
2465296,1.1424603174603176,0.5333333333333333,-0.14246031746031748,0.0,1.0
5997425,1.2996184371184372,0.5,-0.2996184371184371,0.8066666666666666,0.0
3366219,0.9680555555555556,0.6,0.03194444444444442,0.0,1.0
5981002,1.1055555555555554,0.5333333333333333,-0.10555555555555557,0.96,0.0
3118457,1.119775132275132,0.6,-0.1197751322751323,0.0,1.0
5999454,1.1648148148148147,0.6,-0.2786764648246129,0.26,0.0
5998218,0.7013888888888888,0.5333333333333333,0.2986111111111111,0.3,0.0
5994246,1.0477017195767195,0.7053183367907688,-0.04770171957671957,0.5866666666666667,0.0
5983981,1.1404863654863655,0.6333333333333333,-0.1404863654863655,1.5200000000000002,0.0
5994489,0.7909932659932659,0.6333333333333333,0.20900673400673397,0.2933333333333333,0.0
5989662,1.0145205045309116,0.5333333333333333,-0.14035409035409036,0.54,0.0
1957024,1.05489417989418,0.5666666666666667,-0.05489417989417992,0.3830012955554431,1.0
3005504,1.1496450095570152,0.7666666666666666,-0.2008133378307522,0.0,1.0
3337500,0.9214285714285714,0.7,0.0785714285714286,0.0,1.0
5990704,0.9769917582417584,0.6499999999999999,0.023008241758241788,0.61,0.0
5980754,1.0020833333333332,0.5333333333333333,-0.00208333333333334,0.5866666666666668,0.0
5996621,1.6962632275132272,0.6333333333333333,-0.6962632275132274,1.1333333333333333,0.0
5988309,0.96765873015873,0.7333333333333333,0.03234126984126984,0.6933333333333334,0.0
5996362,1.610218253968254,0.5666666666666667,-0.610218253968254,0.7066666666666667,0.0
5991835,1.4083333333333332,0.6333333333333333,-0.4083333333333334,1.0466666666666666,0.0
5998826,1.5613756613756615,0.5,-0.5613756613756614,0.52,0.0
5994043,1.270436507936508,0.5333333333333333,-0.2704365079365079,0.7333333333333334,0.0
5982547,0.9299242424242424,0.6000000000000001,0.07007575757575757,0.93,0.0
5988233,1.281227106227106,0.5333333333333333,-0.2812271062271063,0.98,0.0
5991585,1.1375763125763128,1.8909469343292875,-0.13757631257631256,0.36000000000000004,0.0
5993585,2.418623399773133,0.6999999999999998,-0.325,1.1333333333333335,0.0
2343863,1.2935286935286936,0.6333333333333333,-0.29352869352869354,0.0,1.0
1715301,0.9679945054945056,0.6333333333333333,0.032005494505494524,0.0,1.0
5998702,1.8574074074074076,0.5333333333333333,-0.8574074074074073,0.22,0.0
5979614,1.291971916971917,0.4431567157636397,-0.291971916971917,0.6466666666666667,0.0
5992313,0.8416666666666667,0.5666666666666668,0.15833333333333333,0.96,0.0
2437703,1.0,0.45,0.0,0.0,1.0
3274455,1.4168209876543212,0.6333333333333334,-0.41682098765432096,0.0,1.0
5997152,1.0313492063492065,0.5666666666666667,-0.03134920634920635,1.5333333333333334,0.0
5980734,0.8194444444444445,0.5333333333333333,0.18055555555555555,0.9733333333333332,0.0
5989094,0.9778693528693528,0.6,0.02213064713064709,0.4,0.0
2519554,1.2578144078144078,0.6,-0.25781440781440784,0.0,1.0
5985962,1.807936507936508,0.5666666666666668,-0.8079365079365078,1.36,0.0
5983259,4.062171660248583,0.6666666666666666,-0.3683862433862434,1.1333333333333333,0.0
1629885,0.75,0.6666666666666666,0.25,0.0,1.0
5991934,1.0694444444444444,0.5,-0.06944444444444442,1.46,0.0
5990094,1.0888888888888888,0.6666666666666666,-0.0888888888888889,0.4933333333333334,0.0
5991572,1.4608669108669108,0.6666666666666666,-0.4608669108669109,0.5266666666666667,0.0
5998476,1.1875,0.5333333333333333,-0.1875,1.4733333333333334,0.0
5992695,1.0565476190476188,0.5333333333333333,-0.05654761904761905,2.36,0.0
3330230,1.3096891534391537,0.6333333333333333,-0.30968915343915343,0.0,1.0
5997161,1.2843711843711845,0.6666666666666666,-0.2843711843711844,0.32666666666666666,0.0
5983118,0.6837121212121212,0.55,0.3162878787878788,0.64,0.0
5998434,1.371031746031746,0.55,-0.3710317460317461,2.1700000000000004,0.0
5979676,0.9583333333333334,0.4223666227934323,0.04166666666666666,1.06,0.0
5983236,1.7571428571428571,0.6,-0.7571428571428571,1.0199999999999998,0.0
5978539,1.4475198412698411,0.4214493195639316,-0.4475198412698413,0.52,0.0
2924873,1.2848175381263618,0.6,-0.2848175381263617,0.0,1.0
5979653,0.4743799603174603,0.7333333333333334,0.5256200396825397,1.5533333333333337,0.0
5987147,1.4392063492063494,0.6666666666666666,-0.19211650963415672,0.6133333333333334,0.0
5987091,1.5182539682539682,0.6,-0.5182539682539683,0.9533333333333333,0.0
5979935,1.0291666666666666,0.5333333333333333,-0.029166666666666664,1.72,0.0
2816213,0.4648148148148148,0.5333333333333333,0.5351851851851852,0.0,1.0
5985035,1.030118352218132,0.5333333333333333,-0.2625238087113098,0.2867437061303694,0.0
5998754,0.9429166666666666,0.5333333333333333,0.057083333333333326,1.5600000000000005,0.0
5992476,1.470115995115995,0.5333333333333333,-0.4701159951159951,1.5775595515950036,0.0
5995266,0.8005291005291005,0.6333333333333334,0.1994708994708995,0.8866666666666667,0.0
5991782,0.9689916564916564,0.5666666666666665,0.031008343508343514,1.3333333333333333,0.0
5993446,0.7872795414462082,0.5333333333333333,0.21272045855379185,0.7466666666666667,0.0
1827998,1.2390873015873016,0.6333333333333333,-0.23908730158730165,0.6123467903751708,1.0
1523287,1.1277076318742985,0.6333333333333333,-0.12770763187429854,0.0,1.0
5998669,1.3833333333333335,0.6,-0.3833333333333333,0.5933333333333334,0.0
5979601,0.4673611111111111,0.6999999999999998,0.34574496607129346,0.7733333333333333,0.0
5987133,1.1444131078957611,0.6666666666666666,-0.4511904761904762,0.9733333333333336,0.0
5993326,1.144452614379085,0.5666666666666667,-0.14445261437908494,0.6466666666666666,0.0
2497954,1.2739898989898992,0.5333333333333333,-0.27398989898989895,0.0,1.0
5998027,1.0555555555555556,0.6666666666666666,-0.05555555555555556,1.2066666666666666,0.0
2565913,0.9505050505050504,0.5,0.04949494949494948,0.0,1.0
5981691,0.9537698412698412,0.6,0.04623015873015875,1.2666666666666668,0.0
5996160,0.9092592592592592,1.1566464486896293,0.09074074074074076,1.12,0.0
5981473,1.1918279270423615,0.5333333333333333,-0.10376150039281402,0.660889203724089,0.0
5995518,1.6888888888888889,0.5333333333333333,-0.6888888888888888,1.72,0.0
5979495,1.760813492063492,0.6333333333333333,-0.7608134920634921,0.7933333333333333,0.0
5993551,1.293725718725719,0.726448420371952,-0.2937257187257187,0.26666666666666666,0.0
5999042,1.4184343434343434,0.5666666666666667,-0.4184343434343433,0.10000000000000002,0.0
2822007,0.8046957671957672,0.6,0.19530423280423284,0.0,1.0
5985379,0.5674603174603176,0.6,0.43253968253968256,1.0466666666666666,0.0
5979895,1.1454822954822956,0.5,-0.1454822954822955,0.2866666666666667,0.0
5989636,0.775,0.5666666666666668,0.225,1.6733333333333331,0.0
1995889,0.94757326007326,0.7666666666666666,0.052426739926739935,0.0,1.0
5987885,1.4485653235653235,0.6,-0.4485653235653235,0.32666666666666666,0.0
5983692,0.6403198653198653,0.6,0.35968013468013466,0.4666666666666667,0.0
5997298,1.3222222222222222,0.5,-0.3222222222222222,1.4,0.0
5984138,1.2659391534391535,0.6333333333333333,-0.2659391534391535,2.2466666666666666,0.0
2986154,1.2703703703703704,0.43333333333333335,-0.5323754423213022,0.0,1.0
2664685,1.277396214896215,0.7333333333333334,-0.27739621489621485,0.0,1.0
5979124,1.3840939153439151,0.5666666666666665,-0.38409391534391535,0.4933333333333334,0.0
5978653,1.4125,0.55,-0.4125,2.2249777324374715,0.0
5986815,1.39,0.6,-0.39,1.3999999999999997,0.0
5993914,0.7990481740481741,0.6333333333333333,0.20095182595182592,1.22,0.0
5991893,2.4589222222222222,0.5333333333333333,0.3333333333333333,1.7266666666666666,0.0
5991314,1.2860479797979798,0.6,-0.2860479797979798,0.3666666666666667,0.0
2542062,1.111855921855922,0.5333333333333333,-0.11185592185592187,0.0,1.0
5993242,0.6469990079365079,0.6,0.3530009920634921,0.7933333333333333,0.0
2094847,1.4518518518518515,0.6666666666666666,-0.4518518518518518,0.0,1.0
1950556,1.6046626984126984,0.6333333333333333,-0.6046626984126985,0.0,1.0
2813902,1.7841371591371593,0.6333333333333334,-0.7841371591371592,0.0,1.0
5986882,0.6457847707847708,0.5666666666666668,0.12211272622176875,1.5,0.0
5998537,0.6083333333333334,0.6333333333333333,0.39166666666666666,1.0666666666666669,0.0
5983808,1.5049603174603174,0.6333333333333333,-0.5049603174603174,0.5,0.0
5981234,0.9260912698412698,0.6666666666666666,0.07390873015873016,0.20000000000000004,0.0
2906893,1.1886111111111108,0.43333333333333335,-0.18861111111111115,0.0,1.0
5997986,0.9668253968253968,0.5666666666666668,0.03317460317460321,0.88,0.0
5991411,1.6105820105820106,0.6666666666666666,-0.6105820105820107,0.2466666666666667,0.0
5986165,1.199537037037037,0.6333333333333333,-0.19953703703703707,0.22,0.0
5987166,1.5569444444444442,0.5666666666666667,-0.5569444444444445,0.92,0.0
5979183,0.6404428904428904,0.6333333333333333,0.3595571095571095,0.7933333333333333,0.0
5979726,0.2361111111111111,0.7666666666666666,0.7638888888888888,0.68,0.0
1967656,1.2718574635241302,0.43333333333333335,-0.2718574635241302,0.0,1.0
1932529,0.8194444444444443,0.5,0.1805555555555556,0.0,1.0
5983882,1.7484633472915738,0.5333333333333333,-0.7938973063973064,0.6273839996829321,0.0
5987670,1.4038888888888892,0.5666666666666668,-0.40388888888888896,1.1733333333333336,0.0
5999320,0.9255291005291004,0.6666666666666666,0.07447089947089948,0.3866666666666667,0.0
3371725,1.118925518925519,0.6999999999999998,-0.11892551892551895,0.0,1.0
2934020,1.1154456654456653,0.5666666666666668,-0.11544566544566545,0.0,1.0
2266678,1.0953207671957672,1.235190381625891,-0.09532076719576717,0.0,1.0
5996042,1.1527777777777781,0.6,-0.15277777777777776,0.22,0.0
5981858,0.9858796296296296,0.5333333333333333,0.014120370370370394,0.7733333333333334,0.0
5997790,0.8894444444444444,0.5666666666666668,0.11055555555555553,0.5866666666666668,0.0
5997061,1.459965034965035,0.7666666666666666,-0.45996503496503494,1.28,0.0
5999170,1.3064255189255187,1.0024823028330203,-0.3064255189255189,0.05333333333333334,0.0
2327844,1.2858294483294483,0.6333333333333333,-0.28582944832944834,0.0,1.0
5987746,1.3071590909090909,0.5666666666666668,-0.3071590909090909,0.5933333333333334,0.0
5988117,0.8129019129019129,0.5333333333333333,0.1870980870980871,1.2066666666666668,0.0
5978203,1.566329966329966,0.6999999999999998,-0.5663299663299664,0.6866666666666666,0.0
5994582,1.025,0.4666666666666666,-0.025000000000000005,0.9866666666666668,0.0
5980216,1.471092796092796,1.5411608561470633,-0.471092796092796,0.5866666666666667,0.0
3296184,0.7805695983959859,0.5,0.03466422466422466,0.0,1.0
3431914,1.313655753968254,0.6666666666666666,-0.31365575396825396,0.0,1.0
2436961,1.752686202686203,0.6,-0.7526862026862027,0.0,1.0
3356449,1.0529761904761905,0.6666666666666666,-0.05297619047619048,0.0,1.0
5999200,0.5959325396825397,0.5333333333333333,0.40406746031746027,0.24,0.0
2804940,1.291437728937729,0.5666666666666668,-0.29143772893772896,0.0,1.0
3210866,1.0802188552188554,0.4666666666666666,-0.08021885521885526,0.0,1.0
5983581,1.621813725490196,0.5333333333333333,-0.6218137254901961,1.0533333333333337,0.0
5988420,1.3001838235294116,0.6333333333333333,-0.3001838235294117,1.4733333333333334,0.0
5989030,1.0838293650793651,0.6,-0.08382936507936506,0.19333333333333336,0.0
3038736,1.2055555555555555,0.6333333333333334,-0.2055555555555556,0.0,1.0
5996455,1.1272058823529412,0.6333333333333333,-0.12720588235294114,0.8066666666666666,0.0
3350106,1.252777777777778,0.937914590351716,-0.25277777777777777,0.0,1.0
5993129,1.3941468253968254,0.5666666666666668,-0.3941468253968254,1.3733333333333333,0.0
5997549,1.084722222222222,0.5666666666666667,-0.08472222222222221,0.54,0.0
5988507,1.4027777777777777,0.5666666666666668,-0.40277777777777785,2.0933333333333333,0.0
2112418,1.2855654761904762,0.5,-0.2855654761904762,0.0,1.0
5992670,1.2587542087542083,0.6999999999999998,-0.25875420875420874,1.0,0.0
2874319,1.572936507936508,0.6333333333333333,-0.5729365079365079,0.0,1.0
1587686,0.965029761904762,0.5333333333333333,0.03497023809523812,0.0,1.0
3154502,0.8125,0.7333333333333334,0.1875,0.0,1.0
5979758,1.0125,0.6333333333333333,-0.012499999999999992,0.4266666666666667,0.0
2659692,1.2915849673202615,0.6,-0.29158496732026146,0.0,1.0
5990042,1.8281746031746031,0.5,-0.8281746031746032,0.3133333333333333,0.0
5999307,1.2714692714692717,0.5666666666666668,-0.2714692714692715,1.3266666666666669,0.0
5985414,1.374074074074074,0.6000000000000001,-0.3740740740740741,0.6,0.0
2723252,1.131144781144781,0.5666666666666667,-0.13114478114478115,0.0,1.0
2166941,0.7062499999999999,0.6999999999999998,0.29375,0.0,1.0
5982686,1.4685120435120436,0.5333333333333333,-0.4685120435120435,0.7733333333333333,0.0
5983502,1.2856481481481479,0.6666666666666666,-0.2856481481481481,0.5599999999999999,0.0
5986255,0.9654040404040404,0.6,0.03459595959595962,0.96,0.0
5981782,1.4275946275946276,0.6666666666666666,-0.4275946275946276,0.9333333333333332,0.0
2358538,0.8743055555555556,0.6666666666666666,0.12569444444444447,0.0,1.0
5986282,1.2222222222222223,0.6,-0.2222222222222222,0.4333333333333333,0.0
1668172,0.5939814814814816,0.5333333333333333,0.40601851851851856,0.0,1.0
1789181,1.1106532356532357,0.6,-0.11065323565323566,0.0,1.0
5985001,1.3092592592592591,0.5535730834061073,-0.3092592592592593,0.9066666666666666,0.0
5995036,1.9648214285714285,0.8000000000000002,-0.9648214285714286,1.1,0.0
5987184,0.8148601398601398,0.6666666666666666,0.1851398601398601,0.4266666666666666,0.0
3205052,1.8732804232804232,0.6333333333333334,-0.8732804232804233,0.0,1.0
2032638,1.5206349206349206,0.5333333333333333,-0.5206349206349207,0.0,1.0
5989769,1.8208164580748245,0.6666666666666666,-0.2027777777777778,2.02,0.0
3239138,1.2131944444444445,0.5666666666666668,-0.21319444444444446,0.2792864262138151,1.0
2406863,1.4533088235294118,0.4666666666666666,-0.4533088235294118,0.0,1.0
5979336,0.8888888888888888,0.65,0.11111111111111112,0.18,0.0
5982086,1.446890807939203,0.6999999999999998,-0.20446730847757225,1.5175738853099758,0.0
5995207,1.1383585858585856,0.6999999999999998,-0.13835858585858582,0.3533333333333333,0.0
5996989,1.5816544566544566,0.6333333333333333,-0.5816544566544567,0.3533333333333333,0.0
5981505,1.2317129629629628,0.6,-0.23171296296296295,0.96,0.0
5984431,0.8129731379731381,0.6,0.18702686202686206,0.2466666666666667,0.0
2120182,1.4357448107448108,0.5666666666666665,-0.5741141561010558,0.0,1.0
5980990,0.4027777777777777,0.5333333333333333,0.5972222222222222,1.2266666666666668,0.0
5978069,0.7118055555555556,0.75,0.2881944444444445,1.35,0.0
5980211,1.1183531746031743,0.6125681826093011,-0.1183531746031746,0.46,0.0
5978225,0.9556818181818182,0.6666666666666666,0.04431818181818181,0.8933333333333334,0.0
5989932,1.4706290849673205,0.5333333333333333,-0.4706290849673202,1.6666666666666667,0.0
2403977,1.9070707070707067,0.93765595952024,-0.907070707070707,0.0,1.0
5988499,1.2859006734006737,0.6,-0.28590067340067343,0.5866666666666667,0.0
5989158,2.3127671005957757,0.6666666666666666,-0.743606332205919,1.4785938657921172,0.0
5979326,1.5305555555555557,0.5666666666666667,-0.5305555555555556,1.4933333333333332,0.0
2266979,1.4795915032679743,0.3533573723744856,-0.4795915032679739,0.0,1.0
2735109,1.1833333333333331,0.7333333333333334,-0.18333333333333332,0.0,1.0
1723372,1.129933954933955,0.4000000000000001,-0.12993395493395496,0.0,1.0
3278982,0.9563714063714064,0.5666666666666668,0.04362859362859362,0.0,1.0
5981588,1.2953626543209875,0.6333333333333333,-0.2953626543209877,0.82,0.0
5990579,1.3000457875457876,0.4666666666666666,-0.3000457875457876,1.18,0.0
5986420,0.6500631313131313,0.6,0.3499368686868687,0.7999999999999999,0.0
2104467,1.130136684303351,0.8000000000000002,-0.130136684303351,0.0,1.0
5999426,0.6388888888888888,0.6,0.3611111111111111,0.30666666666666664,0.0
5989600,0.9416666666666668,0.5666666666666668,0.05833333333333335,0.9533333333333336,0.0
1685532,0.7291666666666666,0.5333333333333333,0.2708333333333333,0.0,1.0
5988301,1.6304334554334554,0.6333333333333333,-0.6304334554334554,1.16,0.0
5986965,1.6238095238095243,0.4666666666666666,-0.6238095238095238,0.9933333333333332,0.0
5992104,0.9756944444444444,0.6,0.024305555555555563,0.5133333333333333,0.0
3272333,1.3476190476190475,0.7333333333333334,-0.3476190476190477,0.0,1.0
2089708,1.0833333333333333,0.6999999999999998,-0.08333333333333331,0.0,1.0
5996106,1.075238095238095,0.7333333333333334,-0.07523809523809523,1.1733333333333331,0.0
2293742,0.9566919191919192,0.6333333333333334,0.0433080808080808,0.0,1.0
1839318,1.2403439153439153,0.5666666666666668,-0.2403439153439153,0.0,1.0
5983242,1.2758333333333332,0.5666666666666668,-0.2758333333333333,1.2666666666666668,0.0
5993815,0.7890151515151516,0.5333333333333333,0.21098484848484844,1.5066666666666666,0.0
5984885,0.7458333333333332,0.5,0.2541666666666667,0.4133333333333333,0.0
5998823,0.6154938271604938,0.6333333333333333,0.3845061728395061,0.6733333333333333,0.0
2326804,0.8888888888888888,0.5666666666666667,0.1111111111111111,0.0,1.0
5982089,1.4020370370370372,0.6,-0.402037037037037,1.14,0.0
1835486,1.1065656565656563,0.7999999999999999,-0.10656565656565656,0.0,1.0
5979678,1.3591269841269842,0.5,-0.3591269841269841,1.1533333333333329,0.0
5998715,0.7553571428571427,0.6,0.24464285714285716,0.6066666666666667,0.0
5994959,1.4247456247456247,0.4666666666666666,-0.4247456247456247,0.14666666666666667,0.0
5983371,0.6331349206349207,0.6333333333333333,0.36686507936507934,1.5599999999999998,0.0
1815474,0.7861111111111111,0.5,0.21388888888888888,0.0,1.0
5981802,0.5914114528668762,0.6999999999999998,0.15659453927855482,0.5382136928620592,0.0
5980620,0.9540674603174604,0.5,0.04593253968253967,0.68,0.0
5984168,1.1157738095238094,0.6333333333333333,-0.11577380952380956,0.88,0.0
5980542,1.096713412405082,0.7333333333333334,-0.2693512185215176,0.7066666666666667,0.0
5995515,0.9662037037037038,0.7666666666666666,0.03379629629629629,1.0133333333333334,0.0
5986241,0.7546296296296297,0.6,0.2453703703703704,0.7600000000000001,0.0
5990877,1.2225529100529098,0.7666666666666666,-0.22255291005291006,1.3666666666666665,0.0
5989665,0.7777777777777777,0.6333333333333334,0.22222222222222224,1.0666666666666669,0.0
5978292,1.4646464646464643,0.6,-0.4646464646464647,0.3533333333333333,0.0
5979902,1.6306526806526809,0.6333333333333333,-0.6306526806526807,0.08666666666666667,0.0
5984295,0.8651525331541648,0.7333333333333334,-0.10939434659499928,1.0588004031290492,0.0
5978624,1.4251157407407409,0.5666666666666667,-0.4251157407407407,1.34,0.0
5980415,1.0144444444444445,0.5666666666666668,-0.014444444444444456,0.54,0.0
5978642,0.6269841269841271,0.5666666666666668,0.37301587301587297,0.6266666666666667,0.0
5988076,1.1574074074074074,0.4666666666666666,-0.1574074074074074,2.226666666666667,0.0
5986002,1.7731150793650794,0.6,-0.7731150793650795,1.3333333333333333,0.0
5996414,1.1395847362514029,0.5666666666666667,-0.1395847362514029,0.2533333333333333,0.0
2569791,0.4688657407407408,0.6,0.5311342592592593,0.0,1.0
5981818,1.5809343434343437,0.6000000000000001,-0.5809343434343435,0.20000000000000004,0.0
2422483,0.9625,0.6333333333333333,0.03750000000000002,0.0,1.0
5992100,1.7604828042328042,0.6333333333333334,-0.7604828042328041,0.66,0.0
5984403,0.4850925925925926,0.6333333333333334,0.5149074074074075,1.0133333333333332,0.0
5978639,1.5503968253968254,0.6666666666666666,-0.4952227461777812,0.98,0.0
5986347,0.5638888888888889,0.5333333333333333,0.4361111111111111,0.98,0.0
5987766,0.6317002442002443,0.7666666666666666,0.3682997557997558,1.72,0.0
2439441,1.131400543900544,0.5,-0.13140054390054387,0.0,1.0
5981410,1.4378086419753089,0.7666666666666666,-0.4378086419753087,0.7799999999999999,0.0
5995292,1.2916666666666667,0.5,-0.2916666666666667,1.413333333333333,0.0
1549305,1.1305059523809524,0.6333333333333333,-0.1305059523809524,0.0,1.0
1556614,0.5625,0.7000000000000001,0.4375,0.0,1.0
5997658,0.9111111111111112,0.5,0.08888888888888889,1.0933333333333333,0.0
5980210,1.4388888888888889,0.6,-0.3492533718689788,0.13333333333333333,0.0
5997040,1.3194444444444444,0.4666666666666666,-0.3194444444444445,0.6133333333333333,0.0
3365698,1.7442087542087543,1.1325182728751386,-0.7442087542087542,0.0,1.0
5992949,1.4674437830687832,0.6,-0.467443783068783,0.7599999999999999,0.0
1659413,1.3305555555555555,0.5666666666666668,-0.33055555555555555,0.0,1.0
5982051,0.9194444444444444,0.4666666666666666,0.08055555555555556,0.4666666666666667,0.0
5997167,0.8055555555555557,0.6000000000000001,0.1944444444444444,0.5533333333333333,0.0
5991869,1.5409722222222222,0.6666666666666666,-0.5409722222222223,0.4242430217094119,0.0
3327121,1.1508306100217869,0.5333333333333333,-0.15083061002178652,0.0,1.0
5995833,1.6181481481481483,0.6999999999999998,-0.6181481481481481,1.1266666666666667,0.0
5979233,0.8169151688453159,0.6,0.18308483115468407,0.88,0.0
5990368,1.1368783993783993,0.6,-0.13687839937839938,1.02,0.0
3257215,0.6394781144781144,0.5333333333333333,0.3605218855218855,0.0,1.0
5980187,1.2511784511784512,0.6333333333333333,-0.2511784511784512,0.20666666666666667,0.0
5989502,0.973989898989899,0.5666666666666667,0.026010101010101018,0.9133333333333334,0.0
5992020,1.47015931372549,0.6333333333333333,-0.4701593137254902,0.43333333333333335,0.0
5987130,0.7277777777777779,0.6333333333333333,0.2722222222222222,1.5599999999999998,0.0
5995114,1.6308302808302806,0.5666666666666667,-0.6308302808302808,1.0266666666666666,0.0
5993085,1.263369963369963,0.5666666666666665,-0.2633699633699634,0.9733333333333332,0.0
5997764,1.733829365079365,0.5,-0.7338293650793649,0.5666666666666668,0.0
5980836,1.2795177045177046,0.6666666666666666,-0.2795177045177045,0.5266666666666667,0.0
5985187,0.7949206349206349,0.4666666666666666,0.20507936507936506,0.32,0.0
5994544,1.4631664631664631,0.7000000000000001,-0.4631664631664632,0.3466666666666667,0.0
5986858,0.9138888888888888,0.6333333333333333,0.0861111111111111,1.16,0.0
5978477,0.4785493827160494,0.5333333333333333,0.5214506172839507,0.48,0.0
5981224,1.133080808080808,0.5,-0.1330808080808081,0.24,0.0
1914754,0.7802059052059053,0.6999999999999998,0.2197940947940948,0.0,1.0
5987250,1.5692480359147023,0.6999999999999998,-0.5692480359147026,1.1866666666666663,0.0
5992897,0.9607744107744108,0.7666666666666666,0.03922558922558928,0.22,0.0
3073920,1.5708754208754208,0.5333333333333333,-0.5708754208754209,0.0,1.0
5993561,0.8158156318082789,0.5666666666666665,0.18418436819172115,0.18666666666666668,0.0
5996526,1.1418220668220669,0.6666666666666666,-0.14182206682206686,0.9866666666666668,0.0
5984014,1.3872354497354495,0.5333333333333333,-0.38723544973544977,1.5333333333333332,0.0
3177062,1.1138888888888892,0.6,-0.11388888888888887,0.0,1.0
2824246,1.5509906759906762,0.5666666666666665,-0.5509906759906761,0.0,1.0
5991670,1.0985185185185184,0.6333333333333333,-0.09851851851851852,0.6066666666666666,0.0
3390168,1.1397191697191695,0.6000000000000001,-0.13971916971916973,0.0,1.0
5991586,1.2592592592592593,0.6333333333333333,-0.25925925925925924,0.4466666666666667,0.0
5980435,0.9617845117845116,0.4000000000000001,0.03821548821548824,0.9066666666666666,0.0
5980886,1.7305555555555554,0.5666666666666667,-0.7305555555555555,1.4866666666666666,0.0
5979685,1.0836385836385836,0.7333333333333333,-0.08363858363858362,1.16,0.0
5989699,1.2601190476190476,0.5,-0.26011904761904764,0.7933333333333333,0.0
5984893,0.4762667887667888,0.5333333333333333,0.5237332112332113,0.3666666666666667,0.0
5991387,1.3916666666666666,0.6666666666666666,-0.3916666666666668,1.6223856774462224,0.0
5984984,0.8194444444444443,0.6666666666666666,0.18055555555555555,1.0066666666666666,0.0
5993557,1.2747889433551198,0.6333333333333334,-0.27478894335511983,1.106666666666667,0.0
5997963,1.1495506535947713,0.6,-0.14955065359477124,0.8799999999999999,0.0
1849912,1.4543345543345545,1.150305709896905,-0.4543345543345543,0.0,1.0
2565942,1.076984126984127,0.5666666666666668,-0.076984126984127,0.0,1.0
5995216,0.9797415547415548,0.5333333333333333,0.020258445258445237,0.4533333333333334,0.0
5989168,1.7075925925925926,0.6333333333333333,-0.7075925925925927,0.6266666666666667,0.0
5988112,1.286026936026936,0.5,-0.286026936026936,0.3800000000000001,0.0
5996001,1.5923382173382172,0.5,-0.5923382173382173,0.7133333333333334,0.0
5983137,1.5316666666666665,0.7666666666666666,-0.5316666666666666,0.3866666666666667,0.0
5998795,0.6549272486772487,0.5666666666666668,0.3450727513227513,0.42,0.0
5983696,0.9265993265993264,0.6,0.07340067340067337,1.88,0.0
5984618,1.1576388888888889,0.7000000000000001,-0.15763888888888888,0.08,0.0
5992194,1.1475885225885225,0.5,-0.1475885225885226,0.12666666666666668,0.0
1513771,1.2,0.5333333333333333,-0.11798488240533447,0.0,1.0
2543574,0.8506944444444445,0.4399336644411869,0.14930555555555558,0.0,1.0
2367762,0.4895360195360195,0.6666666666666666,0.5104639804639804,0.0,1.0
5988533,0.9416666666666668,0.5,0.05833333333333335,1.68,0.0
5982191,0.9164724164724164,0.6333333333333333,0.0835275835275835,0.88,0.0
5993185,0.9718677156177156,0.5333333333333333,0.028132284382284375,0.4533333333333333,0.0
5998895,1.3486111111111112,0.5666666666666667,-0.34861111111111104,0.7866666666666667,0.0
5988300,0.9541666666666666,0.5333333333333333,0.045833333333333365,0.34,0.0
2629379,1.1036616161616162,0.7000000000000001,-0.10366161616161616,0.0,1.0
5995250,1.4111111111111112,0.6666666666666666,-0.4111111111111112,0.9666666666666668,0.0
5989185,0.9757575757575756,0.7333333333333334,0.02424242424242426,1.3133333333333337,0.0
5986111,0.9236111111111112,0.5333333333333333,0.07638888888888888,1.4799999999999998,0.0
5985246,1.3555555555555554,0.6,-0.3555555555555556,1.6266666666666667,0.0
5998088,0.9461111111111112,0.5333333333333333,0.053888888888888896,1.1333333333333335,0.0
5985394,1.0499999999999998,0.4666666666666666,-0.05000000000000001,1.24,0.0
5989669,1.145436507936508,0.6,-0.14543650793650792,1.153333333333333,0.0
5985172,0.9561507936507936,0.6,0.043849206349206325,1.9333333333333336,0.0
5978418,1.2914682539682538,0.6999999999999998,-0.29146825396825393,1.2733333333333334,0.0
5994643,1.3118437118437118,0.5666666666666667,-0.3118437118437118,0.4,0.0
5988791,1.2518308080808078,0.6999999999999998,-0.2518308080808081,0.16666666666666666,0.0
5998226,1.4685286935286934,0.6666666666666666,-1.0663485907183383,1.0533333333333337,0.0
5996602,0.9736772486772486,0.6,0.026322751322751317,0.7399999999999999,0.0
5988005,0.5,0.5333333333333333,0.5,0.52,0.0
5999090,1.2615079365079367,0.5,-0.2615079365079365,1.153333333333333,0.0
5996192,1.285942760942761,0.6333333333333333,-0.2859427609427609,1.1466666666666667,0.0
5989697,1.1284722222222223,0.7666666666666666,-0.6073382249276025,1.42,0.0
5989980,1.4774725274725276,0.6000000000000001,-0.4774725274725275,1.38,0.0
5980324,1.142063492063492,0.6333333333333333,-0.1420634920634921,1.0066666666666666,0.0
5998247,1.15,0.6333333333333333,-0.15000000000000002,0.54,0.0
5992322,1.4359457671957674,0.5666666666666665,-0.3331686491751454,1.086666666666667,0.0
5983881,1.1656084656084655,0.6333333333333334,-0.1656084656084656,0.98,0.0
5988673,1.3965277777777778,0.6666666666666666,-0.7584409028225517,0.48,0.0
5983655,1.3079496891996891,0.5666666666666667,-0.3079496891996892,1.0,0.0
5988272,1.3482142857142858,0.7333333333333334,-0.3482142857142857,0.42,0.0
5991106,1.352777777777778,0.7333333333333334,-0.3527777777777778,1.4733333333333334,0.0
5982875,1.1500942460317458,0.6333333333333333,-0.15009424603174604,0.7200000000000001,0.0
3116832,1.4466435185185187,0.6333333333333333,-0.4466435185185185,0.0,1.0
5998763,0.9561660561660562,0.5666666666666668,0.043833943833943824,0.86,0.0
2491928,1.2287698412698411,0.6999999999999998,-0.2287698412698413,0.0,1.0
5988999,0.6380892255892255,0.6999999999999998,0.3619107744107744,1.7866666666666664,0.0
2878535,0.8722222222222222,0.6333333333333334,0.12777777777777774,0.0,1.0
5980360,0.9287698412698412,0.6333333333333334,0.2525606761536012,0.7133333333333334,0.0
5998910,1.1611111111111112,0.5666666666666667,-0.1611111111111111,0.12,0.0
1753885,0.7961507936507936,0.7000000000000001,0.20384920634920636,0.0,1.0
5981029,0.9576188744446604,0.6333333333333334,0.049719938888825366,1.1314485488002382,0.0
5995897,0.8240740740740741,0.43333333333333335,0.1759259259259259,0.82,0.0
5979055,1.135942760942761,0.6,-0.13594276094276095,0.4133333333333333,0.0
5979160,1.5777777777777775,0.5,-0.5777777777777778,0.5333333333333333,0.0
5995596,1.6688888888888886,0.6333333333333333,-0.668888888888889,0.4666666666666667,0.0
5999328,1.260648148148148,0.5666666666666665,-0.2606481481481481,1.1333333333333333,0.0
5981753,1.3222222222222222,0.5666666666666668,-0.32222222222222224,0.5933333333333334,0.0
5998206,1.12739898989899,0.7333333333333334,-0.1273989898989899,1.0666666666666669,0.0
5982256,1.442030423280423,0.6666666666666666,-0.4420304232804233,1.38,0.0
5983153,1.104541446208113,0.5333333333333333,-0.10454144620811286,0.9733333333333332,0.0
1591744,0.6666666666666666,0.7333333333333334,0.3333333333333333,0.0,1.0
2371225,1.1182154882154882,0.5333333333333333,-0.11821548821548823,0.0,1.0
5986051,0.8055555555555555,0.7333333333333334,0.1944444444444444,1.1133333333333335,0.0
5984767,0.9765873015873016,0.6666666666666666,0.023412698412698368,0.7333333333333334,0.0
5987103,1.1397126906318082,0.5,-0.13971269063180827,0.98,0.0
5978172,0.8118686868686869,0.6333333333333333,0.1881313131313132,0.37333333333333335,0.0
3011834,1.2425925925925927,0.5333333333333333,-0.24259259259259255,0.0,1.0
5985550,1.2,0.6,-0.2,0.8533333333333334,0.0
5986577,1.1438690476190476,0.6666666666666666,-0.14386904761904762,0.2866666666666667,0.0
5987824,0.9416666666666668,0.6333333333333334,0.05833333333333333,1.4,0.0
3269538,1.7645604395604395,0.4666666666666666,-0.7645604395604395,0.0,1.0
5991634,1.44514652014652,0.7333333333333334,-0.4451465201465202,0.5133333333333333,0.0
5996702,1.3944444444444446,0.6666666666666666,-0.3944444444444445,0.7933333333333333,0.0
5990685,0.7845791245791246,0.6,0.2154208754208754,1.3533333333333335,0.0
5983312,0.8048747276688454,0.4666666666666666,0.19512527233115465,0.8666666666666666,0.0
3354767,0.3796296296296296,0.6666666666666666,0.6203703703703703,0.0,1.0
5994254,1.1312271062271062,0.6,-0.13122710622710626,2.02,0.0
2615151,0.7364417989417991,0.5666666666666665,0.26355820105820105,0.0,1.0
5993270,0.5972222222222222,0.6000000000000001,0.4027777777777777,0.4066666666666667,0.0
2425275,1.8046058006535948,0.7666666666666666,-0.8046058006535949,0.0,1.0
5985029,1.0961309523809524,0.6,-0.09613095238095236,1.0933333333333335,0.0
5983119,1.275,0.6666666666666666,-0.275,0.3533333333333333,0.0
5994039,0.9708333333333332,0.4666666666666666,0.029166666666666674,0.7866666666666666,0.0
2749476,1.09745115995116,0.5666666666666668,-0.09745115995115998,0.0,1.0
2866864,0.9333333333333332,0.6666666666666666,0.06666666666666668,0.0,1.0
2780134,1.2447496947496948,0.5,-0.2447496947496948,0.0,1.0
5983795,0.7152777777777778,0.6666666666666666,0.2847222222222222,0.6533333333333333,0.0
5996847,0.782070707070707,0.5666666666666668,0.21792929292929292,0.46,0.0
5980287,1.7977287581699348,0.6,-0.7977287581699346,0.8466666666666667,0.0
2437001,1.0194444444444446,0.6333333333333333,-0.01944444444444443,0.0,1.0
5998912,0.8161121286121286,0.5666666666666668,0.18388787138787133,1.2066666666666668,0.0
5996394,0.5902777777777778,0.5333333333333333,0.40972222222222215,1.0,0.0
5980168,0.9222222222222222,0.6000000000000001,0.07777777777777778,0.6266666666666667,0.0
5989025,1.397222222222222,0.6,-0.3972222222222222,0.7266666666666667,0.0
1585323,1.2398809523809524,0.4666666666666666,-0.2398809523809524,0.0,1.0
5992701,1.2,0.6999999999999998,-0.20000000000000004,0.9133333333333334,0.0
1856041,0.9847766884531592,0.5333333333333333,0.015223311546840925,0.0,1.0
5980532,1.2931116722783391,0.6333333333333333,-0.2931116722783389,1.2933333333333334,0.0
5982861,1.4701048951048952,0.5333333333333333,-0.494518392559308,0.5466666666666667,0.0
5992884,1.3685185185185187,0.6333333333333333,-0.3685185185185185,0.6066666666666667,0.0
5983610,0.8003928170594836,0.7000000000000001,0.19960718294051627,0.5866666666666667,0.0
2777444,0.6944444444444445,0.5666666666666668,0.3055555555555556,0.0,1.0
1829756,1.1282021604938273,0.6333333333333333,-0.12820216049382718,0.0,1.0
5990524,1.2347222222222225,0.4666666666666666,-0.2347222222222222,0.4466666666666667,0.0
2191864,1.1107448107448108,0.6666666666666666,-0.11074481074481077,0.0,1.0
2019987,1.6070707070707069,0.43333333333333335,-0.6070707070707071,0.0,1.0
1636390,0.7925771604938271,1.3692475678801077,0.11702775027318675,0.0,1.0
1651227,1.0555555555555556,0.4561215453634156,-0.05555555555555556,0.0,1.0
3432057,0.9572971781305114,0.5666666666666668,0.04270282186948854,0.0,1.0
3058272,1.1330891330891333,0.4666666666666666,-0.13308913308913312,0.2364959411466262,1.0
5987290,1.1423815359477123,0.6,-0.14238153594771244,1.62,0.0
5995540,1.4518210955710955,0.5333333333333333,-0.4518210955710956,0.6,0.0
5980979,0.9319444444444444,0.5,0.06805555555555554,0.7999999999999999,0.0
2357211,1.0786111111111112,0.6666666666666666,-0.07861111111111108,0.0,1.0
5994758,0.497386185161298,0.6000000000000001,0.53260582010582,1.86,0.0
5987468,1.4622558922558924,0.6333333333333333,-0.4622558922558923,0.3266666666666667,0.0
5990800,0.8108134920634921,0.6999999999999998,0.1891865079365079,0.7466666666666667,0.0
5986105,1.7754248366013072,0.5666666666666667,-0.7754248366013071,1.5599999999999998,0.0
5989241,1.1274281274281277,0.5,-0.12742812742812742,1.0599999999999998,0.0
5995920,1.0650793650793648,0.528672743715996,-0.06507936507936506,1.7866666666666668,0.0
5992729,1.1304436304436305,0.7666666666666666,-0.13044363044363047,1.253876871995777,0.0
2773589,1.7845238095238096,0.7666666666666666,-0.7845238095238095,0.0,1.0
5997806,0.7930976430976431,0.6333333333333334,0.20690235690235687,0.9333333333333332,0.0
2392716,0.9211309523809524,0.5666666666666668,0.07886904761904763,0.0,1.0
5996695,0.7542929292929293,0.43333333333333335,0.2457070707070707,0.7000000000000001,0.0
5984564,1.2289021164021163,0.7000000000000001,-0.2289021164021164,0.8933333333333332,0.0
5988579,1.4566964285714288,0.5666666666666665,-0.4566964285714286,1.6933333333333334,0.0
5993901,1.1125763125763126,0.4333333333333333,-0.11257631257631256,1.2,0.0
5996757,1.1013227513227517,0.6666666666666666,-0.10132275132275133,0.4933333333333334,0.0
1532937,0.8333333333333334,1.0306620601055403,0.16666666666666666,0.0,1.0
3374014,1.0,0.6,0.0,0.0,1.0
5984913,1.0460317460317459,0.5,-0.04603174603174602,0.5666666666666668,0.0
5998475,0.5888888888888889,0.5666666666666668,0.4111111111111112,0.7333333333333333,0.0
1870766,0.6255511463844797,0.4666666666666666,0.3744488536155202,0.0,1.0
2251493,2.9854420941377473,0.6333333333333334,0.03472222222222221,0.0,1.0
5986724,1.2927960927960929,0.6,-0.2927960927960928,0.7866666666666667,0.0
5989960,0.8949074074074074,0.5666666666666668,0.1050925925925926,1.4399999999999995,0.0
5983594,0.6454545454545455,0.5,0.3545454545454545,1.2,0.0
5990308,1.1084887334887334,0.5666666666666667,-0.1084887334887335,0.7933333333333333,0.0
3227574,1.2863553113553114,2.9794611561959283,-0.2863553113553114,0.0,1.0
5998460,1.1445436507936508,0.5333333333333333,-0.1445436507936508,1.0333333333333334,0.0
2174310,1.410975135975136,0.5,-0.410975135975136,0.0,1.0
5980717,0.7606481481481482,0.6333333333333333,0.23935185185185184,0.5866666666666668,0.0
5979886,0.695,0.4666666666666666,0.305,1.086666666666667,0.0
5992399,1.2917824074074076,0.6333333333333333,-0.2917824074074074,0.4933333333333334,0.0
5986762,1.0936507936507938,0.6666666666666666,-0.09365079365079364,1.4066666666666665,0.0
5982278,1.5407407407407403,0.5,-0.5407407407407407,0.9733333333333332,0.0
5997997,1.6362103174603175,0.5,-0.6362103174603174,1.406666666666667,0.0
2900613,0.6055555555555555,0.4666666666666666,0.3944444444444444,0.0,1.0
5986900,0.8117216117216118,0.4000000000000001,0.18827838827838828,0.12,0.0
5982598,0.887962962962963,0.6333333333333333,0.11203703703703703,0.98,0.0
5980267,1.4706654456654455,1.8342675735426184,-0.4706654456654456,1.5066666666666668,0.0
5989361,0.9438492063492064,0.6333333333333333,0.05615079365079364,1.3333333333333333,0.0
1746905,1.646590909090909,0.55,-0.6465909090909091,0.0,1.0
5984196,0.4444444444444444,0.7333333333333334,0.5555555555555556,0.52,0.0
5983143,1.1474206349206348,0.6999999999999998,-0.1474206349206349,1.24,0.0
5996170,1.123035714285714,0.4666666666666666,-0.12303571428571428,0.16,0.0
5997055,0.9287878787878788,4.9857456264946896,0.07121212121212121,1.0741837223750776,0.0
5985307,3.3614752129010355,0.6,-1.314466232556563,2.0442738509422447,0.0
2014551,1.096031746031746,0.4784447535431049,-0.09603174603174604,0.0,1.0
5981112,0.96983164983165,0.6999999999999998,0.030168350168350174,2.0,0.0
1598073,0.9637663398692812,0.6666666666666666,0.036233660130718964,0.0,1.0
5994616,1.4641636141636138,0.5666666666666665,-0.4641636141636141,0.6933333333333334,0.0
5993972,1.2736363636363637,0.5333333333333333,-0.2736363636363636,0.48,0.0
5982951,0.8708333333333332,2.1726064322932848,0.12916666666666665,1.32,0.0
5995951,1.4387667887667888,0.6666666666666666,-0.4387667887667888,1.0066666666666666,0.0
5995272,1.438425925925926,0.5666666666666667,-0.4384259259259259,0.6333333333333333,0.0
5990576,1.1070707070707069,0.6333333333333333,-0.10707070707070708,1.4066666666666665,0.0
1512414,1.2819444444444443,0.6666666666666666,-0.2819444444444444,0.0,1.0
5979691,1.7186099494931222,0.4666666666666666,-0.2992835688791021,2.299716646806981,0.0
2091674,1.440873015873016,0.43333333333333335,-0.4408730158730159,0.0,1.0
5991431,0.9253306878306878,0.6333333333333334,0.07466931216931215,0.7400000000000001,0.0
5984803,0.7154761904761905,0.7,0.2845238095238095,1.75,0.0
5991853,1.2018518518518522,0.7333333333333334,-0.20185185185185184,0.56,0.0
5981380,1.6759259259259258,0.5666666666666667,-0.6759259259259259,1.5199999999999998,0.0
5989439,1.1876984126984127,0.5666666666666668,-0.1876984126984127,0.5466666666666667,0.0
5990623,1.4271164021164022,0.6333333333333334,-0.42711640211640217,0.28,0.0
2116032,1.6412698412698414,0.5666666666666668,-0.6412698412698412,0.0,1.0
5995539,0.798703022875817,0.4666666666666666,0.20129697712418304,0.2733333333333334,0.0
5990671,1.297882672882673,0.6333333333333334,-0.29788267288267284,1.2133333333333334,0.0
1613835,0.6051587301587301,0.5,0.3948412698412698,0.0,1.0
1689150,0.9801023051023052,0.6666666666666666,0.01989769489769487,0.0,1.0
5999068,0.9861111111111109,0.4,0.013888888888888886,0.92,0.0
5999356,1.1011904761904765,0.5333333333333333,-0.1011904761904762,0.10666666666666667,0.0
5981072,1.0967643467643466,0.6333333333333333,-0.09676434676434677,0.94,0.0
1954161,0.6944444444444443,0.6333333333333334,0.3055555555555555,0.0,1.0
1938634,0.4791666666666667,0.6333333333333334,0.5208333333333334,0.0,1.0
2720264,1.3361111111111112,0.5333333333333333,-0.3361111111111111,0.0,1.0
5988967,1.0277777777777777,0.5333333333333333,-0.027777777777777773,0.7666666666666667,0.0
1742247,1.3083333333333331,0.5333333333333333,-0.3083333333333333,0.0,1.0
1536051,1.1215272214804923,0.6333333333333334,-0.39396825396825397,0.0,1.0
1984203,1.247222222222222,0.6333333333333333,-0.24722222222222226,0.0,1.0
1845527,0.5736111111111111,0.6,0.4263888888888889,0.0,1.0
5987713,3.1716894732960785,1.9520320973402248,-1.1397229286934445,3.677710708203613,0.0
5983481,0.4830357142857143,0.6333333333333333,0.5169642857142857,0.7933333333333334,0.0
2229163,1.290514705882353,0.6,-0.2905147058823529,0.0,1.0
5979175,1.4714896214896216,0.6,-0.4714896214896214,1.3266666666666669,0.0
2884942,0.9513888888888888,0.6666666666666666,0.04861111111111111,0.0,1.0
2574320,1.6312576312576317,0.6333333333333333,-0.6312576312576312,0.0,1.0
5978241,1.5756448412698412,0.6333333333333333,-0.5756448412698413,0.8333333333333334,0.0
5978206,1.0638888888888889,0.7000000000000001,-0.0638888888888889,1.12,0.0
5996557,1.9172486772486768,0.6666666666666666,-0.9172486772486772,1.16,0.0
5990493,1.491666666666667,0.6666666666666666,-0.4916666666666667,0.4133333333333334,0.0
5996707,1.2998484848484853,0.6333333333333333,-0.2998484848484848,0.12,0.0
5999142,1.4753052503052502,0.524791762902816,-0.4753052503052504,0.7799999999999999,0.0
5987688,1.0856902356902356,0.5666666666666667,-0.0856902356902357,0.88,0.0
5983884,0.5444444444444444,0.6,0.4555555555555556,1.0,0.0
2435988,1.2976190476190477,0.43333333333333335,-0.2976190476190476,0.0,1.0
3192085,1.2498168498168498,0.7000000000000001,-0.24981684981684985,0.0,1.0
5980068,0.9930555555555556,0.7666666666666666,0.006944444444444457,1.0533333333333337,0.0
1999461,0.9543650793650794,0.6666666666666666,0.04563492063492066,0.0,1.0
5987384,1.091005291005291,0.4666666666666666,-0.09100529100529102,0.82,0.0
2344644,2.5111782771129016,0.6333333333333334,0.1537037037037037,0.0,1.0
1861469,1.2305555555555554,0.6666666666666666,-0.23055555555555554,0.0,1.0
2951293,1.5224867724867723,0.7000000000000001,-0.5224867724867724,0.0,1.0
1535816,0.8179761904761905,0.7000000000000001,0.1820238095238095,0.0,1.0
5986807,1.0430555555555554,0.6333333333333333,-0.04305555555555555,0.9933333333333332,0.0
3251309,0.9444444444444444,0.6,0.055555555555555546,0.0,1.0
1840545,1.3034391534391536,0.5333333333333333,-0.30343915343915345,0.0,1.0
5984756,1.4493783993783993,0.6333333333333333,-0.44937839937839935,1.04,0.0
5985792,1.6123015873015871,0.8000000000000002,-0.6123015873015873,0.86,0.0
2984089,1.0305555555555557,0.6666666666666666,-0.28600490491884445,0.0,1.0
5996313,1.6246632996632997,0.6333333333333333,-0.6246632996632996,0.68,0.0
5992117,1.1356150793650794,0.6,-0.13561507936507936,1.82,0.0
2943051,1.7259259259259259,0.6666666666666666,-0.7259259259259259,0.0,1.0
5983658,1.475,0.7000000000000001,-0.6081416920827861,0.5733333333333334,0.0
1532784,1.1447876197876197,0.6000000000000001,-0.1447876197876198,0.0,1.0
5988311,1.2299107142857142,0.45,-0.2299107142857143,1.25,0.0
5981572,1.1256613756613756,0.6666666666666666,-0.12566137566137567,0.3333333333333333,0.0
2161728,0.6236111111111111,0.5,0.18060339865895425,0.0,1.0
1952521,1.1426262626262629,0.6,-0.14262626262626266,0.0,1.0
5985428,1.4376526251526254,0.4666666666666666,-0.4376526251526252,0.24,0.0
2317194,0.9683177933177932,0.6666666666666666,0.03168220668220665,0.0,1.0
5981475,0.9027777777777776,0.43333333333333335,0.09722222222222222,1.153333333333333,0.0
5979583,1.1838624338624335,0.5,-0.18386243386243387,0.3,0.0
5991027,0.9444444444444444,0.6666666666666666,0.05555555555555558,1.1466666666666667,0.0
3330092,1.6243793243793243,0.6999999999999998,-0.6243793243793244,0.0,1.0
5986357,0.809126984126984,0.6666666666666666,0.19087301587301586,1.7,0.0
5979994,0.8472222222222222,0.7333333333333333,0.15277777777777776,0.4666666666666666,0.0
5998297,1.0365079365079366,0.6,-0.03650793650793651,1.3133333333333337,0.0
5998421,1.1777777777777778,0.5333333333333333,-0.1777777777777778,0.9466666666666668,0.0
5993806,0.6284722222222222,0.6,0.37152777777777785,0.3133333333333333,0.0
5991505,0.6264811577311578,0.5666666666666668,0.3735188422688423,0.5466666666666667,0.0
5995410,0.969078144078144,0.5,0.030921855921855926,0.4933333333333334,0.0
1634838,1.4111772486772487,0.6333333333333333,-0.41117724867724864,0.0,1.0
5987119,0.9695804195804196,0.45,0.030419580419580417,0.63,0.0
5983488,1.0939814814814814,0.6000000000000001,-0.09398148148148147,0.4733333333333333,0.0
2532095,1.2543709150326798,0.5,-0.2543709150326798,0.0,1.0
2552588,0.8042162698412699,0.6666666666666666,0.1957837301587301,0.5958877281631608,1.0
2920468,0.9822527472527472,0.6,0.01774725274725279,0.0,1.0
5987022,1.4487373737373737,0.7333333333333334,-0.4487373737373737,0.3733333333333333,0.0
2851171,1.4352733686067018,0.5333333333333333,-0.4352733686067019,0.0,1.0
3015412,1.470286935286935,0.5333333333333333,-0.4702869352869352,0.0,1.0
5978200,0.5666666666666667,0.5333333333333333,0.43333333333333335,0.5133333333333333,0.0
2786352,1.211904761904762,0.5666666666666668,-0.2119047619047619,0.0,1.0
5985729,1.304639804639805,0.6666666666666666,-0.3046398046398047,0.9942322861304156,0.0
1969059,0.7430555555555555,0.6333333333333333,0.2569444444444444,0.0,1.0
5991361,0.9380555555555556,0.6333333333333333,0.06194444444444445,0.52,0.0
2290047,0.6443223443223443,0.5,0.3556776556776556,0.0,1.0
5981046,0.6314814814814814,0.6666666666666666,0.3685185185185185,1.22,0.0
3005900,1.0611111111111111,0.6666666666666666,-0.06111111111111112,0.0,1.0
5998084,0.9827075702075699,0.6666666666666666,0.01729242979242977,0.4266666666666667,0.0
5995362,0.7326510347427239,0.6666666666666666,-1.5883837549292934,0.3961516928193231,0.0
5995584,1.6237637362637365,0.6,-0.6237637362637364,0.9266666666666666,0.0
1618853,0.8694444444444445,0.5,0.13055555555555556,0.0,1.0
5994715,1.3031150793650794,0.5333333333333333,-0.30311507936507937,0.9333333333333332,0.0
5996348,1.5138888888888893,0.5,-0.513888888888889,0.7666666666666667,0.0
5990150,1.3718253968253968,0.7000000000000001,-0.3718253968253968,0.1,0.0
5989650,1.2531746031746032,0.5333333333333333,-0.2531746031746032,0.4866666666666666,0.0
5984588,1.5404100529100528,0.6666666666666666,-0.540410052910053,0.9933333333333332,0.0
1832031,1.5998626373626372,0.6,-0.5998626373626373,0.0,1.0
1709046,0.8555555555555556,0.5666666666666668,0.1444444444444445,0.0,1.0
5984988,0.5611111111111112,0.4000000000000001,0.4388888888888889,0.3866666666666667,0.0
5994894,0.8137917637917638,0.896275384851255,0.18620823620823626,0.5933333333333334,0.0
5987030,1.125,0.6,-0.125,0.26666666666666666,0.0
5980603,0.968745143745144,0.4000000000000001,0.031254856254856245,0.6266666666666667,0.0
5997990,0.7958564814814815,0.7333333333333334,0.20414351851851853,0.6641830074789022,0.0
5995464,1.443521756021756,0.6666666666666666,-0.44352175602175603,0.7066666666666667,0.0
5988361,1.1261243386243385,0.6666666666666666,-0.12612433862433864,0.2933333333333333,0.0
3040039,1.471056721056721,0.6,-0.4710567210567211,0.0,1.0
2564654,0.921127946127946,0.6333333333333333,0.07887205387205383,0.0,1.0
5981872,0.9745604395604396,1.5496074743910315,0.025439560439560454,0.3933333333333333,0.0
5995823,0.9505050505050504,0.5,0.049494949494949515,0.3333333333333333,0.0
5982312,0.7611111111111111,0.4333333333333333,0.2388888888888889,12.777272041062801,0.0
3120398,1.2125,0.5,-0.2125,0.0,1.0
5993075,1.4638888888888892,0.5666666666666668,-0.4638888888888889,1.58,0.0
5982764,1.1431474673202615,0.5,-0.14314746732026146,0.6,0.0
5980548,1.5819444444444446,0.5666666666666665,-0.5819444444444444,1.0933333333333335,0.0
5993510,0.4746632996632996,0.6666666666666666,0.5253367003367003,1.3533333333333335,0.0
5990017,0.9682400932400932,0.6,0.0317599067599067,0.6133333333333333,0.0
5998042,1.0452380952380953,0.6,-0.045238095238095216,1.0799999999999998,0.0
2712772,1.3748546795934369,0.4666666666666666,-0.5090727560725735,0.0,1.0
5984132,1.1383838383838385,0.6666666666666666,-0.1383838383838384,0.5666666666666667,0.0
5989737,0.4618686868686868,0.6333333333333333,0.5381313131313131,0.4866666666666666,0.0
5989898,0.6108796296296296,0.6999999999999998,0.3891203703703704,1.906666666666667,0.0
5991061,1.9368386243386244,0.7333333333333333,-0.9368386243386244,0.62,0.0
5997671,0.6340909090909089,0.6999999999999998,0.3659090909090909,0.18000000000000002,0.0
5993903,1.1066584967320263,0.5,-0.10665849673202617,0.36000000000000004,0.0
1802892,1.4930555555555556,0.7333333333333334,-0.4930555555555555,0.0,1.0
2815160,1.1194444444444445,0.6,-0.11944444444444445,0.0,1.0
5996835,1.3202380952380952,0.6666666666666666,-0.3202380952380953,1.6037210512620348,0.0
5992153,0.9131944444444444,0.5,0.08680555555555554,0.2466666666666667,0.0
2129390,1.30838779956427,0.41967262712169456,-0.3083877995642701,0.0,1.0
5996706,1.4540313044337072,0.5,-0.6136289018099829,0.3109081082409011,0.0
5986709,1.7064879564879565,0.5,-0.7064879564879565,0.4666666666666666,0.0
1978130,1.4722222222222219,0.5333333333333333,-0.4722222222222223,0.0,1.0
2028677,1.1277532679738564,0.4,-0.12775326797385622,0.0,1.0
2411679,1.1405555555555555,0.6666666666666666,-0.14055555555555554,0.0,1.0
5991321,1.0527777777777778,0.5666666666666667,-0.052777777777777764,0.06,0.0
5980042,1.1880555555555556,0.7000000000000001,-0.18805555555555556,2.2,0.0
5988992,0.9530067155067156,0.6333333333333334,0.04699328449328447,0.4933333333333334,0.0
5994070,1.5494444444444444,0.5666666666666668,-0.5494444444444444,1.0066666666666666,0.0
2643323,1.1222222222222222,0.5666666666666667,-0.12222222222222225,0.0,1.0
5980347,1.0277777777777777,0.5666666666666668,-0.027777777777777752,1.3,0.0
3255844,0.9347222222222222,0.7000000000000001,0.06527777777777775,0.0,1.0
5999511,0.7947751322751322,0.7320106954842239,0.2052248677248677,0.94,0.0
1541304,0.8084656084656084,0.5333333333333333,0.19153439153439156,0.0,1.0
5993297,1.5873015873015872,0.6666666666666666,-0.5873015873015873,0.7999999999999999,0.0
5993024,1.1486247276688453,0.6666666666666666,-0.14862472766884532,0.8799999999999999,0.0
5996222,0.9814814814814816,0.5666666666666667,0.01851851851851849,1.3,0.0
5994808,0.6401126651126651,0.6333333333333333,0.3598873348873348,0.4533333333333333,0.0
5983540,1.2055555555555555,0.6666666666666666,-0.2055555555555556,0.8466666666666667,0.0
5988078,0.7847222222222222,0.5666666666666668,0.2152777777777778,0.6,0.0
5998141,0.8762698412698412,0.5666666666666667,0.12373015873015875,0.5333333333333333,0.0
5982333,1.012325768074623,0.6666666666666666,-0.08505022330035054,1.0449754446728492,0.0
5999022,1.1321977124183007,0.4666666666666666,-0.13219771241830067,0.7866666666666667,0.0
2198237,1.3051587301587302,0.5666666666666668,-0.3051587301587301,0.0,1.0
5997182,0.9709558823529412,0.6333333333333333,0.029044117647058793,0.4533333333333333,0.0
5982660,1.3688888888888888,0.5,-0.3688888888888889,0.3533333333333333,0.0
5998881,0.7960988562091503,0.4666666666666666,0.20390114379084967,0.4866666666666666,0.0
5983996,1.286574074074074,0.7000000000000001,-0.2865740740740741,0.24,0.0
5990480,0.8819444444444443,0.5,0.11805555555555555,0.82,0.0
5981371,1.2948514448514448,0.6333333333333334,-0.2948514448514448,2.053333333333333,0.0
5995890,1.613095238095238,0.5333333333333333,-0.6130952380952381,0.5656833684748578,0.0
5979688,1.1312037037037035,0.43333333333333335,-0.13120370370370368,1.28,0.0
2839576,1.444276556776557,0.6666666666666666,-0.4442765567765568,0.0,1.0
5982990,1.92689594356261,0.5666666666666667,-0.9268959435626104,0.6333333333333334,0.0
2961416,0.910515873015873,0.4666666666666666,0.089484126984127,0.0,1.0
5984494,1.3131944444444443,0.5666666666666667,-0.3131944444444445,0.5399999999999999,0.0
5989972,1.458781033781034,0.5,-0.4587810337810338,0.3,0.0
5980881,1.1094599844599846,0.5,-0.10945998445998446,1.2466666666666666,0.0
5997837,0.8166117216117216,0.6333333333333333,0.1833882783882784,0.38,0.0
2750807,0.7905723905723905,0.6,0.2094276094276094,0.0,1.0
1574913,1.2888888888888892,0.6,-0.2888888888888889,0.0,1.0
2570373,1.5527777777777778,0.5333333333333333,-0.5527777777777777,0.0,1.0
5994216,0.8003835421198109,0.6333333333333333,-0.05984135348695024,0.8567590640860049,0.0
3418762,1.0682826384298394,0.5666666666666668,-0.27283750223188924,0.0,1.0
5987920,1.2908564814814816,0.7666666666666666,-0.2908564814814815,1.393333333333333,0.0
5993336,1.1987433862433865,0.6666666666666666,-0.19874338624338625,1.7000000000000002,0.0
5998914,0.7111111111111111,0.5666666666666668,0.2888888888888889,0.86,0.0
2072337,1.2869949494949495,0.6666666666666666,-0.2869949494949495,0.0,1.0
5997057,0.6483796296296297,0.43333333333333335,0.3516203703703704,0.9066666666666668,0.0
2429182,0.9302248677248678,0.5666666666666668,0.06977513227513228,0.0,1.0
2492445,0.6527777777777778,0.6000000000000001,-0.8279471642460967,0.0,1.0
5988247,1.1527777777777781,0.7666666666666666,-0.1527777777777778,0.9133333333333334,0.0
5995932,0.5657407407407408,0.5666666666666668,0.4342592592592593,0.52,0.0
5981998,0.8098447712418301,0.6999999999999998,0.19015522875816995,1.34,0.0
5988326,0.9275793650793652,0.5666666666666665,0.0724206349206349,1.086666666666667,0.0
5993035,0.968047138047138,0.6333333333333333,0.03195286195286196,0.8949757467462147,0.0
2234248,1.5844444444444443,0.6333333333333333,-0.5844444444444444,0.0,1.0
3004320,1.538095238095238,0.5,-0.5380952380952381,0.0,1.0
5994197,0.5552973590813619,0.6666666666666666,0.19015214528725607,0.9333333333333336,0.0
3197827,1.3721945571107412,0.5666666666666668,-0.2582446200215173,0.0,1.0
2488079,0.928472222222222,0.7000000000000001,0.07152777777777776,0.0,1.0
5984060,1.6142857142857143,0.5666666666666668,-0.6142857142857143,0.82,0.0
1945150,1.1666666666666667,0.43333333333333335,-0.16666666666666666,0.0,1.0
5994945,0.7782828282828284,0.6,0.22171717171717167,0.7466666666666667,0.0
2917476,0.9427910052910052,0.5666666666666665,0.0572089947089947,0.0,1.0
5993618,1.2835813492063493,0.7333333333333334,-0.2835813492063492,0.9133333333333334,0.0
5995315,0.4777281746031746,0.6,0.5222718253968254,0.44,0.0
5998365,0.648703022875817,0.5666666666666667,0.35129697712418295,0.34,0.0
5988532,1.2787542087542088,0.43333333333333335,-0.27875420875420875,0.5733333333333334,0.0
1524900,1.0833333333333333,0.6,-0.08333333333333336,0.0,1.0
3299573,1.0208333333333333,0.7000000000000001,-0.020833333333333315,0.0,1.0
2742821,1.5991421568627453,0.43333333333333335,-0.5991421568627451,0.0,1.0
5991731,1.131026936026936,0.6,-0.13102693602693602,1.4933333333333334,0.0
2171929,1.4105555555555556,0.6666666666666666,-0.4105555555555556,0.0,1.0
5978298,1.1777777777777778,0.7000000000000001,-0.17777777777777778,0.3466666666666667,0.0
2426202,1.2698611111111109,0.7333333333333334,-0.26986111111111105,0.3109928340926347,1.0
5983989,1.5895909645909647,0.5,-0.5895909645909646,1.88,0.0
5996735,1.8066666666666664,0.5,-0.8066666666666666,0.30000000000000004,0.0
5991626,1.2531746031746032,0.6666666666666666,-0.2531746031746032,0.18666666666666668,0.0
5993522,0.5388888888888889,0.5,0.4611111111111111,0.7866666666666667,0.0
5984817,0.6144781144781145,0.7000000000000001,0.3855218855218856,0.7399999999999999,0.0
5986045,1.2388888888888892,0.6333333333333333,-0.2388888888888889,0.5333333333333333,0.0
3135838,4.873310883450325,0.6,0.22436507936507927,0.0,1.0
5979580,0.9075396825396824,0.5,0.09246031746031746,0.7200000000000001,0.0
5978289,1.446416923302116,0.6,-0.4623611027067879,1.2866666666666666,0.0
5980414,0.9180555555555556,0.4666666666666666,0.08194444444444443,1.3122849652112532,0.0
5988613,0.7564814814814814,0.5666666666666667,0.2435185185185185,0.52,0.0
2463338,1.3805555555555555,0.7666666666666666,-0.3805555555555555,0.0,1.0
5986622,1.129779411764706,0.5,-0.12977941176470587,0.7000000000000001,0.0
5997322,1.090079365079365,0.516178760779064,-0.09007936507936508,0.9,0.0
5989831,0.8055555555555557,0.4666666666666666,0.19444444444444445,0.6533333333333333,0.0
5998979,1.0208333333333337,0.55,-0.020833333333333315,0.59,0.0
5995636,0.7799603174603175,0.6,0.22003968253968254,0.46,0.0
5992826,1.2472222222222222,0.6333333333333333,-0.24722222222222226,0.32,0.0
1757125,0.9231481481481482,0.5,0.07685185185185185,0.0,1.0
2033101,1.2849206349206348,0.6333333333333333,-0.28492063492063496,0.0,1.0
5994336,1.7111111111111108,0.7666666666666666,-0.7111111111111111,0.2,0.0
5999214,1.130976430976431,0.7333333333333334,-0.13097643097643094,0.84,0.0
5993059,1.7635586635586638,0.6000000000000001,-0.7635586635586636,0.8999999999999999,0.0
5984351,0.9218253968253968,0.5333333333333333,0.07817460317460317,0.4133333333333334,0.0
5993265,0.8833333333333333,0.6333333333333334,0.11666666666666665,1.328478241320615,0.0
3061952,1.5305555555555557,0.6666666666666666,-0.5305555555555556,0.0,1.0
5990625,0.9444444444444444,0.6333333333333333,0.05555555555555556,1.16,0.0
2802619,1.6133928571428573,0.6999999999999998,-0.6133928571428572,0.0,1.0
5996368,1.0083333333333333,0.5,-0.00833333333333334,0.8733333333333334,0.0
5981011,1.7166666666666668,0.5333333333333333,-0.7166666666666667,1.02,0.0
5990916,1.104398148148148,0.6666666666666666,-0.10439814814814814,0.11333333333333336,0.0
5982172,1.4678266178266182,0.5111078179045538,-0.4678266178266178,1.28,0.0
5996481,0.7813131313131313,0.5333333333333333,0.2186868686868687,0.2933333333333333,0.0
2224377,0.974503968253968,0.5333333333333333,0.025496031746031732,0.0,1.0
3114924,1.0555555555555556,0.6000000000000001,-0.055555555555555546,0.0,1.0
5992025,1.101851851851852,0.5666666666666668,-0.10185185185185186,1.5066666666666666,0.0
2926882,0.9777777777777776,0.6333333333333333,0.02222222222222224,0.0,1.0
5983910,1.0083333333333333,0.6333333333333333,-0.00833333333333334,1.26,0.0
5996949,1.472420634920635,0.6333333333333333,-0.472420634920635,0.7600000000000001,0.0
5987865,0.9166666666666666,0.6000000000000001,0.08333333333333331,1.99,0.0
5981952,1.5972222222222223,0.3801930108583674,-0.5972222222222222,1.8866666666666667,0.0
5985235,1.173611111111111,0.6666666666666666,-0.17361111111111108,0.4,0.0
5995979,1.6288739106753816,0.6666666666666666,-0.6288739106753813,0.5933333333333334,0.0
5999037,1.4471043771043772,0.4666666666666666,-0.44710437710437706,0.82,0.0
2190246,0.876984126984127,0.5333333333333333,0.12301587301587302,0.0,1.0
5992832,0.5462962962962963,0.5666666666666668,0.4537037037037037,0.7466666666666667,0.0
5985673,0.9714285714285716,0.5,-0.07182266025982867,0.6066666666666667,0.0
2074178,0.9531580687830687,0.7000000000000001,0.046841931216931205,0.0,1.0
5978662,1.5434523809523808,0.6,-0.5434523809523809,1.4466666666666663,0.0
5996014,0.7322129906275311,0.4666666666666666,-0.02413610596532915,0.34807688466220194,0.0
5982215,1.1133449883449884,0.6333333333333333,-0.11334498834498835,1.02,0.0
5985298,1.395800730954262,0.55,-0.3004512149434368,0.6876747580054126,0.0
5985739,1.1195609945609946,0.6666666666666666,-0.11956099456099455,0.6666666666666666,0.0
5994811,1.1287698412698413,0.6666666666666666,-0.3570051062262589,1.0333333333333334,0.0
5995191,1.2107744107744107,0.5,-0.3431535629196448,1.2133333333333334,0.0
3251047,0.6555307539682539,0.5333333333333333,0.3444692460317461,0.0,1.0
5989246,1.3872354497354495,0.6,-0.38723544973544977,0.7466666666666667,0.0
2043536,1.7034722222222218,0.65,-0.7034722222222223,0.0,1.0
5978050,1.2730736000702358,0.5,0.2055603111132395,0.6943188711170706,0.0
5987475,1.269225695422345,0.5333333333333333,-0.2830065359477125,2.1466666666666665,0.0
5995517,0.6163299663299663,0.6999999999999998,0.3836700336700337,0.8933333333333332,0.0
5987989,1.463766788766789,0.6,-0.4637667887667887,0.68,0.0
5995926,0.9487942612942613,1.1401193391627826,0.051205738705738725,0.6466666666666666,0.0
5981877,0.7610269360269358,0.5666666666666667,0.23897306397306406,1.4733333333333334,0.0
5982902,0.9588664421997756,0.6999999999999998,0.041133557800224464,0.64,0.0
5984927,0.7382605820105821,0.6666666666666666,0.261739417989418,0.5333333333333333,0.0
5995699,0.7861111111111111,0.7000000000000001,0.2138888888888889,1.4799999999999998,0.0
5988200,0.9384920634920636,0.5,0.06150793650793649,0.38666666666666666,0.0
5987020,1.2469576719576718,0.6,-0.246957671957672,0.6266666666666666,0.0
5993532,1.2595238095238095,0.6999999999999998,-0.25952380952380955,0.7799999999999999,0.0
5991842,1.2933006535947713,0.5666666666666668,-0.29330065359477125,0.7133333333333334,0.0
5995506,1.9330753968253969,0.6666666666666666,-0.9330753968253968,1.106666666666667,0.0
5982448,1.236111111111111,0.6,-0.2361111111111111,1.28,0.0
5991120,1.256547619047619,0.43333333333333335,-0.2565476190476191,1.4933333333333334,0.0
5998934,1.2822390572390574,0.5666666666666667,-0.28223905723905723,1.4266666666666663,0.0
5979393,1.1342592592592593,0.6666666666666666,-0.13425925925925927,0.4866666666666666,0.0
2678311,1.340329632028876,0.4666666666666666,0.09532125726045797,0.0,1.0
1615426,21.08395061728395,0.6333333333333334,-0.2479166666666667,0.0,1.0
5980831,0.6729153262312768,0.5666666666666668,0.02031283510884746,0.5518737936081491,0.0
5981117,1.0488888888888888,0.5333333333333333,-0.04888888888888887,0.9266666666666667,0.0
5985119,1.1446813725490197,0.6666666666666666,-0.009719080673764664,0.34,0.0
5999457,0.9242063492063493,0.6666666666666666,0.07579365079365079,0.9533333333333333,0.0
2358208,1.4164141414141411,0.6666666666666666,-0.4164141414141414,0.0,1.0
5984147,0.6475885225885226,0.7000000000000001,0.3524114774114773,0.3333333333333333,0.0
5997276,1.5046296296296298,0.7333333333333334,-0.5046296296296297,0.6933333333333334,0.0
3427756,1.1203703703703705,0.6666666666666666,-0.12037037037037035,0.0,1.0
5980706,1.196957671957672,0.7000000000000001,-0.196957671957672,1.34,0.0
3051126,0.9006944444444445,0.5,0.09930555555555558,0.0,1.0
5991690,0.9836996336996338,0.5333333333333333,0.01630036630036628,1.22,0.0
3191990,1.2999007936507936,0.7000000000000001,-0.29990079365079364,0.0,1.0
1983126,1.2966540404040403,0.5333333333333333,-0.2966540404040404,0.0,1.0
2369381,1.1507738095238096,0.6317793175475513,-0.15077380952380953,0.0,1.0
5988218,0.8916666666666666,0.5333333333333333,0.10833333333333334,1.4733333333333334,0.0
3029433,1.3034599673202616,0.6666666666666666,-0.3034599673202614,0.0,1.0
5987142,1.1611111111111112,0.6,-0.1611111111111111,1.5,0.0
2227808,1.1259920634920637,0.7666666666666666,-0.12599206349206346,0.0,1.0
5978993,1.2808302808302807,0.6000000000000001,-0.28083028083028083,0.37333333333333335,0.0
5995233,1.8567800855566807,0.6666666666666666,-0.3881944444444445,1.4399999999999995,0.0
5992866,1.2961691086691085,0.4666666666666666,-0.2961691086691087,0.8533333333333334,0.0
5994159,1.1996296296296296,0.8000000000000002,-0.1996296296296296,1.1133333333333333,0.0
2250464,0.4867845117845118,0.6333333333333333,0.5132154882154882,0.0,1.0
5994444,1.3872100122100122,1.3763420414462082,-0.38721001221001217,0.8266666666666667,0.0
5999218,1.4605158730158732,0.5333333333333333,-0.460515873015873,0.4933333333333334,0.0
3276086,1.1226350038850041,0.6,-0.12263500388500387,0.0,1.0
2424757,1.1168650793650794,0.6333333333333333,-0.11686507936507938,0.0,1.0
5980866,0.5861111111111111,0.6666666666666666,0.4138888888888889,1.6466666666666667,0.0
5979318,1.382777777777778,0.7000000000000001,-0.3827777777777778,1.2357176636954783,0.0
2606987,0.8988095238095238,0.7666666666666666,0.1011904761904762,0.0,1.0
5996044,1.415277777777778,0.6333333333333333,-0.4152777777777777,1.6933333333333334,0.0
2789858,1.4268925518925517,0.5666666666666667,-0.4268925518925519,0.0,1.0
5986910,0.7749999999999999,0.6,0.225,1.4066666666666665,0.0
5978887,0.8425925925925926,0.5666666666666668,0.1574074074074074,0.8733333333333334,0.0
5992248,1.136813186813187,0.6333333333333333,-0.1368131868131868,1.1466666666666667,0.0
5980760,0.6466503267973857,0.7333333333333334,0.3533496732026144,0.2733333333333334,0.0
5981168,1.308829365079365,0.6333333333333333,-0.3088293650793651,1.32,0.0
1915058,1.1765760039020188,0.6666666666666666,-0.723222087604905,0.0,1.0
2036192,0.8083074333074333,0.5,0.19169256669256665,0.0,1.0
5987305,1.1875,0.5666666666666668,-0.1875,1.2266666666666666,0.0
5992879,0.6487205387205387,0.8000000000000002,0.35127946127946125,0.6066666666666666,0.0
5979783,1.2506944444444443,0.5,-0.25069444444444444,0.58,0.0
5994928,1.1597222222222219,0.5666666666666667,-0.15972222222222224,0.7799999999999999,0.0
5992297,1.2846464646464648,0.6999999999999998,-0.28464646464646465,0.5266666666666667,0.0
5996087,1.4194444444444445,0.5666666666666668,-0.4194444444444445,0.5333333333333333,0.0
5978073,1.0876780007616778,0.6333333333333333,-0.1782700395741228,0.8133333333333334,0.0
1809046,1.122083333333333,0.8507127520679632,-0.12208333333333335,0.0,1.0
2251878,0.8066077441077439,0.6,0.19339225589225587,0.0,1.0
5989010,1.0520833333333333,0.6999999999999998,-0.052083333333333336,0.04,0.0
5978824,1.201984126984127,0.6,-0.20198412698412696,1.04,0.0
5984480,1.4123015873015872,0.5666666666666668,-0.41230158730158734,0.26,0.0
5996604,1.5708333333333335,0.6333333333333333,-0.5708333333333333,0.12,0.0
5986788,2.1284255992622723,0.4000000000000001,-0.33968253968253964,1.4600000000000002,0.0
2463033,1.1663359788359788,0.6333333333333333,-0.16633597883597884,0.0,1.0
5993874,0.9713980463980464,0.6666666666666666,0.02860195360195365,0.5066666666666667,0.0
5984761,0.6274725274725275,0.5333333333333333,0.3725274725274725,0.7399999999999999,0.0
5978631,1.2267482517482518,0.6,-0.2267482517482517,1.14,0.0
2294112,1.255866355866356,0.5,-0.2558663558663559,0.0,1.0
5998015,0.8231454248366014,0.6,0.17685457516339867,0.7999999999999999,0.0
3009430,1.0341269841269842,0.5333333333333333,-0.03412698412698415,0.0,1.0
3428615,1.2938271604938272,0.7000000000000001,-0.2938271604938272,0.0,1.0
5990300,1.4297979797979796,0.5,-0.4297979797979798,0.7800000000000001,0.0
5992582,1.4969922250963936,0.5666666666666667,0.0036195773193899625,1.010183540724735,0.0
5981255,1.2708531746031746,0.7000000000000001,-0.2708531746031746,1.836422076449627,0.0
5986088,1.1857494978259098,0.6333333333333333,-0.4494949494949496,0.7466666666666667,0.0
5979437,1.2597222222222222,1.0820944244880415,-0.25972222222222224,0.6,0.0
5978450,0.9273148148148148,0.5333333333333333,0.0726851851851852,0.8466666666666667,0.0
5985720,1.1944444444444444,0.6666666666666666,-0.1944444444444444,1.1266666666666667,0.0
5986597,1.1,0.6333333333333333,-0.10000000000000002,1.2333333333333334,0.0
5995797,1.4754334554334554,0.5,-0.4754334554334554,1.106666666666667,0.0
2361227,1.2891208791208792,0.5,-0.2891208791208791,0.0,1.0
5999526,1.3974137998080784,0.5287902019223859,-0.5949404761904762,1.24,0.0
2093942,1.2366666666666666,0.6333333333333334,-0.23666666666666664,0.0,1.0
5998992,1.8577410312448464,0.6333333333333334,-0.7221380471380471,0.5733333333333334,0.0
5982805,1.3047466422466425,0.6666666666666666,-0.3047466422466422,0.5466666666666667,0.0
5980828,1.2610780423280423,0.6666666666666666,-0.2610780423280423,0.6,0.0
5980096,0.9441919191919192,0.7333333333333334,0.05580808080808079,1.0,0.0
5998527,1.0923687423687425,0.5333333333333333,-0.09236874236874236,1.38,0.0
5980820,0.9776851851851852,0.4666666666666666,0.022314814814814787,1.12,0.0
3118932,1.1077533577533578,0.5333333333333333,-0.10775335775335776,0.0,1.0
5988045,1.2638047138047137,0.5666666666666668,-0.26380471380471376,1.5199999999999998,0.0
5993690,1.4402356902356899,0.6,-0.4402356902356903,1.5199999999999998,0.0
5990638,0.8033670033670033,0.7333333333333333,0.19663299663299666,0.66,0.0
2507864,1.1777777777777778,0.5333333333333333,-0.17777777777777778,0.0,1.0
5998380,0.9644781144781144,0.6333333333333333,0.03552188552188553,1.1466666666666667,0.0
5983010,1.1188888888888888,0.6333333333333333,-0.11888888888888885,0.5415298744782217,0.0
5997796,1.1085317460317459,0.6,-0.10853174603174602,1.0733333333333337,0.0
5988298,1.7872377622377622,0.6666666666666666,-0.7872377622377623,0.2333333333333333,0.0
2729035,1.4115773115773116,0.6333333333333333,-0.4115773115773116,0.0,1.0
5984090,1.0969907407407409,0.7713363847754334,-0.09699074074074072,0.7533333333333333,0.0
5979194,1.908686703554661,0.6,-0.3009126984126985,1.5599999999999998,0.0
5996660,1.298080808080808,0.5666666666666668,-0.2980808080808081,1.2666666666666666,0.0
1772385,1.951126651126651,0.6333333333333333,-0.9511266511266512,0.0,1.0
5984205,1.2698412698412698,0.5455031786409883,-0.2698412698412698,2.0,0.0
5992737,1.1535714285714287,0.7,-0.15357142857142853,1.04,0.0
5997472,1.2870370370370372,0.5,-0.28703703703703703,1.346666666666667,0.0
2919554,0.9944444444444444,0.6666666666666666,0.005555555555555545,0.0,1.0
5999100,1.4645493395493396,0.5666666666666668,-0.4645493395493396,1.4333333333333331,0.0
5994925,1.0722222222222222,0.6666666666666666,-0.07222222222222223,0.4933333333333334,0.0
5991804,1.5083333333333335,0.6666666666666666,-0.4261113293146737,0.9066666666666668,0.0
5985446,0.9212962962962964,0.6333333333333333,0.0787037037037037,1.2666666666666668,0.0
1564563,1.2424603174603177,0.4666666666666666,-0.2424603174603175,0.0,1.0
5988717,0.9537037037037038,0.6666666666666666,0.04629629629629632,0.5533333333333332,0.0
5985867,0.9716049382716049,0.7333333333333334,-0.18977290154012547,1.4733333333333334,0.0
5992221,1.8626262626262624,0.9826024007138168,-0.8626262626262626,1.2333333333333334,0.0
5997732,1.1967592592592593,0.6,-0.19675925925925927,0.3666666666666667,0.0
5981718,1.6861772486772486,0.7999999999999999,-0.6861772486772487,0.54,0.0
1765433,0.7516666666666666,0.6,0.2483333333333333,0.0,1.0
1824305,1.295230078563412,0.6,-0.17136004387615664,0.0,1.0
2937305,1.477108134920635,0.5333333333333333,-0.4771081349206349,0.0,1.0
5998761,0.8694444444444445,0.6000000000000001,0.1305555555555555,0.26666666666666666,0.0
2476045,0.9259920634920634,0.5,0.07400793650793651,0.0,1.0
3307403,1.3166666666666669,0.6999999999999998,-0.31666666666666665,0.0,1.0
3056317,1.8255397651533791,0.6,-0.4396604938271605,0.0,1.0
5997521,1.0854166666666667,0.4666666666666666,-0.08541666666666665,0.42,0.0
5998030,1.3710364522283636,0.5666666666666668,-0.5151158934337365,0.3168240478130791,0.0
5988189,0.9655892255892256,0.6,0.034410774410774427,0.98,0.0
5996267,0.9782455065359476,1.8937413646007584,0.021754493464052282,1.5333333333333332,0.0
5985676,0.9585016835016834,0.5666666666666668,0.04149831649831648,0.7999999999999999,0.0
5990479,0.4166666666666667,0.5666666666666668,0.5833333333333333,0.8666666666666667,0.0
3160498,1.0,0.6,2.312964634635743e-17,0.0,1.0
5991273,1.2416666666666667,0.6666666666666666,-0.2416666666666667,0.9266666666666666,0.0
1691736,0.9566822066822066,0.6333333333333333,0.04331779331779332,0.0,1.0
5998676,0.9424603174603176,0.7000000000000001,0.057539682539682536,0.32,0.0
2904190,1.0922222222222222,0.6666666666666666,-0.0922222222222222,0.0,1.0
1584557,1.0833333333333333,0.4666666666666666,-0.08333333333333333,0.0,1.0
2169389,0.9729548229548228,0.6,0.027045177045177043,0.0,1.0
5994027,1.4632936507936507,0.7000000000000001,-0.4632936507936508,0.52,0.0
1914580,1.0844444444444443,0.5666666666666667,-0.08444444444444442,0.0,1.0
1521202,1.8945105820105819,0.5333333333333333,-0.8945105820105821,0.0,1.0
5981774,1.144403594771242,0.4666666666666666,-0.14440359477124187,0.2933333333333333,0.0
1877187,0.9776851851851852,0.6333333333333334,0.022314814814814787,0.0,1.0
5990757,0.6555555555555556,0.6666666666666666,0.3444444444444444,1.7466666666666668,0.0
2682019,0.947979797979798,0.5666666666666668,0.052020202020202,0.0,1.0
5979108,1.931649831649832,0.6000000000000001,-0.9316498316498316,0.6933333333333334,0.0
5980307,1.4097222222222223,0.6666666666666666,-0.4097222222222223,0.34,0.0
2273143,1.3051358363858363,0.5666666666666667,-0.3051358363858364,0.0,1.0
5978618,0.9477777777777776,0.7000000000000001,0.05222222222222223,1.4266666666666663,0.0
5980123,0.9555555555555556,0.6666666666666666,0.04444444444444445,1.1266666666666667,0.0
2763553,1.2866161616161615,0.5,-0.2866161616161616,0.0,1.0
5983330,1.4763144841269842,0.6999999999999998,-0.4763144841269842,1.0133333333333334,0.0
5978931,1.4145337301587302,0.6999999999999998,-0.4145337301587301,0.6533333333333333,0.0
5991113,0.7635521885521886,0.5333333333333333,0.23644781144781146,0.6666666666666666,0.0
3185154,0.4055555555555556,0.5,0.5944444444444444,0.0,1.0
2539901,1.62480574980575,0.5979764430669284,-0.6248057498057498,0.0,1.0
2396115,0.9786798747276688,0.7333333333333334,0.021320125272331143,0.0,1.0
5988089,1.2963804713804714,0.6333333333333333,-0.29638047138047136,0.7799999999999999,0.0
1515919,0.7083333333333334,0.5666666666666667,0.2916666666666667,0.0,1.0
5994376,0.9804125816993464,0.6,0.01958741830065358,0.82,0.0
5978565,1.4126373626373627,0.7000000000000001,-9.911863368829312,0.6066666666666667,0.0
5978718,1.3022817460317462,0.5333333333333333,-0.30228174603174607,0.08,0.0
5999389,1.4568986568986568,0.7088159364986386,-0.4568986568986569,0.17333333333333334,0.0
5983402,0.9722222222222224,0.6000000000000001,0.027777777777777752,0.09333333333333332,0.0
3384103,1.3098447712418302,0.6666666666666666,-0.3098447712418301,0.0,1.0
2410924,1.2594444444444444,0.4666666666666666,-0.2594444444444445,0.0,1.0
2180020,1.3138888888888889,0.7333333333333334,-0.3138888888888889,0.0,1.0
1559164,1.1442063492063492,0.6999999999999998,-0.1442063492063492,0.0,1.0
5993475,1.2111111111111108,0.5666666666666668,-0.2111111111111111,0.8799999999999999,0.0
5980589,1.6384798534798537,0.6666666666666666,-0.6384798534798535,1.3,0.0
5983747,0.8902777777777776,0.6000000000000001,0.1097222222222222,1.106666666666667,0.0
5989682,1.2821428571428568,0.6333333333333333,-0.28214285714285714,0.7200000000000001,0.0
5981060,1.2819191919191921,0.5,-0.2819191919191919,1.3733333333333333,0.0
5979947,1.2422558922558922,0.5,-0.2422558922558923,1.1333333333333335,0.0
2740993,1.4140873015873014,0.5333333333333333,-0.4140873015873016,0.0,1.0
2941359,1.114562908496732,0.5666666666666668,-0.11456290849673205,0.0,1.0
5990677,1.0527777777777778,0.7000000000000001,-0.052777777777777785,1.22,0.0
5996268,0.9640567765567766,0.7333333333333334,0.03594322344322346,1.1,0.0
5989018,1.0527777777777778,0.7670040257073071,-0.052777777777777764,1.9466666666666668,0.0
5999498,1.0978049728049728,0.6,-0.09780497280497284,0.5466666666666666,0.0
1846566,1.1318570318570318,0.4666666666666666,-0.13185703185703188,0.0,1.0
5996689,1.1597222222222223,0.7333333333333334,-0.1597222222222222,0.9,0.0
5987480,1.2664814814814815,0.4666666666666666,-0.2664814814814815,0.8133333333333335,0.0
2649588,1.11984126984127,0.6016234142987166,-0.11984126984126983,0.0,1.0
5987400,0.7278439153439153,0.6000000000000001,0.27215608465608465,0.9333333333333336,0.0
5981500,1.1206349206349209,0.6333333333333334,-0.1206349206349206,0.6866666666666666,0.0
5981289,1.1206501831501832,0.6,-0.12065018315018312,1.0266666666666666,0.0
5993897,1.4717757936507934,0.8830683750608598,-0.4717757936507936,0.7333333333333334,0.0
2667118,0.8833333333333333,0.6333333333333334,0.11666666666666665,0.0,1.0
1883444,1.3041666666666667,0.6,-0.30416666666666664,0.0,1.0
1815931,0.8061868686868686,0.5,0.19381313131313127,0.0,1.0
5993756,1.7059259259259258,0.6333333333333333,-0.705925925925926,0.9333333333333336,0.0
5993096,1.4337962962962962,0.6666666666666666,-0.4337962962962963,1.6266666666666667,0.0
5992886,0.8021031746031747,0.7333333333333334,0.1978968253968254,0.7399999999999999,0.0
5987603,0.7777777777777778,0.5333333333333333,0.2222222222222222,0.2933333333333333,0.0
5993313,1.4841269841269842,0.6666666666666666,-0.4841269841269841,1.26,0.0
2457235,1.0277777777777777,0.5666666666666667,-0.027777777777777773,0.0,1.0
2872974,1.1422794117647062,0.6666666666666666,-0.1422794117647059,0.0,1.0
2875171,0.8940476190476191,0.6,0.10595238095238096,0.0,1.0
5994879,0.8064814814814815,0.6333333333333333,0.19351851851851853,0.3933333333333333,0.0
5979451,0.6555555555555556,0.5666666666666667,0.3444444444444444,0.15333333333333335,0.0
5993954,1.4437710437710438,0.5333333333333333,-0.4437710437710438,0.9533333333333336,0.0
5984318,1.125648656898657,0.5333333333333333,-0.1256486568986569,1.94,0.0
5998310,0.7444444444444445,0.5666666666666668,0.25555555555555554,1.2866666666666668,0.0
5994621,1.7428571428571429,0.6,-0.7428571428571429,0.5733333333333333,0.0
5983102,1.7941086691086692,2.031251931516163,-0.7941086691086691,0.86,0.0
5980181,0.6563453159041395,0.6666666666666666,0.3436546840958605,1.2266666666666668,0.0
2969143,2.99335516684015,0.7000000000000001,-0.5312169312169313,0.0,1.0
2072098,1.4678266178266175,0.6333333333333333,-0.16961677905427908,0.0,1.0
2363529,1.0953198653198652,0.6,-0.09531986531986532,0.0,1.0
1588794,0.757473544973545,0.5666666666666667,0.242526455026455,0.0,1.0
1737641,0.5944444444444444,0.4666666666666666,0.4055555555555556,0.0,1.0
2588480,1.1355392156862745,0.5333333333333333,-0.1355392156862745,0.0,1.0
5994481,1.4394841269841272,0.6333333333333334,-0.43948412698412703,1.5533333333333337,0.0
2071136,0.8154927248677248,0.7666666666666666,0.18450727513227516,0.0,1.0
2621392,1.443686868686869,0.6999999999999998,-0.4436868686868687,0.0,1.0
5996697,1.1407828282828285,0.6333333333333334,-0.013100202748640249,1.8,0.0
5979134,1.4633169934640522,0.5333333333333333,-0.4633169934640524,1.6,0.0
5984319,0.8958333333333334,0.5333333333333333,0.10416666666666667,0.7666666666666666,0.0
5992727,1.621147741147741,0.6666666666666666,-0.6211477411477412,1.0399999999999998,0.0
2487385,1.5455192955192956,0.6,-0.5455192955192955,0.0,1.0
5990754,1.5472222222222225,0.4666666666666666,-0.5472222222222222,0.38,0.0
5978427,0.7574074074074074,0.6666666666666666,0.24259259259259255,0.52,0.0
1591886,1.1138888888888892,0.5333333333333333,-0.11388888888888887,0.0,1.0
5990912,1.6077838827838828,0.4000000000000001,-0.6077838827838828,0.17333333333333334,0.0
5982791,1.2107142857142856,0.4666666666666666,-0.2107142857142857,0.46,0.0
5996819,0.4816919191919192,0.5666666666666668,0.5183080808080809,1.5199999999999998,0.0
5997289,0.7999007936507936,0.5333333333333333,0.20009920634920636,0.6533333333333333,0.0
5980955,0.6490235690235691,0.9141117156350588,0.3509764309764309,1.0,0.0
5979848,1.4399509803921569,0.5666666666666667,-0.4399509803921569,0.9,0.0
5982539,0.9543981481481484,0.6,0.045601851851851866,0.6533333333333333,0.0
5986312,1.3722222222222225,0.6333333333333334,-0.37222222222222223,0.7999999999999999,0.0
5999322,1.6719246031746031,0.5333333333333333,-0.6719246031746032,1.3,0.0
5982658,0.8117063492063492,0.4666666666666666,0.1882936507936508,0.5133333333333333,0.0
1706582,0.8161630036630036,0.5666666666666668,0.18383699633699635,0.0,1.0
2330687,1.1258333333333332,0.6333333333333333,-0.12583333333333332,0.0,1.0
5981265,0.8305555555555556,0.5,0.16944444444444445,0.94,0.0
5990294,1.624084249084249,0.6,-0.6240842490842491,1.6333333333333335,0.0
5995599,1.4126653439153438,0.5333333333333333,-0.4126653439153439,1.0799999999999998,0.0
2370515,0.9750748910675382,0.7666666666666666,0.024925108932461842,0.0,1.0
5987434,1.1221348096348096,0.7333333333333334,-0.12213480963480962,0.5466666666666666,0.0
1865744,1.2059829059829061,0.5,-0.20598290598290606,0.0,1.0
2298803,0.6522130647130647,0.5666666666666667,0.3477869352869353,0.0,1.0
5999303,1.721141975308642,0.6,-0.7211419753086421,0.5066666666666667,0.0
5983112,1.2484126984126984,0.5666666666666667,-0.2484126984126984,0.54,0.0
5980779,1.0290343915343916,0.6333333333333333,-0.029034391534391538,0.22,0.0
5986370,1.0416666666666667,0.4666666666666666,-0.04166666666666666,0.52,0.0
5983840,0.626521164021164,0.7000000000000001,0.3734788359788359,0.5066666666666667,0.0
5988059,1.6857142857142855,0.75,-0.6857142857142857,1.38,0.0
5981677,0.6722222222222222,0.5333333333333333,0.3277777777777778,0.56,0.0
2833316,1.2796296296296297,0.5666666666666668,-0.2796296296296296,0.0,1.0
5990996,1.7595117845117845,0.5666666666666668,-0.7595117845117846,1.0266666666666666,0.0
5984115,1.45,0.5666666666666668,-0.45,0.8133333333333335,0.0
1976206,0.8094932844932844,0.6666666666666666,0.1905067155067155,0.0,1.0
2526310,1.3038690476190478,0.6000000000000001,-0.3038690476190476,0.0,1.0
5978825,1.4672619047619049,0.5666666666666667,-0.4672619047619048,0.7733333333333333,0.0
5998791,1.7017405798726155,0.6669203770707184,-0.7366423425696085,1.3266666666666669,0.0
5988119,1.9649645969498912,0.6,-0.9649645969498912,1.0133333333333334,0.0
5985080,0.980436507936508,0.6134330692373654,0.019563492063492085,0.82,0.0
5978491,1.4513791763791764,0.5,-0.4513791763791764,0.9333333333333332,0.0
5991174,0.7984788359788361,0.4211830066164953,0.201521164021164,0.26666666666666666,0.0
1669432,1.1063131313131314,0.7000000000000001,-0.10631313131313133,0.0,1.0
1947117,0.95,0.6333333333333333,0.05,0.0,1.0
5981963,1.4644841269841269,0.7333333333333334,-0.4644841269841271,0.26666666666666666,0.0
5988203,1.4111111111111112,0.7666666666666666,-0.4111111111111112,0.62,0.0
5990970,1.45750777000777,0.6333333333333333,-0.4575077700077701,1.2733333333333334,0.0
5991599,1.2539682539682535,0.6,-0.253968253968254,1.1,0.0
5988864,0.9333333333333332,0.6000000000000001,0.06666666666666668,1.97,0.0
5993721,1.2922299922299922,0.5333333333333333,-0.29222999222999224,0.2466666666666667,0.0
5983147,1.4196775446775447,0.5333333333333333,-0.4196775446775447,0.8466666666666667,0.0
5988962,1.2574074074074073,0.4585882554531449,-0.2574074074074074,1.9933333333333327,0.0
5994951,1.143925518925519,0.6,-0.14392551892551894,3.9695138415485807,0.0
1670257,1.0777777777777775,0.6333333333333333,-0.6700946749727237,0.0,1.0
1531382,0.9194444444444444,0.5333333333333333,0.08055555555555555,0.0,1.0
5994314,1.2378269878269876,0.43333333333333335,-0.23782698782698786,0.34,0.0
5989411,1.1174107142857144,0.7666666666666666,-0.1174107142857143,2.24,0.0
5987953,1.2178406084656086,0.5666666666666667,-0.2178406084656085,0.2533333333333333,0.0
5982733,1.0876984126984126,0.7333333333333333,-0.08769841269841272,1.6133333333333333,0.0
3054619,0.9794108669108668,0.5,0.020589133089133092,0.0,1.0
5986269,0.7666666666666666,0.7333333333333334,0.2333333333333333,0.4666666666666666,0.0
2495391,1.1674107142857144,0.55,-0.1674107142857143,0.0,1.0
1629154,0.6473313492063492,0.5666666666666668,0.3526686507936508,0.0,1.0
5987491,1.0718253968253968,0.7000000000000001,-0.07182539682539679,1.0933333333333335,0.0
5988124,1.1065476190476191,0.3859035432865936,-0.10654761904761904,1.2733333333333334,0.0
5990146,1.2774725274725276,0.43333333333333335,-0.27747252747252754,0.8333333333333334,0.0
5997407,1.3875,0.6999999999999998,-0.3875,1.9615151979826893,0.0
1969298,1.4041666666666668,0.5,-0.4041666666666666,0.0,1.0
1856964,0.9599511599511601,0.5333333333333333,0.04004884004884005,0.0,1.0
5989178,0.8065641534391533,0.6333333333333333,0.19343584656084656,1.4,0.0
3325913,1.1583333333333332,0.6999999999999998,-0.15833333333333335,0.0,1.0
5994006,0.9374183006535948,0.7000000000000001,0.06258169934640523,0.3333333333333333,0.0
3217385,1.1020833333333333,0.6666666666666666,-0.10208333333333336,0.0,1.0
5980776,1.0817460317460317,0.43333333333333335,-0.08174603174603175,0.58,0.0
5994877,1.1722222222222225,0.4666666666666666,-0.5255832497063331,1.0533333333333337,0.0
1675064,1.4596632996632994,0.7333333333333334,-0.4596632996632997,0.0,1.0
5981510,1.3277777777777775,0.5666666666666667,-0.3277777777777778,1.0666666666666669,0.0
5986840,0.8080738705738706,0.6666666666666666,0.19192612942612944,1.5933333333333335,0.0
5997886,0.7503306878306879,0.6,0.24966931216931215,1.1333333333333333,0.0
5987539,0.9561507936507936,0.6333333333333333,0.04384920634920634,0.4666666666666666,0.0
5985290,1.236111111111111,0.5666666666666667,-0.2361111111111111,0.96,0.0
5991986,1.2706565656565656,0.6,-0.27065656565656565,0.1,0.0
1971335,1.0112433862433865,0.6999999999999998,-0.011243386243386241,0.0,1.0
5986603,1.7194444444444443,0.5333333333333333,-0.7194444444444444,0.82,0.0
2273729,1.2783605283605282,0.6,-0.2783605283605283,0.0,1.0
5990802,1.3596230158730158,0.5333333333333333,-0.3596230158730159,0.48,0.0
5996085,0.7122222222222222,0.6499999999999999,0.2877777777777778,1.04,0.0
5991093,0.9944444444444444,0.5666666666666668,0.005555555555555536,1.0133333333333334,0.0
5994614,1.3617063492063493,4.1594045694217785,-0.3617063492063492,1.2533333333333332,0.0
5981681,0.93015873015873,0.7000000000000001,0.06984126984126986,1.3533333333333335,0.0
5985806,1.4534336419753089,0.4666666666666666,-0.4534336419753086,0.6466666666666666,0.0
5981260,0.9509920634920634,0.6,0.0490079365079365,0.6466666666666666,0.0
5995282,0.6118055555555556,0.7333333333333333,0.3881944444444445,0.52,0.0
5983729,0.6333333333333333,0.5333333333333333,0.3666666666666667,1.7338147237129793,0.0
5999395,76.53592261904761,0.5333333333333333,0.5416666666666666,0.52,0.0
5983148,1.286706349206349,0.6333333333333333,-0.28670634920634924,1.4533333333333331,0.0
3377761,1.1211149961149958,0.5666666666666668,-0.12111499611499613,0.0,1.0
5981721,1.2175925925925926,0.7666666666666666,-0.2175925925925926,0.10666666666666667,0.0
5998431,0.8055555555555557,0.7666666666666666,0.19444444444444445,1.2466666666666666,0.0
2575599,0.973260381593715,0.5333333333333333,0.026739618406285068,0.0,1.0
5984467,0.9643939393939394,0.6666666666666666,0.035606060606060606,1.8533333333333333,0.0
5994275,1.6144199346405232,0.6666666666666666,-0.6144199346405229,1.2333333333333334,0.0
1604747,1.442087542087542,0.6333333333333334,-0.4420875420875421,0.0,1.0
5982809,0.7855963480963482,0.5666666666666668,0.21440365190365196,0.2466666666666667,0.0
5984703,1.0361111111111112,0.4666666666666666,-0.03611111111111113,1.4666666666666668,0.0
5993788,1.109553872053872,0.6,-0.10955387205387207,0.10666666666666667,0.0
2193721,1.5974867724867725,0.6000000000000001,-0.5974867724867724,0.0,1.0
5998418,1.5984885620915037,0.6333333333333334,-0.5984885620915033,1.0466666666666666,0.0
5978541,0.7945707070707071,0.6666666666666666,0.2054292929292929,1.98,0.0
5988327,0.985906862745098,0.5666666666666668,0.014093137254901909,0.7733333333333334,0.0
5987073,1.0573082010582011,0.5333333333333333,-0.05730820105820107,4.950195280349794,0.0
5993528,1.1278108465608467,0.6666666666666666,-0.1278108465608466,2.106666666666667,0.0
5992081,1.281781045751634,0.5,-0.5174925818442676,1.3333333333333333,0.0
5995604,1.1296296296296295,0.6000000000000001,-0.12962962962962962,1.2480128743659078,0.0
5985675,1.3079496891996891,0.7333333333333334,-0.3079496891996892,0.22,0.0
5990812,0.7333333333333334,0.5666666666666667,0.26666666666666666,0.7066666666666667,0.0
5993645,1.4374183006535948,0.6,-0.4374183006535948,0.48,0.0
5997612,1.288470017636684,0.6333333333333333,-0.2884700176366843,0.6,0.0
2263730,0.9371031746031746,0.5666666666666668,0.0628968253968254,0.0,1.0
2156857,1.1423202614379089,0.5333333333333333,-0.14232026143790852,0.0,1.0
5980535,0.9726592851592852,0.5,0.02734071484071484,0.19333333333333333,0.0
3313934,1.1293209876543209,0.6333333333333334,-0.12932098765432098,0.0,1.0
5985896,1.1566666666666667,0.5,-0.15666666666666665,0.02,0.0
5992985,0.9677910052910054,0.5666666666666665,0.032208994708994715,0.23333333333333334,0.0
5987146,1.2818223443223442,0.6333333333333333,-0.2818223443223444,1.1666666666666667,0.0
5981899,1.111111111111111,0.5666666666666668,-0.11111111111111112,1.0666666666666669,0.0
5986393,1.4277777777777778,0.4666666666666666,-0.4277777777777778,0.34,0.0
5995367,1.4548148148148148,0.7333333333333333,-0.4548148148148148,0.4466666666666667,0.0
5983398,0.9277777777777776,0.5333333333333333,0.07222222222222223,0.94,0.0
5996079,0.9455555555555556,0.6,0.054444444444444406,1.26,0.0
2326184,1.4277777777777778,0.5666666666666668,-0.4277777777777778,0.0,1.0
2614599,1.519179894179894,0.5333333333333333,-0.5191798941798942,0.0,1.0
5987376,0.8159479409479409,0.7217890444258829,0.18405205905205904,0.5733333333333333,0.0
5986009,1.5216666666666665,0.4666666666666666,-0.5216666666666666,0.10000000000000002,0.0
5981970,0.910978835978836,0.4666666666666666,0.08902116402116399,0.9666666666666668,0.0
5998161,1.4226190476190474,0.3470770710977357,-0.4226190476190476,0.6,0.0
5979933,0.794047619047619,0.6666666666666666,0.20595238095238094,1.2066666666666666,0.0
5981226,1.1210858585858583,0.6333333333333333,-0.12108585858585855,0.8733333333333334,0.0
5997422,0.9253747795414462,0.6000000000000001,0.0746252204585538,0.26,0.0
5992659,1.4033882783882785,0.6666666666666666,-0.4033882783882784,0.15333333333333332,0.0
5998250,0.8555555555555555,0.5666666666666665,0.14444444444444446,1.1333333333333333,0.0
5987284,0.9474206349206348,0.6000000000000001,0.05257936507936506,0.7666666666666666,0.0
2220385,1.3472222222222223,0.7333333333333334,-0.3472222222222221,0.0,1.0
3299330,0.7638888888888888,0.43333333333333335,0.23611111111111116,0.0,1.0
3163611,1.1906141819290883,0.4666666666666666,-0.13912823446201725,0.0,1.0
5984890,0.8122023809523808,0.6333333333333333,0.18779761904761905,1.413333333333333,0.0
5989372,1.4579517704517704,0.7020515242774757,-0.4579517704517704,1.1933333333333334,0.0
5990509,1.4676476301476302,0.5666666666666667,-0.4676476301476302,0.16666666666666666,0.0
5998276,0.6916666666666668,0.5666666666666665,0.3083333333333333,0.5599999999999999,0.0
5995860,1.3722222222222225,0.5666666666666665,-0.37222222222222223,0.4733333333333333,0.0
3094579,0.9641479276895945,0.6333333333333333,0.035852072310405624,0.0,1.0
3129306,1.0618386243386244,0.6745286035751316,-0.06183862433862434,0.0,1.0
5997570,1.05,0.6666666666666666,-0.05000000000000001,0.6200000000000001,0.0
5996180,0.8861111111111111,0.5333333333333333,0.11388888888888887,1.56273721340388,0.0
5980547,1.2850815850815849,0.6333333333333333,-0.28508158508158504,0.88,0.0
5978807,0.9587403337403336,0.5,0.04125966625966618,0.5266666666666666,0.0
2450266,1.6216491841491842,0.5666666666666668,-0.6216491841491841,0.0,1.0
3036586,1.2972832722832723,0.6333333333333333,-0.2972832722832723,0.0,1.0
5988517,0.42708333333333337,0.6,0.5729166666666667,0.23,0.0
5995904,1.1375340413943356,0.6666666666666666,-0.13753404139433553,0.3333333333333333,0.0
5994147,1.0444444444444445,0.5333333333333333,-0.4363825344952797,1.7733333333333332,0.0
1742696,0.977097902097902,0.6666666666666666,0.02290209790209789,0.0,1.0
5997819,0.7828869047619048,0.5,0.2171130952380952,0.7600000000000001,0.0
5982610,0.6277777777777778,0.6000000000000001,0.37222222222222223,0.8866666666666667,0.0
1954276,1.1345848595848598,0.6,-0.13458485958485958,0.0,1.0
5986336,1.924074074074074,0.6,-0.924074074074074,0.18666666666666668,0.0
5985866,0.8008058608058608,0.5333333333333333,0.1991941391941392,0.2933333333333333,0.0
2599895,1.1293498168498168,0.5333333333333333,-0.12934981684981686,0.0,1.0
5990279,1.45497557997558,0.5333333333333333,-0.4549755799755799,0.6533333333333334,0.0
5998357,3.140039890585822,0.7333333333333334,-0.625,0.5066666666666667,0.0
5998025,1.2694444444444446,0.7000000000000001,-0.26944444444444443,1.366666666666667,0.0
1842316,1.4225912975912978,0.5333333333333333,-0.4225912975912976,0.0,1.0
3139687,1.284970238095238,0.5666666666666667,-0.2849702380952381,0.14168450756476747,1.0
3064421,1.5388888888888888,0.6,-0.5388888888888889,0.0,1.0
5992316,1.165740740740741,0.5666666666666668,-0.16574074074074072,1.086666666666667,0.0
5980507,1.2423465423465423,0.7000000000000001,-0.2423465423465424,0.8133333333333334,0.0
5996565,1.5015873015873016,0.6333333333333333,-0.5015873015873016,0.7333333333333334,0.0
5998928,1.297883597883598,0.6333333333333333,-0.29788359788359786,0.3066666666666667,0.0
2839491,1.3305555555555555,0.4666666666666666,-0.33055555555555555,0.0,1.0
5980473,1.4342592592592591,0.5666666666666668,-0.4342592592592593,1.1733333333333331,0.0
5981172,1.4095622895622897,0.5333333333333333,-0.1127457216273006,0.4133333333333333,0.0
2717247,1.621813725490196,0.5666666666666668,-0.6218137254901961,0.0,1.0
5981504,1.3083864379084966,0.5,-0.30838643790849674,0.36000000000000004,0.0
5980405,1.4360269360269362,0.5,-0.43602693602693604,2.24,0.0
3300846,1.2827777777777778,0.6333333333333333,-0.2827777777777778,0.0,1.0
5986517,1.0974969474969474,0.6,-0.09749694749694753,0.4666666666666666,0.0
3108769,0.8985890652557319,0.6,0.10141093474426806,0.0,1.0
5990753,1.5214285714285714,0.6333333333333334,-0.5214285714285715,0.84,0.0
2757434,1.2747222222222219,0.6666666666666666,-0.2747222222222222,0.0,1.0
5986558,1.256439393939394,0.6,-0.2564393939393939,1.0066666666666666,0.0
5991604,0.959848484848485,0.7000000000000001,0.04015151515151516,1.3866666666666667,0.0
5988139,1.5998626373626372,0.6666666666666666,-0.5998626373626373,0.43333333333333335,0.0
5998688,1.4424297924297924,0.6666666666666666,-0.4424297924297924,0.7399999999999999,0.0
2362011,1.0941077441077445,0.6,-0.0941077441077441,0.0,1.0
1854756,1.1883333333333332,0.4666666666666666,-0.18833333333333327,0.0,1.0
5994224,1.1193627450980392,0.6333333333333333,-0.11936274509803922,0.7333333333333334,0.0
2206601,1.1313339438339438,0.5,-0.18199497513356208,0.0,1.0
5988323,1.7832671957671955,0.6666666666666666,-0.7832671957671957,1.4400000000000002,0.0
5991701,1.1276556776556774,1.3640715297161632,-0.12765567765567767,0.5733333333333334,0.0
2207080,1.3080853174603175,0.5,-0.3080853174603175,0.0,1.0
1882208,0.972939814814815,0.5666666666666668,0.0270601851851852,0.0,1.0
5989844,0.9696127946127948,0.5333333333333333,0.03038720538720537,0.9266666666666667,0.0
1540157,0.9633928571428572,0.6999999999999998,0.03660714285714284,0.0,1.0
5990053,2.5510272805764314,0.5333333333333333,-0.38690476190476186,0.9533333333333336,0.0
2373990,0.8253000389138331,0.7235357054416349,0.03545417153089578,0.0,1.0
5998849,0.9358585858585858,0.6333333333333333,0.06414141414141418,0.4733333333333333,0.0
2545335,1.7564814814814815,0.5,-0.7564814814814814,0.0,1.0
5996587,1.0997354497354497,0.7000000000000001,-0.09973544973544976,1.0733333333333337,0.0
3294725,1.6345765345765344,0.6666666666666666,-0.6345765345765346,0.0,1.0
5987601,1.4451587301587299,0.5333333333333333,-0.4451587301587303,1.1,0.0
5989775,1.147172619047619,0.6333333333333334,-0.14717261904761905,0.7266666666666667,0.0
5993656,1.272690272690273,0.5666666666666667,-0.2726902726902727,0.6466666666666666,0.0
3252185,1.3305555555555555,0.5666666666666668,-0.33055555555555555,0.0,1.0
5997110,0.6384424603174603,0.5,0.3615575396825397,0.4933333333333334,0.0
5982776,0.9111111111111112,0.6333333333333334,0.08888888888888886,0.5533333333333333,0.0
5984979,1.5838383838383836,0.4666666666666666,-0.5838383838383838,0.7999999999999999,0.0
5979284,1.1555555555555554,0.377971251684976,-0.15555555555555556,1.3866666666666667,0.0
5979625,1.1370390720390722,0.6,-0.13703907203907206,1.0066666666666666,0.0
5996664,1.196527777777778,0.4227494653487933,-0.19652777777777775,1.2933333333333332,0.0
3056467,0.4906898656898657,0.5666666666666668,0.5093101343101343,0.0,1.0
1587790,1.2555555555555558,0.6999999999999998,-0.2555555555555556,0.0,1.0
5996408,0.9398148148148148,0.6999999999999998,0.060185185185185175,1.46,0.0
5986831,0.9532407407407408,0.4,0.04675925925925925,0.07,0.0
1659482,1.101223544973545,0.4666666666666666,-0.10122354497354497,0.0,1.0
1948723,1.1954365079365081,0.5666666666666668,-0.19543650793650796,0.0,1.0
5999405,1.4236111111111107,0.7000000000000001,-0.4236111111111112,0.12,0.0
1703940,1.1120039682539682,0.6666666666666666,-0.11200396825396826,0.0,1.0
5981292,1.2628156565656563,0.7401370714643637,-0.2628156565656566,1.1666666666666667,0.0
2568280,0.5569444444444445,0.7666666666666666,0.4430555555555555,0.0,1.0
5995132,1.4256313131313132,0.6,-0.4256313131313131,0.6533333333333334,0.0
5994980,0.9568627450980391,0.65,0.043137254901960784,0.93,0.0
1745031,1.257936507936508,0.6666666666666666,-0.257936507936508,0.0,1.0
5991519,1.5527777777777778,0.3545124225267084,-0.5527777777777777,0.36000000000000004,0.0
5986911,1.6046626984126984,0.6333333333333333,-0.6046626984126985,0.7399999999999999,0.0
5995227,1.3072009823683697,0.4666666666666666,-0.44607843137254893,1.0466666666666666,0.0
5990703,1.6476190476190478,0.6333333333333334,-0.6476190476190476,1.7266666666666666,0.0
5991624,0.7152777777777778,0.7333333333333334,-2.10718782450675,0.5333333333333333,0.0
5998132,1.4684343434343434,0.6,-0.4684343434343434,0.6066666666666667,0.0
5980877,0.6887030574941839,0.5333333333333333,-0.14158496732026146,1.7933333333333332,0.0
1809964,1.2894607843137254,0.5333333333333333,-0.2894607843137255,0.0,1.0
2722870,1.1352747252747253,0.6666666666666666,-0.13527472527472528,0.0,1.0
1619701,0.8091371591371591,0.6,0.1908628408628409,0.07878549975283394,1.0
5984160,1.3861111111111108,0.6,-0.3861111111111111,1.0066666666666666,0.0
5995432,1.598540965207632,0.6333333333333334,-0.5985409652076319,1.7466666666666668,0.0
3137143,1.4664122914122917,0.6333333333333334,-0.4664122914122914,0.0,1.0
5987959,0.9799755799755799,0.6999999999999998,0.020024420024420026,0.3066666666666667,0.0
5998304,1.0821296296296297,0.7000000000000001,-0.08212962962962962,0.12666666666666668,0.0
5986715,0.9682598039215686,0.6333333333333333,-0.2713904879630757,1.22,0.0
5997660,1.4728001165501166,0.8000000000000002,-0.4728001165501166,0.8533333333333334,0.0
5993448,0.6464056776556777,0.6999999999999998,0.3535943223443223,0.5866666666666667,0.0
2894200,0.9702602952602952,0.6999999999999998,0.02973970473970473,0.0,1.0
5994456,1.2881313131313132,0.6666666666666666,-0.2881313131313132,0.42,0.0
5999032,1.1374007269203426,0.5,0.20816197488984206,1.8444587369537029,0.0
5987590,1.134027777777778,0.6000000000000001,-0.13402777777777775,1.3333333333333333,0.0
5989055,1.3634259259259258,0.5333333333333333,-0.3634259259259259,0.58,0.0
5978238,8.09721507116658,0.7333333333333334,-0.6611111111111111,0.9866666666666668,0.0
5998059,1.468320105820106,0.6333333333333333,-0.4683201058201058,0.26666666666666666,0.0
5993303,1.1208333333333331,0.6499999999999999,-0.12083333333333335,0.64,0.0
1798505,1.278083028083028,0.6,-0.2780830280830281,0.0,1.0
1811670,1.29769536019536,0.5,-0.2976953601953602,0.0,1.0
1601763,1.0333333333333334,0.5333333333333333,-0.03333333333333335,0.0,1.0
5998438,1.2470238095238095,0.5333333333333333,-0.24702380952380956,1.02,0.0
5985511,0.9671296296296296,0.6333333333333334,0.032870370370370355,0.4133333333333333,0.0
5984765,0.6666494686263003,0.7333333333333334,0.3561321140380189,0.007122298319953048,0.0
5988987,1.525,0.6333333333333333,-0.525,1.04,0.0
5992368,0.8173066448801743,0.6333333333333333,0.18269335511982573,0.43333333333333335,0.0
5978322,0.7318121693121693,0.4,0.2681878306878307,2.156335302899489,0.0
5999118,1.0103174603174605,0.6,-0.010317460317460315,0.6133333333333333,0.0
2440528,1.6002525252525253,0.6,-0.6002525252525253,0.0,1.0
2896347,1.944107744107744,0.6333333333333333,-0.944107744107744,0.0,1.0
5986035,1.9497549019607845,0.45,-0.9497549019607844,1.33,0.0
5994139,1.4697191697191696,0.4666666666666666,-0.4697191697191698,0.9133333333333334,0.0
5994238,1.6301587301587304,0.5,-0.6301587301587301,0.48,0.0
5982708,1.1128796181641756,0.6,0.20611111111111116,0.3066666666666667,0.0
5990286,1.1853174603174603,0.5,-0.18531746031746035,0.4133333333333334,0.0
5979513,1.455611672278339,0.7112636818579876,-0.4556116722783389,0.7933333333333333,0.0
3230272,0.7812881562881563,0.6,0.2187118437118437,0.0,1.0
2073293,1.4108333333333334,0.4148801528909241,-0.4108333333333333,0.0,1.0
3268993,0.8106072984749456,0.6,0.18939270152505447,0.0,1.0
5980954,1.135375816993464,0.5333333333333333,-0.13537581699346404,0.28,0.0
2779949,1.1186507936507937,0.4666666666666666,-0.11865079365079365,0.0,1.0
5986229,1.1041005291005292,0.7333333333333334,-0.1041005291005291,0.5666666666666667,0.0
5986504,1.617732884399551,0.6666666666666666,-0.617732884399551,1.3866666666666667,0.0
5981540,0.975,0.6499999999999999,0.025000000000000026,1.09,0.0
1900778,1.9427609427609431,0.7666666666666666,-0.9427609427609428,0.0,1.0
1603294,1.4293485449735452,0.5333333333333333,-0.42934854497354497,0.0,1.0
5989296,0.6196593915343915,0.43333333333333335,0.3803406084656085,1.4933333333333334,0.0
5983244,1.5544753086419751,0.5666666666666665,-0.5544753086419753,0.23333333333333334,0.0
5986774,1.11140873015873,0.5666666666666668,-0.11140873015873014,2.2333333333333334,0.0
2581292,1.175,0.5333333333333333,-0.17500000000000002,0.0,1.0
2575743,1.2453968253968253,0.6666666666666666,-0.2453968253968254,0.0,1.0
5991056,1.1265151515151517,0.6666666666666666,-0.12651515151515152,0.13333333333333333,0.0
2563650,1.461926961926962,0.4666666666666666,-0.4619269619269619,0.0,1.0
2856869,1.5763503086419752,0.6666666666666666,-0.5763503086419753,0.0,1.0
5984591,1.463425925925926,0.5333333333333333,-0.4634259259259259,0.8666666666666667,0.0
5999001,0.5,0.6,-0.3042689207249078,0.5,0.0
2372673,1.0460317460317459,0.5666666666666667,-0.046031746031746056,0.0,1.0
2637116,1.4495522995522994,0.6914138375640375,-0.4495522995522996,0.0,1.0
5985412,1.4123015873015874,0.5666666666666667,-0.41230158730158734,1.36,0.0
5994601,1.3962301587301589,0.4666666666666666,-0.3962301587301587,0.5,0.0
5987622,0.9808074432418964,0.43333333333333335,-0.12544865041951855,1.1880881842311248,0.0
5978191,0.8194444444444443,0.5666666666666668,0.1805555555555555,0.7999999999999999,0.0
5979635,1.1231481481481482,0.5333333333333333,-0.12314814814814813,1.2266666666666666,0.0
5979936,1.0970899470899471,0.6666666666666666,-0.3757726042416144,1.92,0.0
5991996,1.2615079365079365,0.6,-0.2615079365079365,0.3933333333333333,0.0
2339298,1.1331390831390833,0.5666666666666668,-0.13313908313908315,0.0,1.0
5991660,1.1277777777777778,0.5666666666666665,-0.12777777777777774,1.1466666666666667,0.0
5994247,1.042857142857143,0.5666666666666667,-0.04285714285714284,0.7466666666666667,0.0
5998290,1.1426968864468865,0.5975150788689106,-0.14269688644688644,1.1533333333333335,0.0
5987534,0.7407407407407408,0.7000000000000001,0.25925925925925924,1.02,0.0
5979090,1.1384424603174603,0.6333333333333333,-0.13844246031746033,0.3333333333333333,0.0
5993507,1.5753846153846152,0.6333333333333333,0.4444444444444444,1.3733333333333333,0.0
5994124,1.175,0.5333333333333333,-0.17500000000000002,0.62,0.0
5993411,1.0920454545454543,0.7333333333333334,-0.09204545454545454,0.30666666666666664,0.0
5990921,0.9745535714285716,0.5666666666666667,0.02544642857142857,1.14,0.0
2828816,1.2886644219977554,0.7000000000000001,-0.2886644219977554,0.0,1.0
3379144,1.2371031746031746,0.5333333333333333,-0.23710317460317454,0.0,1.0
2564048,1.1456293706293703,0.6666666666666666,-0.14562937062937062,0.0,1.0
3097638,0.9686507936507937,0.4000000000000001,0.03134920634920635,0.0,1.0
5997241,1.5531944444444443,0.6,-0.5531944444444444,0.5133333333333333,0.0
1655958,0.8083516483516483,0.6333333333333334,0.19164835164835167,0.0,1.0
5992968,0.9774918300653596,0.6666666666666666,0.022508169934640526,0.6133333333333333,0.0
5985046,1.4349867724867724,0.7333333333333334,-0.4349867724867725,0.14666666666666667,0.0
5987614,1.1146825396825395,0.5666666666666668,-0.11468253968253968,1.68,0.0
2911953,0.9149074074074074,0.4000000000000001,0.0850925925925926,0.0,1.0
1931639,0.7955853174603176,0.6,0.2044146825396825,0.0,1.0
2677375,1.27609126984127,0.5666666666666665,-0.27609126984126986,0.0,1.0
5982650,1.1087962962962965,0.7000000000000001,-0.1087962962962963,0.5866666666666668,0.0
5988926,0.6111111111111112,0.5333333333333333,0.3888888888888889,0.2,0.0
5993895,1.4376984126984127,0.6,-0.4376984126984127,0.2466666666666667,0.0
5996357,1.5756448412698412,0.4674387168355024,-0.5756448412698413,0.9866666666666668,0.0
5989835,1.1212962962962962,0.6000000000000001,-0.12129629629629628,1.3533333333333335,0.0
5997976,1.4401579901579902,0.5666666666666665,-0.4401579901579902,0.9,0.0
5997266,0.9722222222222222,0.6333333333333333,0.027777777777777773,2.0133333333333336,0.0
5997850,1.238047138047138,0.6333333333333333,-0.2380471380471381,0.22,0.0
5982565,1.3076825951825952,0.5,-0.3076825951825952,0.6733333333333333,0.0
5993130,1.130050505050505,0.7666666666666666,-0.13005050505050506,0.8466666666666667,0.0
5982432,0.8965277777777779,0.7666666666666666,0.10347222222222224,0.9466666666666668,0.0
5978843,1.5833333333333333,0.9052639059713156,-0.5833333333333334,1.2266666666666666,0.0
5979142,0.9472552910052909,0.7000000000000001,0.052744708994709004,0.8133333333333334,0.0
5990752,1.4455128205128205,0.75,-0.4455128205128205,0.5891187536743092,0.0
3233295,0.6861111111111112,0.6,0.3138888888888889,0.0,1.0
5997455,1.1378663003663003,0.5333333333333333,-0.13786630036630035,1.0533333333333332,0.0
1784294,1.1082671957671957,0.6333333333333333,-0.10826719576719576,0.0,1.0
5999488,1.5566627453323187,0.6666666666666666,-0.00423986381258253,1.4897620849324988,0.0
5982087,0.8144993894993894,1.0897903898316688,0.1855006105006105,1.3733333333333333,0.0
5994890,1.0898809523809525,0.6666666666666666,-0.0898809523809524,1.4933333333333334,0.0
5990955,1.1189393939393941,0.6,-0.11893939393939396,0.54,0.0
5991287,0.7935120435120435,0.33475787946696683,0.20648795648795648,1.0799999999999998,0.0
5983501,0.599074074074074,0.6,0.4009259259259259,0.6866666666666666,0.0
2503042,1.54673721340388,0.4666666666666666,-0.54673721340388,0.0,1.0
1876372,1.6861772486772486,0.4666666666666666,-0.4725253527336861,0.0,1.0
5986499,0.9680555555555556,0.5333333333333333,0.03194444444444446,0.34,0.0
5995762,1.278472222222222,0.4666666666666666,-0.27847222222222223,0.2266666666666667,0.0
5992726,1.3830467372134037,0.5,-0.3830467372134039,1.5199999999999998,0.0
5988375,0.9683210784313726,0.5,0.03167892156862745,0.7933333333333333,0.0
5993049,1.1005952380952382,0.6,-0.10059523809523813,1.3066666666666666,0.0
5992072,1.4635607448107448,0.4000000000000001,-0.4635607448107448,0.5933333333333334,0.0
1828414,1.4444444444444444,0.5333333333333333,-0.4444444444444444,0.0,1.0
5998264,0.7079305161222481,0.5333333333333333,0.022223775655548856,1.1565049184089022,0.0
5980030,1.3611111111111114,0.6333333333333333,-0.3611111111111111,0.5066666666666666,0.0
2752733,0.6898522894124941,0.6666666666666666,-0.005065608276214144,0.0,1.0
5998983,1.5388888888888892,0.6,-0.5388888888888889,0.96,0.0
2977526,1.5002078045257017,0.5,-0.053571428571428575,0.0,1.0
5999271,1.5543209876543211,0.6666666666666666,-0.554320987654321,1.5,0.0
5999028,0.6425084175084175,0.7333333333333333,0.3574915824915825,0.30666666666666664,0.0
5982676,0.9694444444444444,0.4000000000000001,0.03055555555555557,0.7999999999999999,0.0
2385462,1.4363095238095236,0.6087430807005486,-0.4363095238095238,0.0,1.0
5987032,0.5928571428571429,0.4666666666666666,0.4071428571428572,0.7200000000000001,0.0
5995625,1.2373015873015871,0.4666666666666666,-0.2373015873015873,1.2333333333333334,0.0
5983547,1.1052910052910052,0.5666666666666668,-0.10529100529100527,1.22,0.0
5989954,1.3033496732026144,0.6,-0.3033496732026144,0.24,0.0
5995300,1.0976851851851852,0.5333333333333333,-0.0976851851851852,0.15333333333333335,0.0
5993600,1.2870370370370372,0.4666666666666666,-0.28703703703703703,1.2066666666666668,0.0
5995156,1.3697916666666663,0.8,-0.3697916666666666,0.86,0.0
5981388,1.3944444444444446,0.5666666666666668,-0.3944444444444444,0.9133333333333334,0.0
3265572,1.3089869281045752,0.6,-0.3089869281045752,0.0,1.0
5987175,0.9246031746031744,0.6333333333333334,0.07539682539682542,0.5733333333333334,0.0
2165725,1.13,0.5666666666666667,-0.13,0.0,1.0
3018900,1.2972222222222225,0.7333333333333334,-0.2972222222222222,0.0,1.0
1845446,1.1722222222222225,0.5333333333333333,-0.3907955685966157,0.0,1.0
5991293,0.7722222222222221,0.6666666666666666,0.22777777777777786,1.7933333333333337,0.0
5979460,1.165277777777778,0.6,-0.16527777777777775,0.64,0.0
5983106,0.9138888888888888,0.6,0.0861111111111111,1.3066666666666666,0.0
2242490,0.9888888888888888,0.6333333333333333,0.011111111111111108,0.0,1.0
5988550,0.95026455026455,0.6333333333333333,0.04973544973544977,0.7911828016812107,0.0
2991337,1.15,0.4746494036722317,-0.15000000000000002,0.0,1.0
5988607,0.9390540015540016,0.7000000000000001,0.06094599844599845,0.32666666666666666,0.0
5999063,1.4146464646464647,0.4666666666666666,-0.4146464646464647,0.4666666666666666,0.0
5992657,0.7851010101010102,0.5333333333333333,0.21489898989898992,0.7406340559701109,0.0
5996010,0.7934776688453159,0.6,0.20652233115468407,0.8066666666666666,0.0
5998415,1.0833333333333333,0.6,-0.08333333333333331,0.6466666666666666,0.0
5981170,1.0784722222222225,0.6666666666666666,-0.07847222222222222,0.7200000000000001,0.0
5980912,1.2808823529411766,0.6,-0.2808823529411765,0.92,0.0
5996785,1.4645604395604397,0.6666666666666666,-0.4645604395604395,0.8200000000000002,0.0
2067683,1.290277777777778,0.6999999999999998,-0.2902777777777778,0.0,1.0
2315861,0.5898742588744456,0.7999999999999999,0.10032845666185224,0.0,1.0
2891631,1.3916666666666666,0.5666666666666668,-0.39166666666666666,0.0,1.0
5999434,1.2729166666666667,0.6000000000000001,-0.2729166666666667,0.64,0.0
5992622,0.9583333333333334,0.6333333333333333,0.041666666666666685,0.5933333333333333,0.0
5985407,0.9492368742368744,0.7333333333333334,0.05076312576312575,0.7066666666666667,0.0
5991329,0.8116301907968575,0.6000000000000001,0.1883698092031425,0.8333333333333334,0.0
3115511,0.924074074074074,0.6666666666666666,0.07592592592592594,0.0,1.0
5985785,1.2886904761904765,0.6666666666666666,-0.2886904761904762,0.32666666666666666,0.0
5981577,1.3727272727272728,0.5666666666666668,-0.3727272727272728,0.2466666666666667,0.0
5982049,1.1104938271604938,0.5666666666666668,-0.11049382716049384,0.6066666666666666,0.0
3354401,1.1034511784511785,0.5666666666666668,-0.10345117845117843,0.0,1.0
5993294,0.9527777777777778,0.5,0.0472222222222222,1.2133333333333334,0.0
5990388,1.4406846240179574,0.6666666666666666,-0.4406846240179574,1.086666666666667,0.0
2909440,0.3877314814814815,0.6,0.6122685185185185,0.0,1.0
5987546,1.7460178710178709,0.5,-0.7460178710178709,1.8066666666666664,0.0
5990815,0.9412367724867726,0.5333333333333333,0.05876322751322749,0.30666666666666664,0.0
5981574,0.9027777777777778,0.5333333333333333,0.0972222222222222,0.7000000000000001,0.0
5997832,1.2856060606060606,0.5666666666666665,-0.28560606060606064,0.7000000000000001,0.0
2315377,1.251086863673352,0.7666666666666666,-0.4623395073741026,0.0,1.0
5998411,0.44722222222222224,0.7666666666666666,0.5527777777777779,1.28,0.0
2412335,0.9731150793650792,0.6333333333333333,0.02688492063492061,0.0,1.0
5998933,1.5296296296296297,0.7333333333333334,-0.5296296296296297,0.9533333333333333,0.0
5984750,0.4823412698412698,0.5333333333333333,0.5176587301587302,0.4133333333333333,0.0
5993560,2.667484991709937,0.6,-0.12643097643097642,0.6933333333333334,0.0
5996083,1.4531986531986532,0.5666666666666667,-0.4531986531986532,0.4733333333333333,0.0
5978335,1.4462962962962962,0.5333333333333333,-0.4462962962962964,1.3333333333333333,0.0
5979291,0.7145833333333333,0.8,0.2854166666666667,1.2,0.0
5988120,1.5528360528360527,0.6,-0.5528360528360529,1.58,0.0
5991263,1.1178075396825398,0.6333333333333333,-0.1178075396825397,0.5,0.0
5988416,1.273106060606061,0.7000000000000001,-0.27310606060606063,1.22,0.0
5994046,1.1182234432234432,0.6,-0.11822344322344325,1.2933333333333334,0.0
2740191,1.1069832944832945,0.5333333333333333,-0.10698329448329448,0.0,1.0
5988827,0.4695105820105821,0.5,0.530489417989418,0.7266666666666666,0.0
5991280,1.7491161616161617,0.5333333333333333,-0.7491161616161617,1.7066666666666663,0.0
5998989,1.224206349206349,0.6666666666666666,-0.2242063492063492,0.6733333333333333,0.0
5985869,1.088425925925926,0.6,-0.08842592592592591,2.624924751203853,0.0
5989126,1.4331845238095238,0.7333333333333333,-0.4331845238095238,1.3133333333333332,0.0
5994876,0.9777946127946128,0.5666666666666668,0.02220538720538719,0.3133333333333333,0.0
5999372,1.4357142857142855,0.7000000000000001,-0.4357142857142857,0.3333333333333333,0.0
3144755,1.136784511784512,0.6333333333333333,-0.1367845117845118,0.0,1.0
5992038,0.8092929292929293,0.5333333333333333,0.1907070707070707,0.7666666666666666,0.0
5997248,1.1222222222222225,0.5333333333333333,-0.12222222222222225,0.8466666666666667,0.0
5979380,0.9617340067340068,0.6,0.03826599326599326,1.086666666666667,0.0
5990029,1.7279629629629631,0.5333333333333333,-0.7279629629629629,0.4133333333333334,0.0
5999433,0.6373677248677249,0.5333333333333333,0.3626322751322751,1.08,0.0
2900135,1.1378642191142192,0.5333333333333333,-0.13786421911421914,0.0,1.0
2036525,1.1321886446886449,0.5333333333333333,-0.1321886446886447,0.0,1.0
5990647,1.758754208754209,0.5333333333333333,-0.7587542087542087,0.5666666666666665,0.0
5980104,1.082323232323232,0.5666666666666668,-0.08232323232323234,0.96,0.0
2585767,1.4427696078431371,0.6333333333333333,-0.4427696078431373,0.0,1.0
3373600,1.0314814814814814,0.5333333333333333,-0.03148148148148148,0.0,1.0
2221960,0.8870370370370372,0.6,0.11296296296296295,0.0,1.0
5979638,1.2742647058823529,0.6,-0.2742647058823529,0.3133333333333333,0.0
5983622,0.7988425925925925,0.5666666666666667,0.20115740740740745,0.4866666666666666,0.0
5980652,1.444047619047619,0.5666666666666667,-0.44404761904761897,0.86,0.0
2750288,1.0591931216931216,0.6000000000000001,-0.059193121693121686,0.0,1.0
2738046,0.5222222222222223,0.5666666666666667,0.4777777777777778,0.0,1.0
5992247,1.4108333333333334,0.6333333333333333,-0.4108333333333333,0.32,0.0
5993894,0.9281746031746032,0.5666666666666668,0.07182539682539682,0.8133333333333334,0.0
5998996,1.404431216931217,0.7666666666666666,-0.40443121693121703,1.0266666666666666,0.0
5993087,1.140195105820106,0.6541290362309383,-0.14019510582010586,0.6466666666666666,0.0
5995373,1.0716269841269843,0.7333333333333334,-0.07162698412698415,0.3266666666666667,0.0
3359330,1.7840964590964592,0.6333333333333333,-0.7840964590964591,0.0,1.0
2310644,0.6299603174603174,0.6333333333333334,0.3700396825396825,0.0,1.0
5984376,1.4514880952380953,0.5666666666666667,-0.4514880952380952,1.32,0.0
3226913,1.3357142857142856,0.7333333333333334,-0.3357142857142857,0.3897982550947909,1.0
2454324,0.6041666666666666,0.65,0.3958333333333333,0.0,1.0
5985796,1.5116161616161616,0.5333333333333333,-0.5116161616161616,0.34,0.0
1813230,0.9812840413943356,0.6999999999999998,0.01871595860566448,0.0,1.0
2637443,1.4464947089947089,0.6666666666666666,-0.44649470899470894,0.0,1.0
5979520,1.1142773892773894,0.6666666666666666,-0.1142773892773893,0.5933333333333333,0.0
5993238,1.1084126984126983,0.6333333333333334,-0.1084126984126984,0.7733333333333334,0.0
5980303,1.2138888888888888,0.5666666666666667,-0.21388888888888888,0.62,0.0
5991182,0.9667929292929291,0.4666666666666666,0.03320707070707068,0.6,0.0
1812647,0.8762892211148025,0.6,0.24089506172839506,0.0,1.0
5978054,1.2449074074074076,0.8308731665113015,-0.24490740740740746,1.82,0.0
2890457,0.7777777777777778,0.43333333333333335,0.2222222222222222,0.0,1.0
2087416,1.0968253968253967,0.5666666666666668,-0.0968253968253968,0.0,1.0
1912032,0.7625000000000001,0.2956713077992537,0.2375,0.0,1.0
5985665,1.225,0.4666666666666666,-0.225,1.0466666666666666,0.0
5991451,1.2723875661375659,0.5333333333333333,-0.2723875661375661,1.2133333333333334,0.0
5987794,1.104186507936508,0.6333333333333333,-0.10418650793650792,0.6066666666666666,0.0
5983453,1.0388888888888892,0.6333333333333333,-0.038888888888888896,0.9333333333333332,0.0
3171889,0.875,0.6333333333333334,0.125,0.0,1.0
5991517,1.4395833333333334,0.7666666666666666,-0.4711434581043956,1.2466666666666668,0.0
5992459,1.4464947089947089,0.7333333333333333,-0.44649470899470906,1.1733333333333336,0.0
5982581,0.8913359788359788,0.5666666666666668,0.10866402116402114,1.14,0.0
5983306,1.5350529100529098,0.5666666666666667,-0.5350529100529101,0.5066666666666667,0.0
5987563,1.0861111111111112,0.4100252165508392,-0.08611111111111112,1.7333333333333334,0.0
2707062,1.133943833943834,0.4000000000000001,-0.13394383394383394,0.0,1.0
5993809,1.0666666666666669,0.5,-0.06666666666666665,0.9333333333333332,0.0
2147399,0.7847222222222223,0.5,0.2152777777777778,0.0,1.0
5984530,0.9442791005291004,0.4000000000000001,0.0557208994708995,1.1133333333333335,0.0
2577108,0.6378968253968255,0.6333333333333333,0.3621031746031746,0.0,1.0
3043565,1.1404456654456654,0.5333333333333333,-0.14044566544566547,0.0,1.0
5981884,1.4603553921568626,0.7666666666666666,-0.4603553921568628,1.7999999999999998,0.0
5998993,1.715530303030303,0.5666666666666667,-0.715530303030303,1.3866666666666667,0.0
5993970,1.2856060606060604,0.6666666666666666,-0.2856060606060606,0.7333333333333334,0.0
1851391,0.7777777777777778,0.5666666666666665,0.2222222222222222,0.0,1.0
2817267,0.8155474155474155,0.6666666666666666,0.18445258445258447,0.0,1.0
5993370,0.7962454212454212,0.5666666666666667,0.20375457875457872,1.0333333333333334,0.0
5996673,1.2841269841269842,0.7333333333333334,-0.2841269841269841,0.7333333333333333,0.0
2330738,1.1857142857142855,0.7000000000000001,-0.18571428571428567,0.0,1.0
5987523,1.1423382173382173,0.6666666666666666,-0.14233821733821736,0.96,0.0
2674992,1.8574074074074076,0.5666666666666667,-0.8574074074074073,0.0,1.0
2726690,0.4882491582491582,0.6666666666666666,0.5117508417508417,0.0,1.0
5996114,1.133089133089133,0.43333333333333335,-0.1330891330891331,0.7400000000000001,0.0
5993672,0.8933862433862435,0.5,0.1066137566137566,0.3,0.0
5988469,0.9398148148148148,0.2892031843806848,0.0601851851851852,0.7933333333333333,0.0
1800472,1.1353349673202615,0.5666666666666668,-0.13533496732026146,0.0,1.0
2504561,1.2673148148148148,0.6,-0.26731481481481484,0.0,1.0
1672372,1.1083333333333334,0.4333333333333333,-0.10833333333333336,0.0,1.0
5996310,1.597960372960373,0.5,-0.597960372960373,0.2866666666666667,0.0
3385193,1.9484848484848485,0.55,-0.9484848484848484,0.0,1.0
2087584,0.4496031746031746,0.7333333333333334,0.5503968253968253,0.0,1.0
2255868,1.4494543650793652,0.5666666666666668,-0.4494543650793649,0.0,1.0
5983331,0.6047222222222223,0.4666666666666666,0.39527777777777773,1.0375236941062111,0.0
3260267,1.55,0.5333333333333333,-0.5499999999999999,0.0,1.0
5982335,0.4736111111111112,0.5333333333333333,0.5263888888888889,1.3866666666666667,0.0
5990195,1.1320932539682542,0.5666666666666667,-0.13209325396825394,0.13333333333333333,0.0
1812069,0.9023809523809524,0.4462265985739786,0.0976190476190476,0.0,1.0
5990711,1.4653273809523808,0.5666666666666668,-0.465327380952381,1.606666666666667,0.0
5999062,1.1202584452584452,0.5666666666666667,-0.12025844525844526,0.34,0.0
5985804,1.136043771043771,0.6666666666666666,-0.13604377104377102,0.54,0.0
5978916,1.7579642579642583,0.6,-0.7579642579642579,0.7599999999999999,0.0
2975156,1.2547130647130649,0.43333333333333335,-0.2547130647130647,0.0,1.0
5994279,0.9537698412698412,0.6,0.0239273207072396,1.3533333333333335,0.0
5978301,1.5456349206349207,0.6666666666666666,-0.5456349206349206,0.3133333333333333,0.0
5987199,1.3983134920634919,0.6,-0.3983134920634921,0.4266666666666668,0.0
3228746,1.6448412698412698,0.6333333333333333,-0.6448412698412699,0.0,1.0
5996418,1.1388888888888888,0.6,-0.13888888888888892,0.8733333333333334,0.0
5997259,0.9069444444444446,0.6,0.09305555555555556,1.76,0.0
3079610,1.1331390831390833,0.6333333333333334,-0.13313908313908315,0.0,1.0
5978127,1.623989898989899,0.6666666666666666,-0.623989898989899,0.6,0.0
2742962,1.4583333333333333,0.6999999999999998,-0.4583333333333333,0.0,1.0
2460460,1.2826984126984131,0.5333333333333333,-0.2826984126984127,0.0,1.0
5997756,0.8100621600621601,0.5666666666666668,0.18993783993783994,0.48,0.0
2403561,1.7984068627450982,0.6576439262091011,-0.798406862745098,0.0,1.0
5978904,0.6457341269841269,0.5333333333333333,0.35426587301587303,0.6666666666666666,0.0
5979101,1.1293771043771044,0.5333333333333333,-0.12937710437710434,0.3800000000000001,0.0
3239776,0.7666666666666666,0.43333333333333335,0.23333333333333334,0.0,1.0
5982067,1.084722222222222,0.7000000000000001,-0.08472222222222221,1.0466666666666666,0.0
5990435,0.8527777777777779,0.6666666666666666,0.14722222222222225,0.86,0.0
5986174,1.4785714285714286,0.5666666666666668,-0.4785714285714285,0.26,0.0
3368663,0.9078703703703704,0.6333333333333334,0.09212962962962963,0.0,1.0
5995520,1.7166666666666668,0.4666666666666666,-0.7166666666666668,0.7066666666666667,0.0
5985558,1.1639707975633773,0.7666666666666666,0.9042687557721716,1.0527549856010634,0.0
5995232,1.603174603174603,0.5,-0.6031746031746031,0.5866666666666667,0.0
2386787,1.1064814814814816,0.7333333333333333,-0.10648148148148147,0.0,1.0
5998209,0.9701159951159952,0.5333333333333333,0.02988400488400489,0.5,0.0
5996167,1.150029761904762,0.6333333333333333,-0.1500297619047619,0.6133333333333334,0.0
5991901,0.7805555555555556,0.4000000000000001,0.21944444444444444,1.0333333333333334,0.0
5979707,0.7805555555555556,0.5666666666666667,0.21944444444444447,1.2266666666666666,0.0
2454133,1.1332010582010579,0.6333333333333333,-0.13320105820105824,0.0,1.0
5990798,1.4426984126984126,0.5,-0.4426984126984128,1.2133333333333332,0.0
5982640,0.8379629629629629,0.5,0.16203703703703706,0.5466666666666666,0.0
5991002,0.5833333333333334,0.7000000000000001,0.4166666666666667,0.7533333333333333,0.0
5978509,0.8611111111111112,0.7333333333333334,0.13888888888888892,5.8686420979803335,0.0
5982709,1.6378388278388278,0.5,-0.6378388278388278,1.7,0.0
5993210,1.0083333333333333,0.5666666666666668,-0.008333333333333331,0.8133333333333335,0.0
5998070,0.9072390572390572,0.5333333333333333,0.09276094276094277,0.26666666666666666,0.0
3308310,1.2717084298498769,0.4666666666666666,-0.27142857142857146,0.0,1.0
5998557,1.3542087542087542,0.43333333333333335,-0.35420875420875425,1.9866666666666664,0.0
1956033,0.8277777777777778,0.6999999999999998,0.17222222222222225,0.0,1.0
5994423,0.9722222222222222,0.5666666666666668,0.02777777777777778,0.7466666666666666,0.0
3231584,0.9535218253968254,0.6333333333333333,0.046478174603174605,0.0,1.0
5991526,1.2055555555555555,0.5666666666666667,-0.2055555555555556,0.46,0.0
5990622,0.9658088235294118,0.5238845258247721,0.03419117647058822,0.5533333333333333,0.0
3265040,1.224675925925926,0.5666666666666668,-0.2246759259259259,0.0,1.0
5993578,1.7408054908054909,0.4666666666666666,-0.7408054908054909,1.2533333333333332,0.0
5991966,1.5966117216117215,0.6333333333333333,-0.5966117216117216,1.086666666666667,0.0
5993169,0.6451159951159952,0.5666666666666668,0.3548840048840049,0.68,0.0
5996316,1.4643745143745146,0.5333333333333333,-0.4643745143745144,0.98,0.0
5983969,0.7111111111111111,0.6,0.2888888888888889,0.6333333333333333,0.0
5988230,0.6271825396825397,0.6333333333333333,0.37281746031746027,0.6533333333333333,0.0
5980689,1.1666666666666667,0.5,-0.16666666666666666,1.4400000000000002,0.0
5985201,0.805787037037037,0.4666666666666666,0.19421296296296292,0.8866666666666667,0.0
5994396,1.153968253968254,0.6,-0.153968253968254,1.2733333333333332,0.0
5996303,1.11068640665651,0.4666666666666666,0.028023206577654815,0.10053762799008313,0.0
5995944,1.131779331779332,0.5333333333333333,-0.13177933177933174,1.3733333333333333,0.0
1974543,0.6351190476190477,0.4000000000000001,0.3648809523809524,0.0,1.0
1549370,1.1033272283272284,0.6999999999999998,-0.10332722832722832,0.0,1.0
5988105,1.3034313725490196,0.6333333333333334,-0.30343137254901964,0.24,0.0
3160152,1.0730820105820105,0.5333333333333333,-0.07308201058201058,0.0,1.0
5980909,1.5996031746031747,0.5,-0.5996031746031746,1.8,0.0
2001025,0.6312160062160063,0.5666666666666668,0.3687839937839938,0.0,1.0
5989785,1.0944444444444443,0.7666666666666666,-0.09444444444444446,0.14,0.0
5984329,1.536026936026936,0.6333333333333333,-0.5360269360269361,1.2466666666666668,0.0
1970622,0.9041666666666666,0.7,0.09583333333333337,0.0,1.0
5991872,1.7041997354497356,0.6,-0.7041997354497355,1.3933333333333335,0.0
5992383,1.4622100122100123,0.5333333333333333,-0.4622100122100122,0.6666666666666666,0.0
2131687,1.7340482026143793,0.5333333333333333,-0.7340482026143791,0.0,1.0
1501449,1.1162037037037038,0.5333333333333333,-0.1162037037037037,0.0,1.0
5982282,1.4394841269841272,0.6666666666666666,-0.43948412698412703,0.8133333333333335,0.0
5980132,1.0424603174603175,0.8000000000000002,-0.023242067264786337,0.10666666666666667,0.0
5983756,0.7970279720279722,0.5666666666666667,0.202972027972028,0.22666666666666666,0.0
1757058,0.9465939153439152,0.5,0.053406084656084686,0.0,1.0
5994160,0.9729166666666668,0.6,0.027083333333333348,1.9,0.0
3385306,0.7694444444444445,0.6,0.23055555555555554,0.0,1.0
5987927,1.3175925925925924,0.6333333333333333,-0.3175925925925926,0.4133333333333333,0.0
2011332,1.0424603174603175,0.4666666666666666,-0.042460317460317434,0.0,1.0
5986951,1.4502976190476191,0.5666666666666667,-0.4502976190476191,0.11333333333333333,0.0
2749024,1.1457516339869285,0.5,-0.14575163398692811,0.0,1.0
2606894,0.9755050505050504,4.0036717789217775,0.02449494949494946,0.0,1.0
5998321,0.9765993265993264,0.6666666666666666,0.023400673400673384,0.7399999999999999,0.0
2419712,1.5893959435626102,0.5,-0.5893959435626103,0.0,1.0
5979493,1.2400793650793651,0.5666666666666667,-0.2400793650793651,0.3066666666666667,0.0
5985049,1.45971250971251,0.6,-0.4597125097125097,0.7000000000000001,0.0
2436465,0.9476190476190476,0.6,-0.2925062951355532,0.0,1.0
3189935,1.5789772727272726,0.7666666666666666,-0.5789772727272727,0.0,1.0
5991060,0.8888888888888891,0.43333333333333335,0.1111111111111111,0.7733333333333334,0.0
5996744,0.9832924836601308,0.6333333333333333,0.016707516339869298,0.8799999999999999,0.0
3311038,0.9626984126984128,0.5333333333333333,0.037301587301587315,0.0,1.0
5993132,1.3888888888888893,0.5333333333333333,-0.3888888888888888,0.32,0.0
3433798,1.3086873638344227,0.6333333333333333,-0.3086873638344227,0.0,1.0
5989147,0.4849941724941725,0.6666666666666666,0.5150058275058275,1.1466666666666667,0.0
5986013,0.9731200897867563,0.4666666666666666,0.02687991021324354,1.72,0.0
5993113,1.013888888888889,0.7000000000000001,-0.013888888888888914,1.4866666666666666,0.0
5986319,1.1615378580798692,0.5666666666666665,0.8733525765570288,1.6847347245065414,0.0
5999239,1.0180555555555555,0.6000000000000001,-0.01805555555555556,1.18,0.0
2473063,1.285943223443223,0.6,-0.2859432234432235,0.0,1.0
5984506,1.2183760683760685,0.6,-0.2183760683760684,0.34,0.0
2673930,1.142063492063492,0.4028869245854347,-0.1420634920634921,0.0,1.0
5995384,1.2916666666666667,0.6333333333333333,-0.2916666666666667,0.19333333333333336,0.0
5994977,1.9523945393509363,0.7333333333333334,-0.28161764705882353,0.9733333333333332,0.0
5984655,1.642783882783883,0.5,-0.6427838827838828,1.3133333333333332,0.0
5986389,1.6124338624338623,0.6333333333333334,-0.6124338624338624,0.7133333333333334,0.0
5980757,1.102777777777778,0.43333333333333335,-0.10277777777777776,1.24,0.0
5986684,1.2063492063492065,0.6,-0.2063492063492064,1.6933333333333334,0.0
5985266,1.0724206349206349,0.5,-0.07242063492063493,0.2,0.0
5987438,1.1222222222222222,0.55,-0.12222222222222225,0.91,0.0
1551450,0.7749338624338624,0.6333333333333334,0.2250661375661376,0.0,1.0
5988699,0.4444444444444444,0.6999999999999998,0.5555555555555555,0.5,0.0
5981895,1.6280885780885779,0.5666666666666668,-0.6280885780885781,0.5533333333333333,0.0
1912226,1.904988572243556,0.43333333333333335,-0.7420634920634921,0.0,1.0
5988380,1.54673721340388,0.7333333333333334,-0.54673721340388,0.5666666666666668,0.0
5994671,1.753333094327196,0.6,-0.2758145619429183,2.8192222638194986,0.0
2945642,1.0027777777777778,0.6,-0.002777777777777805,0.0,1.0
2028111,1.2083333333333333,0.5333333333333333,-0.20833333333333331,0.0,1.0
2137057,1.6181818181818184,0.5,-0.492501246920772,0.051965820664237564,1.0
5991328,1.4578282828282827,0.7333333333333334,-0.4578282828282829,0.21333333333333332,0.0
2114509,1.0805555555555555,0.5666666666666668,-0.08055555555555555,0.0,1.0
5994393,0.4880050505050506,0.6000000000000001,0.5119949494949495,0.62,0.0
2918662,0.9305555555555556,0.6666666666666666,0.06944444444444442,0.0,1.0
5995450,0.8072751322751323,0.6666666666666666,0.1927248677248677,0.7666666666666666,0.0
5992509,1.3194444444444444,0.6,-0.3194444444444445,0.9933333333333332,0.0
5988373,1.2298611111111108,0.6666666666666666,-0.2298611111111111,0.84,0.0
5982898,0.6446097883597884,0.43333333333333335,0.3553902116402116,0.7333333333333334,0.0
5988661,1.1953293761423325,0.6666666666666666,-0.2873168498168498,1.0066666666666666,0.0
2254688,1.4425705467372134,0.5666666666666668,-0.4425705467372134,0.4743046488048922,1.0
5980121,0.9398148148148148,0.4333333333333333,0.060185185185185223,1.08,0.0
5995612,1.1138888888888892,0.6000000000000001,-0.11388888888888887,0.3133333333333333,0.0
5996287,0.8257471902053402,0.5333333333333333,-0.07866241157550713,0.935568863517346,0.0
5982454,0.483829365079365,0.5666666666666667,0.5161706349206349,0.5066666666666667,0.0
5997387,0.6527777777777778,0.6333333333333333,0.3472222222222223,0.8733333333333334,0.0
5988493,1.0638888888888889,0.5666666666666668,-0.06388888888888893,1.0,0.0
5995086,1.1196428571428572,0.6666666666666666,-0.11964285714285715,0.7000000000000001,0.0
5981840,0.6302525252525252,0.6999999999999998,0.3697474747474748,0.5866666666666667,0.0
2977961,1.7696127946127946,0.7333333333333334,-0.7696127946127946,0.0,1.0
1877593,0.7787698412698413,0.7666666666666666,0.22123015873015875,0.0,1.0
5983465,1.6484126984126986,0.43333333333333335,-0.6484126984126984,0.5,0.0
5999327,1.5934981684981686,0.5666666666666665,-0.5934981684981685,0.4733333333333333,0.0
5983868,0.8145016339869281,0.6333333333333334,0.1854983660130719,1.2133333333333332,0.0
5982452,0.9194444444444444,0.7000000000000001,0.08055555555555556,1.4,0.0
5993582,1.1337962962962964,0.6999999999999998,-0.032309822076978946,0.5533333333333333,0.0
5995672,0.9166666666666666,0.5666666666666667,0.08333333333333333,0.8066666666666666,0.0
3098714,0.9589438339438342,0.6,0.04105616605616605,0.0,1.0
5993339,1.9888224673520007,0.5,-0.6034668977078805,0.3133333333333333,0.0
3240419,1.3638888888888892,0.6333333333333333,-0.3638888888888889,0.0,1.0
5995109,1.6270356753812638,0.6333333333333334,-0.6270356753812636,0.6,0.0
5998559,1.4067460317460316,0.6666666666666666,-0.4067460317460318,1.1333333333333333,0.0
5997047,0.9587301587301588,0.6333333333333334,-1.1817929881109228,1.4399999999999995,0.0
5994738,0.9574900793650792,0.6,0.04250992063492065,0.96,0.0
5978111,0.6543253968253969,0.5666666666666668,0.3456746031746032,0.4866666666666666,0.0
5983972,1.4605820105820104,0.7666666666666666,-0.4605820105820106,0.2733333333333334,0.0
5997905,1.0925518925518924,0.6333333333333333,-0.09255189255189256,1.913333333333333,0.0
5980088,1.4613858363858363,0.6,-0.4613858363858364,0.54,0.0
5994944,0.903682097695262,0.5333333333333333,-0.1152168211214256,0.7566686104850615,0.0
5986021,0.4648148148148148,0.3764227403539861,0.5351851851851852,1.1400135163283374,0.0
5979991,1.142841094771242,0.6,-0.017894548835347673,1.0533333333333337,0.0
5991137,1.4769742063492064,0.6,-0.4769742063492064,1.5133333333333334,0.0
5986887,1.4138888888888892,0.7666666666666666,-0.4138888888888889,1.16,0.0
1917284,1.4556168300653596,0.8996986499061123,-0.4556168300653595,0.0,1.0
5987899,0.9027777777777778,0.6333333333333334,0.09722222222222222,0.3,0.0
5987919,0.9527116402116405,0.82922235713594,0.0472883597883598,0.8666666666666667,0.0
5992762,1.101892551892552,0.6666666666666666,-0.1018925518925519,0.5599999999999999,0.0
1964856,0.9739831349206348,0.6,0.02601686507936507,0.0,1.0
5986193,0.8210805860805861,0.5666666666666667,0.1789194139194139,0.2533333333333333,0.0
5989068,0.6493330743330744,0.5666666666666668,0.35066692566692564,0.4733333333333333,0.0
5990694,1.1202380952380953,0.6333333333333333,-0.12023809523809526,0.4066666666666667,0.0
1754775,1.0059523809523812,0.5,-0.005952380952380931,0.0,1.0
5997081,1.4244444444444444,0.6,-0.4244444444444445,0.4733333333333333,0.0
5985590,0.8060411810411809,0.5666666666666665,0.19395881895881892,0.5733333333333334,0.0
5983746,1.1462515262515265,0.43333333333333335,-0.14625152625152624,0.8266666666666667,0.0
5999446,0.5611111111111111,0.6333333333333333,0.4388888888888889,0.9333333333333332,0.0
5987943,1.0638888888888889,0.6999999999999998,-0.06388888888888887,0.8466666666666667,0.0
2376013,1.29760101010101,0.6333333333333334,-0.2976010101010101,0.0,1.0
5982630,1.2708829365079366,0.6,-0.2708829365079365,0.32,0.0
5986158,1.0881505753514742,0.6,-0.2720851476013628,0.2721616259767602,0.0
5992068,1.5941287878787878,0.6,-0.5941287878787879,0.3066666666666667,0.0
5979733,1.025,0.6999999999999998,-0.025,0.6333333333333334,0.0
5999227,0.4722222222222223,0.5333333333333333,0.5277777777777778,0.7866666666666666,0.0
5996533,0.6666666666666666,0.5,0.3333333333333333,1.4933333333333334,0.0
5999273,0.9169146825396824,0.6999999999999998,0.08308531746031744,0.34,0.0
1700197,1.128373015873016,0.7000000000000001,-0.12837301587301586,0.0,1.0
5996816,1.515,0.6,-0.515,1.1,0.0
5980957,1.3052532679738562,0.7000000000000001,-0.3052532679738562,0.7266666666666667,0.0
5994549,0.7855921855921856,0.6666666666666666,0.2144078144078144,0.8333333333333334,0.0
5992269,1.2454090460036762,0.6,-0.4212454212454213,0.20666666666666667,0.0
5986824,1.2057539682539682,0.5666666666666667,-0.20575396825396827,1.5333333333333332,0.0
5982624,1.06875,0.4000000000000001,-0.06874999999999998,1.02,0.0
5995494,0.6273611111111111,0.6666666666666666,0.3726388888888889,1.586666666666667,0.0
2102649,0.9728021978021978,0.5333333333333333,0.0271978021978022,0.0,1.0
5979100,1.1341135620915033,0.6999999999999998,0.10688295052295596,1.5066666666666668,0.0
2328610,0.4361111111111111,0.6333333333333333,0.5638888888888888,0.0,1.0
5998054,1.2064814814814817,0.7333333333333334,-0.2064814814814815,1.5466666666666666,0.0
2472408,1.2777777777777777,0.6,-0.2777777777777777,0.0,1.0
2160842,0.959848484848485,0.6703675944564713,0.04015151515151516,0.0,1.0
5980913,1.0611111111111111,0.7000000000000001,-0.06111111111111111,0.96,0.0
2480369,0.8333333333333334,0.5666666666666667,0.16666666666666666,0.0,1.0
1558325,1.2791666666666668,0.45,-0.2791666666666667,0.0,1.0
5980281,0.9027777777777778,0.5333333333333333,0.0972222222222222,0.18666666666666668,0.0
5979976,0.7987545787545787,0.5333333333333333,0.20124542124542125,0.5466666666666667,0.0
5998667,0.482936507936508,0.7000000000000001,0.5170634920634921,0.6466666666666667,0.0
3239010,1.475297619047619,0.6333333333333333,-0.47529761904761897,0.0,1.0
3374809,0.6361111111111111,0.9055293072201666,0.3638888888888889,0.0,1.0
2956259,1.3916666666666666,0.6,-0.39166666666666666,0.0,1.0
5992367,1.568121693121693,0.5333333333333333,-0.5681216931216931,1.0666666666666669,0.0
5997309,1.2992979242979243,0.7666666666666666,-0.2992979242979243,0.4866666666666666,0.0
5987115,1.2666666666666666,0.5666666666666668,-0.26666666666666666,1.9333333333333331,0.0
5979130,1.4449603174603176,0.6333333333333334,-0.44496031746031744,0.3333333333333333,0.0
5988161,1.088888888888889,0.5666666666666667,-0.08888888888888886,1.12,0.0
1631303,0.966076516076516,0.7333333333333334,0.03392348392348391,0.0,1.0
2969930,1.4645833333333331,0.6,-0.4645833333333334,0.0,1.0
5991428,1.2612433862433865,0.6,-0.2612433862433862,0.7333333333333334,0.0
5979035,1.3293650793650793,0.6,-0.32936507936507936,0.0,0.0
5979377,0.9795634920634921,0.7000000000000001,0.02043650793650793,1.02,0.0
5985331,0.6493345543345543,0.6333333333333333,0.3506654456654457,0.7999999999999999,0.0
2573024,1.2747474747474747,0.6,-0.2747474747474748,0.0,1.0
5987750,1.104740531182346,0.5666666666666668,-0.3074779042497649,1.0710692931570776,0.0
5985063,0.7773148148148148,0.7666666666666666,0.2226851851851852,0.9133333333333334,0.0
1687142,0.6220853515633735,0.7333333333333334,0.36729242979242976,0.0,1.0
3249250,0.7733100233100233,0.6333333333333334,0.2266899766899767,0.0,1.0
5981602,0.9817155067155068,0.5666666666666668,0.018284493284493258,0.3666666666666667,0.0
5997862,1.46855574980575,0.6,-0.4256907795173743,0.6,0.0
5989295,1.3084343434343435,0.4666666666666666,-0.30843434343434345,1.7533333333333332,0.0
5986553,0.9479166666666666,0.5666666666666668,0.052083333333333336,0.4533333333333333,0.0
5990911,1.4027116402116402,0.6999999999999998,-0.4027116402116402,0.66,0.0
2508170,1.1295304232804233,0.6333333333333333,-0.1295304232804233,0.0,1.0
1987249,1.9252525252525248,0.6,-0.9252525252525252,0.0,1.0
5980728,1.6154320987654325,0.5666666666666667,-0.6154320987654321,1.04,0.0
5984886,1.3011294261294262,0.8771552853151391,-0.3011294261294261,0.7066666666666667,0.0
1587017,0.8141330891330892,0.5775536567802685,0.18586691086691087,0.0,1.0
5992694,0.6354166666666666,0.6333333333333333,0.3645833333333333,0.4866666666666666,0.0
1824283,1.4224664224664223,0.6999999999999998,-0.4224664224664225,0.0,1.0
2372241,1.0694444444444444,0.6666666666666666,-0.06944444444444446,0.0,1.0
5986745,1.6250661375661375,0.5333333333333333,-0.6250661375661376,0.7733333333333333,0.0
1514971,1.1462962962962964,0.6,-0.1462962962962963,0.0,1.0
5996951,0.8099123677248677,0.5333333333333333,0.19008763227513226,0.6466666666666666,0.0
5995673,0.9406565656565656,0.5666666666666668,0.05934343434343434,0.1,0.0
5989352,1.4094322344322343,0.43333333333333335,-0.4094322344322345,0.4000000000000001,0.0
5987403,0.7075903568716781,0.6666666666666666,0.4603974943052392,0.5746016704631739,0.0
5995028,1.2468350168350169,0.5333333333333333,-0.24683501683501685,0.68,0.0
3058495,1.4429738562091503,0.6,-0.4429738562091504,0.0,1.0
5984398,1.4485653235653235,0.6333333333333334,-0.4485653235653236,0.7600000000000001,0.0
2012532,1.432857142857143,0.7666666666666666,-0.4328571428571429,0.0,1.0
5998803,0.9761904761904764,0.5333333333333333,0.023809523809523798,0.6666666666666666,0.0
5981776,1.51468253968254,0.6333333333333333,-0.5146825396825396,1.0133333333333334,0.0
5998703,1.2492063492063492,0.5333333333333333,-0.2492063492063492,1.0533333333333337,0.0
5993622,1.0850462962962963,0.7666666666666666,-0.0850462962962963,0.3133333333333333,0.0
5978434,0.3796296296296296,0.7000000000000001,0.6203703703703703,1.2466666666666666,0.0
2898092,1.0083333333333333,0.5666666666666667,-0.00833333333333334,0.0,1.0
5991611,1.7655864197530864,0.6,-0.7655864197530864,1.38,0.0
5995258,1.2667249417249418,0.6,-0.2667249417249417,0.5466666666666666,0.0
2206365,0.5627777777777777,0.7333333333333334,0.4372222222222222,0.4945503472222222,1.0
5988482,1.175,0.8,0.20661388084702606,0.39,0.0
5987026,0.8916666666666667,0.5333333333333333,0.10833333333333332,1.22,0.0
5990718,0.9340277777777776,0.7333333333333334,0.06597222222222221,0.3333333333333333,0.0
5993917,0.7472222222222222,1.8993122497382835,0.25277777777777777,0.25999999999999995,0.0
2470906,0.9535714285714286,0.6,0.04642857142857141,0.0,1.0
5993227,1.0990079365079366,0.7333333333333334,-0.09900793650793653,0.8333333333333334,0.0
5994813,1.1328144078144078,0.5666666666666665,-0.1328144078144078,1.3733333333333333,0.0
5999216,0.8087896825396825,0.3192432047243796,0.19121031746031747,0.98,0.0
5988478,0.8028619528619529,0.6,0.19713804713804714,1.4066666666666665,0.0
5982589,1.2814644933049455,0.42407533084751853,-0.1002747252747253,0.6983416709401711,0.0
2324441,1.360515873015873,0.7000000000000001,-0.360515873015873,0.0,1.0
5994798,1.4126984126984128,0.7333333333333334,-0.4126984126984127,0.7133333333333333,0.0
5988705,1.2765931372549022,0.6333333333333333,-0.276593137254902,1.24,0.0
5984702,1.1385353535353535,0.6,-0.13853535353535354,0.8333333333333334,0.0
2360935,0.8180069930069931,0.7666666666666666,0.181993006993007,0.0,1.0
5985242,1.4614112739112741,0.6999999999999998,-0.4614112739112739,0.9866666666666668,0.0
2076908,0.9752104377104376,0.8000000000000002,0.024789562289562292,0.0,1.0
5979985,0.6387091503267974,0.6,0.3612908496732026,2.0400000000000005,0.0
5981852,1.1694444444444445,0.5194705928862632,-0.16944444444444448,0.18666666666666668,0.0
5994669,2.242572189395394,0.6,-0.08333333333333333,0.7466666666666667,0.0
5998931,1.5134920634920634,0.7333333333333334,-0.5134920634920634,0.62,0.0
2557931,1.8777777777777775,0.6000000000000001,-0.8777777777777778,0.0,1.0
2495498,1.138888888888889,0.5,-0.13888888888888887,0.0,1.0
5980266,1.4728174603174604,0.5,-0.4728174603174604,0.7319056870818322,0.0
5984536,1.4555555555555555,0.5333333333333333,-0.4555555555555556,1.32,0.0
5986076,0.7847222222222223,0.5333333333333333,0.2152777777777778,1.653333333333333,0.0
2488259,0.8041269841269841,0.5666666666666668,0.19587301587301587,0.0,1.0
5982688,0.6805555555555557,0.6666666666666666,0.3194444444444445,1.3533333333333335,0.0
3136412,1.2835016835016837,0.5,-0.3995922379476464,0.0,1.0
5979960,1.3765151515151517,0.4666666666666666,-0.3765151515151515,1.0743669141808558,0.0
5989490,1.2681051587301588,0.4666666666666666,-0.2681051587301587,1.0333333333333332,0.0
5988204,0.7236111111111111,0.75,0.27638888888888885,1.2,0.0
1718546,0.9246969696969696,0.7000000000000001,0.07530303030303033,2.051415906533553,1.0
5987393,1.3166666666666669,0.5666666666666665,-0.3166666666666667,0.9333333333333332,0.0
5989766,0.9504519400352732,0.6666666666666666,0.04954805996472664,0.4133333333333334,0.0
3380183,1.2575907262671968,0.5333333333333333,-0.4675980392156863,0.0,1.0
5989102,1.4066077441077445,0.7000000000000001,-0.4066077441077442,1.3140141837176458,0.0
2762520,1.1756642512077295,0.9104166666666668,-0.4220410628019324,0.0,1.0
2795956,1.4055555555555557,0.7333333333333333,-0.4055555555555555,0.0,1.0
5994256,1.7385225885225886,0.6666666666666666,-0.7385225885225886,0.6866666666666666,0.0
5995875,0.9694444444444444,0.6333333333333333,0.030555555555555575,1.1266666666666667,0.0
5992252,1.6116181657848323,0.5666666666666667,-0.6116181657848324,1.88,0.0
5980483,0.7871148480171271,0.5333333333333333,0.20709754722362367,0.3900922746681538,0.0
5984986,1.7492063492063492,0.6,-0.7492063492063492,0.7533333333333333,0.0
5989218,0.975083943833944,0.6666666666666666,0.024916056166056192,0.6133333333333333,0.0
5987138,1.1267565359477123,0.7000000000000001,-0.12675653594771244,1.54,0.0
5988155,1.1229938271604938,0.6999999999999998,-0.12299382716049385,1.2066666666666668,0.0
2746112,0.8891843196994728,0.6666666666666666,0.19410645443505303,0.0,1.0
2427956,1.3050885225885225,0.5,-0.3050885225885226,0.0,1.0
5998717,0.9111111111111112,0.5666666666666668,0.08888888888888889,0.94,0.0
1753894,1.2941584967320263,0.5,-0.2941584967320261,0.0,1.0
1916716,1.0424603174603175,0.5086148288393347,-0.042460317460317455,0.0,1.0
5993906,1.5955065359477123,0.7000000000000001,-0.5955065359477124,0.7999999999999999,0.0
5983739,1.4107142857142858,0.6333333333333333,-0.41071428571428575,0.4866666666666666,0.0
5996234,1.5128787878787882,0.6666666666666666,-0.5128787878787878,0.4866666666666666,0.0
5990190,0.6297949735449736,0.5429488937903462,0.3702050264550265,0.6066666666666666,0.0
3183535,1.1004629629629628,0.5333333333333333,-0.10046296296296298,0.0,1.0
5989498,0.8123106060606061,0.43333333333333335,0.1876893939393939,0.2733333333333334,0.0
2752919,0.5769444444444444,0.5666666666666668,0.4230555555555555,0.0,1.0
5997080,0.6461279461279461,0.5666666666666665,0.3538720538720539,0.3666666666666667,0.0
5984721,0.8597222222222222,0.5333333333333333,0.14027777777777778,0.32666666666666666,0.0
5998656,1.1206183862433865,0.5,-0.12061838624338625,1.906666666666667,0.0
5991754,1.280753968253968,0.6,-0.2807539682539683,2.266666666666666,0.0
5981883,1.266697191697192,0.6666666666666666,-0.039478866764233136,1.1133333333333333,0.0
5983492,1.1134680134680135,0.5666666666666667,-0.11346801346801345,0.5133333333333333,0.0
5995168,1.5894500561167229,0.5,-0.5894500561167227,0.6168668308761954,0.0
3129674,1.6614583333333337,0.6,-0.6614583333333333,0.0,1.0
2589302,1.0694444444444444,0.6000000000000001,-0.06944444444444442,0.0,1.0
5987973,1.0567340067340067,0.5,-0.05673400673400673,2.779151515151515,0.0
5982306,0.9555555555555556,0.7333333333333334,0.04444444444444443,1.1333333333333335,0.0
5994739,1.121329365079365,0.6666666666666666,-0.12132936507936508,0.2933333333333333,0.0
5997163,1.6040674603174605,0.7333333333333334,-0.6040674603174604,1.08,0.0
5991161,2.7452994010281833,0.5333333333333333,0.004629629629629613,0.52,0.0
5983982,1.0862956487956488,0.5666666666666668,-0.08629564879564881,6.215457130025084,0.0
5990536,1.3103349673202616,0.6666666666666666,-0.31033496732026145,0.9066666666666666,0.0
5984757,0.8055555555555555,0.6,0.1944444444444444,1.2933333333333334,0.0
5981910,0.4651455026455026,0.6333333333333334,0.5348544973544973,1.46,0.0
5983061,1.3872895622895622,0.6,-0.3872895622895623,0.6333333333333333,0.0
2444042,1.1249591503267975,0.6333333333333334,-0.1249591503267974,0.0,1.0
2684737,1.0583333333333331,0.6333333333333333,-0.058333333333333334,0.0,1.0
2487594,1.4495915032679743,0.7333333333333334,-0.44959150326797387,0.0,1.0
5989735,1.0144444444444445,0.6,-0.014444444444444456,0.9333333333333336,0.0
5997533,1.1208333333333331,0.5333333333333333,-0.12083333333333332,1.02,0.0
5985434,1.2425925925925925,0.6,-0.2425925925925926,0.6533333333333333,0.0
5983254,1.3755050505050503,0.4637792850714489,-0.3755050505050505,0.5733333333333334,0.0
5979031,1.2872710622710624,0.7666666666666666,-0.2872710622710623,0.9,0.0
5994506,0.42009170205744,0.65,0.17630648541378965,0.78,0.0
5993015,0.8067404817404817,0.5,0.19325951825951826,0.5266666666666667,0.0
5983062,1.6074074074074074,0.6333333333333333,-0.6074074074074074,0.96,0.0
2861909,0.9510241301907968,0.6999999999999998,0.048975869809203126,0.0,1.0
5984993,1.2305555555555554,0.6666666666666666,-0.23055555555555554,1.1733333333333331,0.0
5993233,1.0583333333333331,0.6,-0.05833333333333333,1.1266666666666667,0.0
5989945,0.9653540903540904,0.6333333333333333,0.034645909645909634,0.24,0.0
5986731,0.9523148148148148,0.5333333333333333,0.0476851851851852,0.3333333333333333,0.0
5980694,0.9361952861952862,0.6000000000000001,0.0638047138047138,0.3800000000000001,0.0
5981036,1.4713938492063494,0.6,-0.4713938492063492,1.4333333333333331,0.0
2057463,0.9737336601307188,0.6,0.026266339869281025,0.0,1.0
2604544,1.4276909188664482,0.6333333333333333,-0.4508246609618158,0.0,1.0
5991220,0.7166666666666667,0.9907078758866492,0.2833333333333334,1.12,0.0
5988923,1.7582289262446578,0.7000000000000001,-0.2795782341954185,1.4995046643672698,0.0
2542815,1.3537037037037036,0.6000000000000001,-0.3537037037037037,0.0,1.0
5995895,1.0968253968253967,0.4666666666666666,-0.0968253968253968,0.7866666666666666,0.0
3241244,0.9383333333333334,0.6666666666666666,0.06166666666666665,0.0,1.0
5995439,1.0909722222222222,0.6666666666666666,-0.09097222222222223,0.16,0.0
5988405,0.7885251322751322,0.6333333333333333,0.21147486772486776,1.68,0.0
5979784,1.1335813492063491,0.5,-0.1335813492063492,1.0066666666666666,0.0
5987281,1.245030525030525,0.5666666666666668,-0.24503052503052505,1.2,0.0
5995162,2.005755182927034,0.5,-0.8102804555535417,1.5443247966236109,0.0
5996983,1.3735769078198383,0.6333333333333334,-0.800873015873016,0.013333333333333334,0.0
3390361,1.0416666666666667,0.6999999999999998,-0.04166666666666666,0.0,1.0
1693453,1.6056781045751636,0.6000000000000001,-0.6056781045751634,0.0,1.0
5992161,1.2043209876543208,0.6666666666666666,-0.20432098765432105,1.1933333333333334,0.0
5994843,1.0630555555555554,0.7333333333333333,-0.06305555555555556,1.346666666666667,0.0
2066700,0.9027777777777778,0.6,0.09722222222222217,0.0,1.0
5987269,0.7332417582417583,0.55,0.2667582417582417,0.73,0.0
1510832,1.137622549019608,0.7666666666666666,-0.13762254901960785,0.0,1.0
2319436,0.9452020202020204,0.4666666666666666,0.05479797979797981,0.0,1.0
2067998,0.4906898656898657,0.6,0.5093101343101343,0.0,1.0
5998682,1.2870370370370372,0.6333333333333333,-0.28703703703703703,1.0466666666666666,0.0
1622803,1.1597222222222223,0.6333333333333333,-0.15972222222222218,0.0,1.0
5998314,0.9416666666666668,0.6,0.05833333333333335,0.64,0.0
1930867,1.0111111111111108,0.6333333333333334,-0.01111111111111109,0.0,1.0
1847913,1.015079365079365,0.5666666666666668,-0.015079365079365062,0.0,1.0
5982857,0.7388888888888889,0.6,0.2611111111111111,1.2266666666666668,0.0
5979642,0.7722222222222223,0.5333333333333333,0.22777777777777775,0.09333333333333334,0.0
5989800,1.1883333333333337,0.7000000000000001,-0.18833333333333332,0.0,0.0
2802981,0.9388888888888888,0.6000000000000001,0.06111111111111112,0.0,1.0
2408855,1.297496947496947,0.4000000000000001,-0.2974969474969475,0.0,1.0
5979324,1.110669191919192,0.4666666666666666,0.1241806052463947,0.5933333333333334,0.0
5990528,1.4629629629629632,0.5666666666666665,-0.462962962962963,0.7400000000000001,0.0
2815353,1.134065934065934,0.7333333333333334,-0.3733749867618554,0.0,1.0
5983876,1.4180402930402929,0.5333333333333333,-0.41804029304029305,1.7333333333333334,0.0
5999073,1.4041666666666668,0.6666666666666666,-0.4041666666666666,0.8066666666666666,0.0
5986964,2.7708173829126905,0.6666666666666666,0.24722222222222226,1.8845709523809528,0.0
5992903,1.576255974241944,0.4,-0.6256715506715507,0.8799999999999999,0.0
5993277,1.1024114774114775,0.6999999999999998,-0.10241147741147742,1.5266666666666666,0.0
5985811,1.286904761904762,0.5249789164668295,-0.2869047619047619,0.66,0.0
5982019,0.9222222222222222,0.6333333333333333,0.07777777777777778,0.7533333333333334,0.0
3312164,1.4628663003663005,0.5666666666666667,-0.4628663003663003,0.0,1.0
3223419,0.6573412698412698,0.6333333333333333,0.3426587301587301,0.0,1.0
5979136,0.9458333333333332,0.6999999999999998,0.05416666666666666,0.5866666666666667,0.0
1606581,1.4393959435626102,0.5333333333333333,-0.4393959435626103,0.0,1.0
1913975,1.1140873015873016,0.6333333333333334,-0.11408730158730157,0.0,1.0
5985918,0.9707088314196988,0.7333333333333334,-0.2393933524897301,0.7838789287357981,0.0
5978266,0.8157203907203908,0.5333333333333333,0.1842796092796093,1.0733333333333333,0.0
2175711,1.2750906500906498,0.5,-0.2750906500906501,0.0,1.0
5978052,1.2966117216117217,0.6333333333333333,-0.2966117216117216,0.4933333333333334,0.0
3240654,1.2787717864923749,0.6666666666666666,-0.2787717864923747,0.0,1.0
5987982,2.570359768793184,0.6666666666666666,0.1974164724164724,0.64,0.0
1530732,1.1544022916819852,0.43333333333333335,-0.442732467829936,0.0,1.0
5991815,1.7194064466247632,0.6,-0.7210431858487606,0.21290778113509404,0.0
5988073,1.460959595959596,0.5404273421776077,-0.460959595959596,0.92,0.0
2138147,1.1335016835016836,0.6,-0.13350168350168354,0.0,1.0
5995092,0.7692129629629629,0.7000000000000001,0.2307870370370371,0.7866666666666666,0.0
5994263,1.2448688271604942,0.5333333333333333,-0.24486882716049385,1.086666666666667,0.0
5991718,1.3054924242424242,0.6666666666666666,-0.30549242424242423,1.0533333333333337,0.0
2696158,1.7560269360269363,0.6333333333333334,-0.7560269360269359,0.0,1.0
5985539,0.8170024420024421,0.5333333333333333,0.18299755799755796,1.04,0.0
3112289,1.3090674603174604,0.6333333333333333,-0.3090674603174603,0.0,1.0
5995691,0.9361111111111112,0.43333333333333335,0.06388888888888887,0.9066666666666666,0.0
5993926,0.6288359788359789,0.8000000000000002,0.3711640211640213,1.2933333333333332,0.0
5983507,0.9702876984126984,0.5666666666666665,0.029712301587301575,1.7466666666666668,0.0
2654183,1.4344771241830063,0.6666666666666666,-0.43447712418300655,0.0,1.0
2319239,1.0314814814814814,0.5333333333333333,-0.03148148148148147,0.0,1.0
5988889,1.7714285714285714,0.5,-0.7714285714285714,0.3133333333333333,0.0
5995336,0.9972222222222222,0.5666666666666668,0.002777777777777805,0.66,0.0
2342283,1.4555555555555555,0.7000000000000002,-0.4555555555555556,0.0,1.0
5987144,0.9396825396825396,0.7000000000000001,0.060317460317460325,1.1266666666666667,0.0
5996773,1.4430709876543208,0.5,-0.44307098765432107,0.44,0.0
2494847,1.136954365079365,0.4,-0.1369543650793651,0.0,1.0
5982664,1.605357142857143,0.6666666666666666,-0.6053571428571428,0.6133333333333333,0.0
5990949,0.9833333333333334,0.4666666666666666,0.016666666666666663,0.7733333333333334,0.0
5986131,0.9582491582491582,0.8000000000000002,0.041750841750841726,0.96,0.0
5990737,1.6424591503267976,0.5666666666666668,-0.6424591503267975,0.3276770532514594,0.0
5990474,1.2168253968253968,0.6333333333333333,-0.2168253968253968,0.68,0.0
5987682,0.7238247863247863,0.65,0.27617521367521364,0.69,0.0
5994470,1.0457671957671957,0.5,-0.04576719576719577,1.34,0.0
5996198,1.80812908496732,0.6333333333333334,-0.8081290849673203,0.7799999999999999,0.0
5992332,0.6972222222222223,0.7000000000000001,0.3027777777777778,0.7999999999999999,0.0
3373287,1.2638312854074092,0.5666666666666667,-0.05711990106991231,0.0,1.0
5988823,1.6189814814814814,0.7333333333333334,-0.6189814814814815,0.2466666666666667,0.0
5992616,0.9722222222222224,0.5666666666666667,0.02777777777777779,0.48,0.0
5983862,0.9752946127946128,0.5308164264090375,0.024705387205387185,0.9466666666666668,0.0
2753743,1.6222222222222225,0.4666666666666666,-0.6222222222222222,0.0,1.0
2862530,1.1404151404151404,0.6333333333333333,-0.1404151404151404,0.0,1.0
5982167,1.136938316993464,0.5333333333333333,-0.13693831699346407,0.4930313983157067,0.0
5994103,1.291051541051541,0.5333333333333333,-0.2910515410515411,0.4733333333333333,0.0
5998984,1.1193602693602691,0.6666666666666666,-0.11936026936026932,1.0,0.0
2275508,0.6388640873015873,0.6666666666666666,0.3611359126984127,0.0,1.0
5992290,1.1457244008714598,0.4000000000000001,-0.14572440087145974,1.153333333333333,0.0
5986658,1.9540849673202612,0.6,-0.9540849673202616,1.14,0.0
5982060,1.7962581699346405,0.5666666666666667,-0.7962581699346405,0.14666666666666667,0.0
1654195,1.0418650793650794,0.6999999999999998,-0.04186507936507936,0.0,1.0
5996977,1.0712962962962964,0.5158118133839658,-0.0712962962962963,1.5133333333333334,0.0
5996613,1.0097222222222222,0.5666666666666668,-0.009722222222222224,1.106666666666667,0.0
5992107,1.2388888888888892,0.6666666666666666,-0.2388888888888889,0.9466666666666668,0.0
5990780,1.1224747474747476,0.5333333333333333,-0.12247474747474747,1.0066666666666666,0.0
5990611,0.44107142857142856,0.7,0.5589285714285714,1.47,0.0
2411408,1.3125152625152623,0.5333333333333333,-0.3125152625152625,0.0,1.0
2892063,1.2872710622710624,0.6666666666666666,-0.28727106227106225,0.0,1.0
5985560,0.4874591503267974,0.7999999999999999,0.5125408496732026,1.14,0.0
5992045,1.6832010582010581,1.0075222281794598,-0.6832010582010581,0.8733333333333334,0.0
5999014,1.4872222222222222,0.5666666666666668,-0.4872222222222222,1.8333333333333333,0.0
5991991,0.8835317460317461,0.6,0.11646825396825397,0.6533333333333333,0.0
5984950,1.289041514041514,0.5666666666666668,-0.2890415140415141,0.7733333333333333,0.0
3219230,1.036111111111111,0.43333333333333335,-0.03611111111111109,0.0,1.0
5985504,1.2388888888888892,0.5333333333333333,-0.2388888888888889,1.8866666666666667,0.0
5979325,0.5469377270356391,0.5666666666666668,0.2017806506099396,0.1358976932540139,0.0
2285664,1.0380952380952382,0.5666666666666667,-0.038095238095238106,0.0,1.0
5981846,1.2712047212047213,0.6333333333333334,-0.2712047212047212,0.5733333333333334,0.0
5984696,1.2737373737373738,0.6333333333333333,-0.2737373737373738,1.4799999999999998,0.0
5999479,1.7777777777777777,0.7999999999999999,-0.7777777777777778,0.5666666666666668,0.0
5985893,1.4284798534798535,0.6666666666666666,-0.4284798534798535,0.2933333333333333,0.0
5995453,1.4338047138047136,0.4666666666666666,-0.4338047138047138,1.02,0.0
5987572,1.3799603174603174,0.4666666666666666,-0.37996031746031744,1.6133333333333333,0.0
2157764,1.3611111111111107,0.4666666666666666,-0.3611111111111111,0.0,1.0
5996703,1.6044973544973544,0.6999999999999998,-0.6044973544973545,1.1933333333333334,0.0
5978424,1.0038659550282505,0.5666666666666668,0.13468959734688102,1.5599999999999998,0.0
1636498,1.4646214896214895,0.6333333333333333,-0.4646214896214896,0.0,1.0
5987786,1.074404761904762,0.6666666666666666,-0.07440476190476188,0.06652183499779181,0.0
5985610,0.9277777777777776,0.7000000000000001,0.07222222222222223,0.8733333333333334,0.0
5996421,1.2100529100529098,0.6,-0.21005291005291005,0.46,0.0
2264521,0.8083333333333332,0.40644304825843136,0.19166666666666665,0.0,1.0
5982041,0.9629629629629628,0.5666666666666668,0.037037037037037035,0.7800000000000001,0.0
5985456,1.3694444444444445,0.6333333333333333,-0.3694444444444444,1.3,0.0
2909405,0.9721560846560848,0.5666666666666668,0.02784391534391532,0.0,1.0
5978987,1.096885521885522,0.6999999999999998,-0.09688552188552188,1.1933333333333334,0.0
2854410,1.601746031746032,0.4666666666666666,-0.6017460317460318,0.0,1.0
3411445,0.7847222222222222,0.5,0.2152777777777778,0.0,1.0
5995390,1.4743055555555558,0.5333333333333333,-0.4743055555555555,0.6,0.0
5985925,1.2273848456003065,0.7666666666666667,-0.29088966588966586,0.5441267491072002,0.0
5988530,1.292903392903393,0.5666666666666667,-0.2929033929033929,0.8066666666666666,0.0
5998569,1.0555555555555556,0.6666666666666666,-0.055555555555555546,0.04666666666666666,0.0
5996397,0.9653922466422468,0.5,0.03460775335775335,0.7133333333333334,0.0
5989926,1.7737373737373738,0.8000000000000002,-0.7737373737373737,0.7066666666666667,0.0
5988037,1.2879731379731378,0.6666666666666666,-0.287973137973138,0.4066666666666667,0.0
5998876,0.8773809523809524,0.6,0.12261904761904766,1.1333333333333335,0.0
3307614,1.2784920634920631,0.6666666666666666,-0.2784920634920635,0.0,1.0
5984289,1.1305555555555555,0.6666666666666666,-0.13055555555555556,4.1156206866804705,0.0
2258292,1.0747354497354495,0.6333333333333333,-0.07473544973544972,0.0,1.0
5992513,0.4861111111111111,0.6333333333333333,0.5138888888888888,0.82,0.0
2181207,1.2690476190476192,0.6333333333333333,-0.26904761904761904,0.0,1.0
5986213,1.7111111111111108,0.6333333333333333,-0.7111111111111111,1.9,0.0
2730992,0.8156734006734007,0.7000000000000001,0.1843265993265993,0.0,1.0
2892587,1.531746031746032,0.4666666666666666,-0.5317460317460317,0.0,1.0
2807997,1.308806471306471,0.5,-0.3088064713064713,0.0,1.0
5985199,1.30260989010989,0.6333333333333334,-0.3026098901098901,0.9933333333333332,0.0
5978667,1.0816544566544566,0.6000000000000001,-0.08165445665445663,1.5066666666666668,0.0
5988700,1.7131944444444445,0.6333333333333333,-0.7131944444444445,0.8333333333333334,0.0
5987520,0.9268939393939392,0.6999999999999998,0.07310606060606062,1.0466666666666666,0.0
3033510,1.076190476190476,0.5,-0.07619047619047621,0.0,1.0
5986377,1.0203703703703704,0.6666666666666666,-0.02037037037037037,0.7200000000000001,0.0
5990461,1.4416361416361416,0.5666666666666667,-0.4416361416361416,0.7333333333333334,0.0
5995060,1.3129820261437908,0.6666666666666666,-0.31298202614379084,1.14,0.0
5994783,1.3133333333333332,0.6666666666666666,-0.3133333333333333,0.4133333333333333,0.0
5981857,1.3688888888888888,0.6333333333333334,-0.3688888888888889,0.7799999999999999,0.0
5984156,0.8796296296296297,0.5333333333333333,0.12037037037037035,0.3533333333333333,0.0
5997871,1.2865319865319866,0.6666666666666666,-0.2865319865319865,0.6533333333333333,0.0
5979480,1.4582671957671958,0.6333333333333333,-0.4582671957671958,0.4466666666666667,0.0
5979151,1.1101851851851852,0.9741979572500488,-0.11018518518518516,1.153333333333333,0.0
5992144,0.9807598039215688,0.6666666666666666,0.019240196078431374,0.7133333333333334,0.0
1709187,1.125,0.6333333333333334,-0.125,0.0,1.0
5986877,1.2222222222222223,0.5,-0.2222222222222222,0.8266666666666667,0.0
5986802,1.1379629629629628,0.5666666666666668,-0.13796296296296298,0.18666666666666665,0.0
3155948,0.7759462759462759,0.6999999999999998,0.22405372405372406,0.0,1.0
1817974,1.0494444444444444,0.5333333333333333,-0.04944444444444445,0.32902627602312895,1.0
1778269,1.6180097680097678,0.6959297566105338,-0.618009768009768,0.0,1.0
5996154,1.4754901960784312,0.6333333333333333,-0.4754901960784314,0.4866666666666666,0.0
1699558,1.9576262626262624,0.5666666666666668,-0.9576262626262628,0.0,1.0
5987215,0.806496743996744,0.5,0.19350325600325602,1.4666666666666668,0.0
2982418,1.0823412698412698,0.6666666666666666,-0.08234126984126983,0.0,1.0
5990183,1.1960317460317458,0.5333333333333333,-0.196031746031746,0.82,0.0
5996243,2.039365920385088,0.5666666666666665,0.21851851851851856,1.8,0.0
5984290,0.8972222222222223,0.5333333333333333,0.1027777777777778,1.4666666666666668,0.0
5988312,0.75,0.6,0.25,1.3266666666666669,0.0
5978356,1.1128968253968254,0.6333333333333333,-0.11289682539682545,1.1733333333333331,0.0
2851671,0.6001190028811224,0.5333333333333333,0.2243830640110234,0.8485118149824029,1.0
5983475,1.5333333333333332,0.6333333333333333,-0.5333333333333333,1.3133333333333337,0.0
5989048,1.1361111111111108,0.4547813551281743,-0.13611111111111113,0.43333333333333335,0.0
5994537,0.2777777777777777,0.6333333333333333,0.7222222222222222,1.14,0.0
3291558,0.6561660561660562,0.43333333333333335,0.3438339438339438,0.0,1.0
5979070,1.0486111111111112,0.6333333333333333,-0.048611111111111084,1.1,0.0
5995465,0.8722222222222222,0.5666666666666667,0.12777777777777774,0.5266666666666667,0.0
5998634,0.9663492063492064,0.5333333333333333,0.03365079365079363,0.46,0.0
2506456,0.5286682993689408,0.7666666666666666,0.2413147527266477,0.0,1.0
5985338,1.1316368816368818,0.5832388815594806,-0.1316368816368816,0.7999999999999999,0.0
3328056,1.2688492063492065,0.7666666666666666,-0.26884920634920634,0.0,1.0
5996276,0.9617063492063492,0.6,0.03829365079365079,0.8066666666666666,0.0
5993247,1.075,0.7666666666666667,-0.075,1.88,0.0
5983058,0.6306721056721057,0.5333333333333333,0.3693278943278943,0.44,0.0
5994081,1.5994543650793651,0.6666666666666666,-0.5994543650793651,0.7933333333333333,0.0
5989879,1.4516975308641975,0.6999999999999998,-0.4516975308641975,1.3533333333333333,0.0
2464553,1.2611111111111108,0.5,-0.2611111111111111,0.0,1.0
5990173,1.1089225589225589,0.6333333333333334,-0.10892255892255888,1.5133333333333336,0.0
5980766,1.0317460317460316,0.5666666666666667,-0.031746031746031744,1.1733333333333336,0.0
5999052,0.6861111111111112,4.159085588364708,0.3138888888888889,0.3866666666666667,0.0
5992343,0.9666666666666668,0.5333333333333333,0.03333333333333333,0.6533333333333334,0.0
5998618,1.4655555555555555,0.4519659302641074,-0.4655555555555555,0.2866666666666667,0.0
5993588,0.7152777777777777,0.7333333333333334,0.2847222222222223,0.48,0.0
5990835,0.964398148148148,0.6333333333333334,0.035601851851851864,1.4799999999999998,0.0
5999230,0.7416666666666666,0.5666666666666668,0.25833333333333336,1.2430335518153772,0.0
5988075,1.4369593369593368,0.5333333333333333,-0.4369593369593371,0.7333333333333334,0.0
5998847,0.79006734006734,0.5,0.20993265993265994,1.0266666666666666,0.0
5984038,1.2549533799533799,0.6333333333333334,-0.25495337995338,0.3866666666666667,0.0
5980336,1.3882936507936507,0.6333333333333333,-0.3882936507936508,0.43333333333333335,0.0
1578643,1.304166666666667,0.6,-0.30416666666666664,0.0,1.0
5999257,2.2951655030864266,0.6666666666666666,-1.0900729318278606,0.26152777137756994,0.0
5997881,0.4892463235294118,0.45,0.5107536764705882,0.0,0.0
5991236,0.9677933177933178,0.7333333333333333,0.03220668220668214,0.94,0.0
5984053,1.1555555555555557,0.6,-0.1555555555555556,0.9266666666666666,0.0
5997548,1.1350168350168348,0.7000000000000001,-0.13501683501683506,0.8266666666666667,0.0
5978623,0.725,0.6666666666666666,0.275,1.42,0.0
5997922,1.310813492063492,0.5333333333333333,-0.310813492063492,0.6666666666666666,0.0
2327252,1.6175595238095235,0.4666666666666666,-0.37846908831908826,0.0,1.0
5992243,1.0710978835978835,0.5666666666666668,-0.0710978835978836,1.0266666666666666,0.0
5984068,1.2890873015873014,0.7000000000000001,-0.2890873015873016,0.7066666666666667,0.0
5992795,1.5875,0.6666666666666666,-0.5875,1.5066666666666666,0.0
5987981,0.5986772486772486,0.5296566511474615,0.4013227513227513,1.0133333333333334,0.0
5982817,1.1427960927960927,0.5333333333333333,-0.1427960927960928,0.9733333333333332,0.0
5984716,1.0893960027624001,0.6333333333333333,-0.32521358402393336,0.8544308435312867,0.0
5978914,1.605268959435626,0.6999999999999998,-0.6052689594356261,0.9533333333333336,0.0
2457301,0.7856481481481481,0.6333333333333333,0.21435185185185188,0.0,1.0
5994698,1.3898809523809526,0.5666666666666668,-0.3898809523809524,0.8933333333333332,0.0
5985087,0.8472222222222223,0.5333333333333333,0.1527777777777778,1.0599999999999998,0.0
5994462,1.2935508935508937,0.5666666666666667,-0.29355089355089353,0.48,0.0
5998509,2.9840564994778416,0.5333333333333333,-1.409262816753183,1.0466666666666666,0.0
5980673,1.918925518925519,0.5,-0.9189255189255188,0.5933333333333334,0.0
5982729,0.8162087912087913,0.5333333333333333,0.1837912087912088,1.7533333333333332,0.0
5982429,1.0781986531986532,7.831328796968562,-0.0781986531986532,0.1,0.0
5982391,1.4178321678321677,0.4333333333333333,-0.4178321678321679,1.18,0.0
5993127,1.6484126984126986,0.488418590720602,-0.6484126984126984,1.6933333333333334,0.0
1932682,1.034176780021417,0.5666666666666667,-0.2370067614815965,0.0,1.0
1970583,1.5611111111111111,0.6333333333333333,-0.5611111111111111,0.0,1.0
5998604,0.9569444444444444,0.5666666666666668,0.04305555555555555,1.5466666666666666,0.0
5982839,1.281959706959707,0.5666666666666667,-0.28195970695970696,1.9733333333333332,0.0
5984475,0.9858231402723516,0.6000000000000001,-0.2594058837525714,0.09358732730215392,0.0
3364181,1.417063492063492,0.7333333333333334,-0.4170634920634921,0.0,1.0
5978515,1.013888888888889,0.5333333333333333,-0.013888888888888914,0.7400000000000001,0.0
5994248,1.4638278388278387,0.7000000000000001,-0.4638278388278388,1.2866666666666668,0.0
5983816,0.9361111111111112,0.7333333333333333,0.06388888888888887,0.2533333333333333,0.0
5997530,1.2936868686868688,0.5,-0.41700938690180495,1.6133333333333333,0.0
1951894,1.7735294117647058,0.7333333333333334,-0.7735294117647059,0.0,1.0
1905873,1.5611111111111111,0.6666666666666666,-0.5611111111111111,0.0,1.0
2379379,0.9944444444444444,0.6333333333333333,0.005555555555555545,0.0,1.0
5987852,1.2361111111111112,0.5,-0.2361111111111111,0.8666666666666667,0.0
5982730,0.6027777777777777,0.4666666666666666,0.3972222222222222,0.84,0.0
5998592,1.5756448412698412,0.5333333333333333,-0.5756448412698413,1.2533333333333332,0.0
5985895,1.1310662177328843,0.6333333333333333,-0.1310662177328844,1.4266666666666667,0.0
5989666,0.4785866910866911,0.6666666666666666,0.521413308913309,0.86,0.0
5985334,1.6725,0.5,-0.6725,1.83,0.0
2879259,1.110916860916861,0.6,-0.11091686091686093,0.0,1.0
5988545,0.9593253968253967,0.6666666666666666,0.040674603174603176,0.9133333333333332,0.0
5982808,0.8052188552188553,0.5666666666666668,0.1947811447811448,0.22666666666666666,0.0
1924749,0.7444444444444445,0.6,0.25555555555555554,0.0,1.0
5994190,1.7430765209541688,0.5666666666666667,-0.2949099511599512,0.6533333333333333,0.0
5998293,1.2525462962962963,0.4666666666666666,-0.2525462962962963,1.0466666666666666,0.0
1897597,1.5939484126984127,0.5333333333333333,-0.5939484126984127,0.0,1.0
5996233,1.0205026455026454,0.6,-0.0205026455026455,0.8066666666666666,0.0
5997101,0.6329365079365079,0.6,0.3670634920634921,0.7133333333333334,0.0
5984859,1.1199074074074076,0.7333333333333334,-0.1199074074074074,0.2333333333333333,0.0
3243892,1.1398370715971025,0.6333333333333333,0.041414141414141424,0.0,1.0
2658317,1.2978956228956229,0.6,-0.2978956228956229,0.09845882360842466,1.0
1656141,1.2793320105820103,0.6666666666666666,-0.2793320105820106,0.0,1.0
5986478,1.7675833423634533,0.6126958937835436,-0.25810185185185186,1.06,0.0
5994648,1.2545454545454546,0.6666666666666666,-0.2545454545454545,0.14,0.0
5981155,0.6736111111111109,0.5333333333333333,0.32638888888888884,1.106666666666667,0.0
5986260,1.0138888888888888,0.5666666666666665,-0.013888888888888876,1.9266666666666663,0.0
5982130,1.281959706959707,0.6333333333333333,-0.28195970695970696,1.24,0.0
5988838,1.0488888888888888,0.5666666666666667,-0.048888888888888885,0.8733333333333334,0.0
3348235,0.9357142857142858,0.5333333333333333,0.06428571428571428,0.0,1.0
5982983,1.4495510662177329,0.7333333333333334,-0.4495510662177329,1.12,0.0
1609544,0.9801689051689052,0.6,0.0198310948310948,0.0,1.0
5995717,1.7862866300366302,0.4666666666666666,-0.7862866300366301,1.06,0.0
1773155,0.7983460417881153,0.5,0.06452397207355491,0.0,1.0
1975794,0.7984788359788361,0.6333333333333333,0.201521164021164,0.0,1.0
5987489,1.0666666666666669,0.6,-16.52994120044245,1.46,0.0
5984277,0.7638888888888888,0.5666666666666668,0.23611111111111116,0.2733333333333333,0.0
5980590,1.2607448107448107,0.5666666666666667,-0.2607448107448108,0.08666666666666667,0.0
5993987,1.6304001554001557,0.7333333333333334,-0.6304001554001554,0.64,0.0
5989118,0.868454452293738,0.6666666666666666,0.036233211233211216,0.8866666666666667,0.0
2203861,1.4722222222222223,0.6333333333333334,-0.4722222222222222,1.7840471099903148,1.0
5999221,0.976933251933252,0.6333333333333334,0.02306674806674806,0.96,0.0
5979034,1.2705387205387206,0.6666666666666666,-0.2705387205387206,0.6333333333333334,0.0
5979340,1.1448214285714289,0.5333333333333333,-0.14482142857142855,0.9666666666666668,0.0
5985091,0.6888888888888891,0.4895731974045938,0.3111111111111111,0.38,0.0
3056457,1.090993265993266,0.4666666666666666,-0.09099326599326596,0.0,1.0
5982846,0.4775252525252525,0.7000000000000001,0.5224747474747474,1.0933333333333333,0.0
1766347,0.9027777777777776,0.7484599060104425,0.09722222222222224,0.0,1.0
5999043,0.8139980158730159,0.7000000000000001,0.18600198412698413,1.2000000000000002,0.0
5979757,1.1083333333333334,0.5666666666666668,-0.10833333333333334,0.8733333333333334,0.0
5986839,0.6425264550264549,0.6666666666666666,0.3574735449735449,1.64,0.0
5988684,0.9827024827024828,0.5333333333333333,0.017297517297517297,0.6266666666666666,0.0
2632207,1.1194120694120695,0.6,-0.11941206941206944,0.0,1.0
2640349,1.2986446886446887,0.5666666666666668,-0.2986446886446887,0.0,1.0
5996790,1.325925925925926,0.7333333333333334,-0.3259259259259259,0.07333333333333332,0.0
5991064,0.6689814814814815,0.5666666666666667,0.3310185185185185,1.2,0.0
2321854,0.8958333333333333,0.7999999999999999,0.10416666666666666,0.0,1.0
2531908,1.1403540903540903,0.6525560714023925,-0.14035409035409038,0.0,1.0
5992404,0.9263888888888888,0.6333333333333333,0.07361111111111109,0.96,0.0
3240597,1.24510582010582,0.6333333333333333,-0.2451058201058201,0.0,1.0
3140444,1.435275835275835,0.6666666666666666,-0.4352758352758353,0.0,1.0
2726998,1.1443833943833943,0.7333333333333334,-0.1443833943833944,0.0,1.0
1581162,0.9208333333333334,0.6666666666666666,0.07916666666666668,0.0,1.0
3198827,1.452579365079365,0.43333333333333335,-0.452579365079365,0.0,1.0
2980961,0.6113888888888889,0.5333333333333333,0.3886111111111112,0.0,1.0
5986846,1.1366529304029305,0.5666666666666668,-0.13665293040293044,0.8533333333333334,0.0
2292319,0.9735119047619047,0.5666666666666665,0.026488095238095217,0.0,1.0
5986378,1.4309722222222223,0.5333333333333333,-0.43097222222222215,0.36000000000000004,0.0
2158315,0.9646956987101216,0.6333333333333334,0.0286553724053724,0.0,1.0
5998153,1.5906565656565654,0.6,-0.5906565656565657,0.62,0.0
5982965,1.0875,0.5333333333333333,-0.08749999999999998,0.7866666666666667,0.0
5994725,0.9246031746031744,1.7293259656167688,0.07539682539682539,0.36000000000000004,0.0
5987848,1.310515873015873,0.7333333333333334,-0.31051587301587297,0.3466666666666667,0.0
5984073,0.6538614163614164,0.5333333333333333,0.3461385836385837,0.8866666666666667,0.0
5979447,1.1222222222222222,0.5333333333333333,-0.12222222222222225,1.5133333333333334,0.0
5994340,0.4871947496947497,0.6,0.5128052503052504,1.58,0.0
5980296,1.2792929292929294,0.7000000000000001,-0.2792929292929293,1.0666666666666669,0.0
5987874,1.4629578754578754,0.6,-0.4629578754578755,0.6266666666666667,0.0
5998905,0.7638888888888888,0.4000000000000001,0.2361111111111111,0.7999999999999999,0.0
2559841,1.0784920634920636,0.7333333333333334,-0.0784920634920635,0.0,1.0
5999123,1.6430555555555555,0.5666666666666665,-0.6430555555555556,0.82,0.0
1595413,1.4337542087542088,0.5,-0.4337542087542088,0.0,1.0
2513064,1.146296296296296,0.5666666666666668,-0.1462962962962963,0.0,1.0
2036498,0.8124591503267974,0.6666666666666666,0.1875408496732026,0.0,1.0
5998329,1.0924603174603174,0.6333333333333334,-0.09246031746031748,0.32,0.0
2088406,1.252222222222222,0.6,-0.25222222222222224,0.0,1.0
3299410,1.090833333333333,0.5333333333333333,-0.09083333333333334,0.0,1.0
2218096,0.9823199023199024,0.7333333333333334,0.01768009768009763,0.0,1.0
5987109,1.4527930402930405,0.7333333333333334,-0.4527930402930403,0.6466666666666666,0.0
5989760,1.1353021978021978,0.6333333333333333,-0.1353021978021978,0.9333333333333332,0.0
5999529,1.9211419753086418,0.5666666666666668,-0.9211419753086421,0.4933333333333334,0.0
5981025,1.2741898148148147,0.6000000000000001,-0.2741898148148148,0.39333333333333337,0.0
5989867,0.6347222222222223,0.7333333333333333,0.36527777777777776,1.5466666666666666,0.0
5988470,0.7027777777777778,0.6333333333333334,0.2972222222222223,0.04,0.0
5994087,1.566329966329966,0.5666666666666668,-0.5663299663299664,0.4133333333333334,0.0
5990314,0.967550505050505,0.5333333333333333,0.16063389183979068,0.6066666666666666,0.0
3148059,0.6339451058201059,0.7333333333333334,0.3660548941798942,0.0,1.0
5992366,1.2261111111111112,0.6333333333333333,-0.22611111111111115,0.2466666666666667,0.0
3225819,1.0569444444444445,0.5666666666666668,-0.056944444444444464,0.0,1.0
5979552,1.7661616161616165,0.6,-0.7661616161616162,0.3866666666666667,0.0
3374236,0.9815120065120064,0.5666666666666667,0.018487993487993487,0.0,1.0
5978707,1.4148148148148147,0.4666666666666666,-0.4148148148148148,1.3866666666666667,0.0
2806858,1.257361111111111,0.6,-0.2573611111111111,0.0,1.0
5987567,0.7909722222222223,0.7000000000000001,0.20902777777777773,0.9933333333333332,0.0
5996642,4.045459595715031,0.6666666666666666,-0.11944444444444445,0.4533333333333333,0.0
3302961,1.5438988095238095,0.6333333333333333,-0.5438988095238095,0.0,1.0
5989079,0.9738400488400488,0.6666666666666666,0.02615995115995116,0.7799999999999999,0.0
5988879,0.9478451178451178,0.5333333333333333,0.05215488215488217,0.2,0.0
2490132,0.948046398046398,0.4666666666666666,0.051953601953601936,0.0,1.0
2617133,0.8221017156862745,0.5666666666666667,0.17789828431372548,0.0,1.0
5983268,1.236111111111111,0.6666666666666666,-0.23611111111111116,3.6841460615202983,0.0
3170113,1.4586080586080583,0.5,-0.4586080586080586,0.0,1.0
5984657,1.0416666666666667,0.8000000000000002,-0.04166666666666666,1.16,0.0
5984410,1.473234126984127,0.4666666666666666,-0.47323412698412703,0.8866666666666667,0.0
3186618,0.6467757936507936,0.8768814727648738,0.3532242063492063,0.0,1.0
5989332,1.5379629629629632,0.6333333333333333,-0.537962962962963,0.8266666666666667,0.0
5994253,1.2706565656565656,0.6333333333333334,-0.27065656565656565,0.8733333333333334,0.0
1678408,0.9131944444444444,0.6666666666666666,0.08680555555555558,0.0,1.0
5979147,1.110375816993464,0.7666666666666666,-0.11037581699346406,1.2533333333333332,0.0
5983851,0.9303613053613056,0.6333333333333334,0.06963869463869464,1.5066666666666668,0.0
5988171,1.7867845117845118,0.6,-0.7867845117845117,1.3333333333333333,0.0
3269616,0.7361111111111109,0.5,0.26388888888888884,0.0,1.0
5995120,1.4611693861693862,0.6000000000000001,-0.4611693861693861,1.78,0.0
5991642,1.0814814814814817,0.5666666666666665,-0.08148148148148149,0.9066666666666666,0.0
1688510,1.3932539682539682,0.6666666666666666,-0.39325396825396813,0.0,1.0
2150706,1.5974969474969474,0.5,-0.5974969474969475,0.0,1.0
1968171,1.1796296296296296,0.7000000000000001,-0.17962962962962967,0.0,1.0
5991343,0.4432870370370369,0.5333333333333333,0.5567129629629629,0.7266666666666667,0.0
2727059,0.8028769841269842,0.6666666666666666,0.19712301587301587,0.0,1.0
5978425,0.8189270152505447,0.5666666666666667,0.18107298474945527,1.5266666666666666,0.0
5990587,0.9597643097643096,0.7000000000000001,0.04023569023569022,1.653333333333333,0.0
1529945,0.6412878787878789,0.6333333333333333,0.3587121212121212,0.0,1.0
5980351,1.0395833333333333,0.5,-0.03958333333333334,1.3,0.0
5992978,1.4526862026862029,0.4666666666666666,-0.4526862026862027,1.1,0.0
5995782,1.1555555555555557,0.6666666666666666,-0.15555555555555556,0.7999999999999999,0.0
1884091,1.4027777777777777,0.6,-0.4027777777777777,0.0,1.0
5995770,0.9849801587301588,0.6333333333333334,0.015019841269841313,1.26,0.0
5987879,1.7976953601953602,0.6,-0.7976953601953602,0.52,0.0
2915905,0.4921916971916973,0.5666666666666668,0.18125493123324152,0.0,1.0
5984094,1.1236111111111111,0.7333333333333334,-0.1236111111111111,0.1733333333333333,0.0
5991256,0.22909589492481966,0.4,0.4650654625522366,1.0463949031779742,0.0
5997131,0.9780691530691532,0.6,0.02193084693084693,1.0400000000000005,0.0
5994031,1.2509920634920637,0.5666666666666668,-0.2509920634920635,0.5333333333333333,0.0
5979129,1.7833943833943835,0.5333333333333333,-0.7833943833943834,1.1266666666666667,0.0
5989941,1.3285714285714283,0.7000000000000001,-0.32857142857142857,0.013333333333333334,0.0
5992392,1.3388888888888888,0.6661705400522581,-0.33888888888888885,1.1933333333333334,0.0
5978474,1.1280257936507936,0.553854126545026,-0.12802579365079367,1.4533333333333334,0.0
2416340,0.7833333333333333,3.913693834266309,0.21666666666666667,0.0,1.0
3428323,0.774915824915825,0.6666666666666666,0.22508417508417508,0.0,1.0
1621322,1.2064814814814817,0.5333333333333333,-0.2064814814814815,0.0,1.0
5988508,1.4625330687830689,0.5666666666666668,-0.4625330687830688,1.4666666666666668,0.0
5984030,1.3194444444444444,0.6999999999999998,-0.3194444444444444,0.98,0.0
5990194,1.9276143790849676,0.6333333333333333,-0.9276143790849676,0.18000000000000002,0.0
5984486,1.286952861952862,0.5666666666666668,-0.2869528619528619,0.96,0.0
5988822,1.1217592592592591,0.5333333333333333,-0.12175925925925928,0.94,0.0
3164803,0.6414241622574955,0.7000000000000001,0.3585758377425044,0.0,1.0
5989434,1.3983134920634919,0.6000000000000001,-0.3983134920634921,1.66,0.0
2758394,1.440707671957672,0.6666666666666666,-0.4513233465531537,0.0,1.0
5995470,0.950462962962963,0.5333333333333333,0.04953703703703708,0.7066666666666667,0.0
5991752,0.6256734006734007,0.6333333333333333,0.3743265993265992,0.2906715655058041,0.0
5984165,0.7875,0.6333333333333333,0.2125,0.8666666666666666,0.0
5992175,0.8139342139342142,0.5666666666666668,0.18606578606578605,0.7933333333333333,0.0
1812414,1.0111111111111108,0.6,-0.011111111111111118,0.0,1.0
1772745,1.4697306397306396,0.6333333333333333,-0.4697306397306398,0.0,1.0
2925780,0.9169146825396824,0.4,0.08308531746031744,0.0,1.0
5997908,1.7175671550671552,0.6946951645307388,-0.7175671550671551,0.36000000000000004,0.0
5995117,1.7660195360195359,0.6666666666666666,-0.766019536019536,1.0199999999999998,0.0
2789236,0.9552423747276688,0.7000000000000001,0.044757625272331146,0.0,1.0
5997010,1.3112638099949396,0.6333333333333334,-0.18589492747442704,0.7976106647561537,0.0
5983420,1.4061092341876418,0.5333333333333333,-0.2205364481363398,0.4519603800943646,0.0
2921763,1.2806944444444444,0.6333333333333334,-0.2806944444444444,0.0,1.0
5988238,0.8102661227661229,0.5666666666666667,0.18973387723387725,0.5266666666666667,0.0
5991614,0.9656001984126984,0.4727574131680898,0.03439980158730157,0.9533333333333336,0.0
2035349,1.2955555555555556,0.5666666666666668,-0.2955555555555556,0.0,1.0
2582128,1.4476393976393975,0.6574828108770782,-0.4476393976393977,0.0,1.0
5988187,1.1336385836385838,0.6666666666666666,-0.13363858363858366,0.8666666666666667,0.0
5997839,0.8093033509700177,0.4666666666666666,0.1906966490299824,0.5866666666666667,0.0
5986573,1.4132187257187256,0.4333333333333333,-0.4132187257187257,0.2933333333333333,0.0
2275651,1.076190476190476,0.6,-0.07619047619047621,0.0,1.0
5997792,0.5777777777777778,0.6666666666666666,0.4222222222222222,0.5199999999999999,0.0
3439092,1.0381944444444444,0.6000000000000001,-0.03819444444444444,0.0,1.0
5978971,0.9526633215324396,0.5,-0.16598285501726806,1.3541438455209245,0.0
5987380,1.2166666666666666,0.5666666666666667,-0.21666666666666667,1.18,0.0
5986304,0.9853696895424836,0.7000000000000001,0.01463031045751639,1.4200000000000002,0.0
2113437,1.3194444444444444,0.5,-0.3194444444444444,0.0,1.0
5992796,0.5694444444444444,0.6333333333333333,0.4305555555555555,0.8466666666666667,0.0
5993594,1.4060185185185186,0.7000000000000001,-0.40601851851851856,1.7000000000000002,0.0
2335674,1.3724867724867726,0.5666666666666668,-0.3724867724867725,0.0,1.0
5981563,0.4784493284493285,0.6333333333333334,0.5215506715506716,1.3066666666666666,0.0
5990273,1.3006604506604509,0.5333333333333333,-0.30066045066045066,0.94,0.0
5992745,1.3051091269841268,0.4885559476865846,-0.305109126984127,0.6066666666666666,0.0
5979949,1.0388888888888892,0.6000000000000001,-0.03888888888888886,1.5424229012620152,0.0
5993742,0.898989898989899,0.4,0.101010101010101,0.4400000000000001,0.0
5994905,1.2832722832722832,0.6333333333333333,-0.2832722832722833,1.413333333333333,0.0
5994076,0.7986111111111112,0.6333333333333333,0.20138888888888887,0.82,0.0
5991266,1.4661551411551412,0.43333333333333335,-0.4661551411551412,0.9066666666666668,0.0
5988382,0.8001683501683502,0.6666666666666666,0.19983164983164992,1.346666666666667,0.0
5984609,1.1094246031746031,0.6333333333333334,-0.10942460317460316,0.46,0.0
1646219,1.5527777777777778,0.6,-0.5527777777777777,0.0,1.0
5982229,1.0666666666666669,0.6666666666666666,-0.0666666666666667,0.3333333333333333,0.0
3312898,1.2689814814814817,0.4666666666666666,-0.2689814814814815,0.0,1.0
3256536,0.7398148148148148,0.6,0.2601851851851852,0.0,1.0
5982219,0.5416666666666666,0.6666666666666666,0.4583333333333333,0.30666666666666664,0.0
5986194,1.143154761904762,0.4666666666666666,-0.14315476190476192,1.106666666666667,0.0
5998738,1.366666666666667,0.5,-0.3666666666666667,1.26,0.0
5996034,1.1423066448801744,0.6333333333333334,-0.1423066448801743,0.44,0.0
3220607,1.2027777777777782,0.6666666666666666,-0.20277777777777772,0.0,1.0
5978051,1.14520757020757,0.6333333333333333,-0.14520757020757022,0.6,0.0
5985828,1.4558663558663558,0.6999999999999998,-0.45586635586635604,0.48,0.0
5986133,1.2416666666666665,0.6000000000000001,-0.2416666666666667,0.9266666666666667,0.0
5987692,1.7419719169719172,0.5666666666666668,-0.741971916971917,0.7666666666666666,0.0
5983997,1.8081454248366011,0.6333333333333333,-0.8081454248366012,1.0533333333333332,0.0
5997615,1.6163299663299664,0.6999999999999998,-0.6163299663299663,0.6133333333333333,0.0
5983871,1.5083333333333335,0.5333333333333333,-0.5083333333333333,0.6666666666666666,0.0
5981038,0.9808862433862434,0.6666666666666666,0.019113756613756614,1.08,0.0
5986776,2.185121555959201,0.6666666666666666,-0.940319382887778,2.2328370849871315,0.0
5987513,0.7811050061050061,0.6,0.21889499389499387,1.4,0.0
5990981,1.0694444444444444,0.6333333333333333,-0.06944444444444442,1.6266666666666667,0.0
3129843,1.1456535947712418,0.6333333333333333,-0.14565359477124182,0.0,1.0
1751487,0.6493881118881119,0.6,0.3506118881118881,0.0,1.0
5995928,1.1333333333333333,0.6333333333333333,-0.13333333333333333,0.9066666666666668,0.0
2513911,1.131144781144781,0.5333333333333333,-0.13114478114478115,0.0,1.0
5978729,1.6225885225885224,0.5666666666666668,-0.6225885225885225,1.22,0.0
2137519,0.9762973137973138,0.4666666666666666,0.02370268620268619,0.0,1.0
5983359,1.0472222222222225,0.6666666666666666,-0.04722222222222222,1.906666666666667,0.0
5981688,1.6225757575757571,0.6666666666666666,-0.6225757575757576,1.0266666666666666,0.0
5995736,0.8175148925148926,0.5666666666666667,0.1824851074851075,0.4466666666666667,0.0
5978068,1.0947420634920637,0.6666666666666666,-0.09474206349206347,0.82,0.0
5994098,1.295496632996633,0.5666666666666667,-0.6206617484346885,1.1933333333333334,0.0
5987516,0.8000000000000002,0.7666666666666666,0.2,0.8999999999999999,0.0
5978976,1.6354828042328042,0.6333333333333334,-0.6354828042328042,0.8533333333333334,0.0
5991187,1.0506944444444446,0.6333333333333333,-0.05069444444444443,0.52,0.0
5986778,1.1345370370370371,0.7000000000000001,-0.13453703703703704,0.7439298145879278,0.0
2078976,0.9764957264957264,0.65,0.023504273504273504,0.0,1.0
5996864,1.432936507936508,0.4666666666666666,-0.432936507936508,0.4866666666666666,0.0
5980164,1.0417925160428256,0.6999999999999998,-0.2527692285744516,0.42353493120256097,0.0
5983329,0.8082491582491582,0.5333333333333333,0.1917508417508417,1.4466666666666663,0.0
2119567,1.2271825396825398,0.7333333333333334,-0.2271825396825397,0.0,1.0
5984217,1.3432539682539684,0.6333333333333333,-0.3432539682539682,1.46,0.0
5997974,1.352777777777778,0.6000000000000001,-0.3527777777777778,0.8733333333333332,0.0
5984142,1.1453296703296705,0.6,-0.14532967032967034,0.7733333333333334,0.0
5980705,1.2375,0.5666666666666668,-0.2375,0.4466666666666667,0.0
3373933,1.4527777777777775,0.5,-0.4527777777777778,0.0,1.0
1941979,0.6833333333333335,0.5333333333333333,0.3166666666666667,0.0,1.0
2926269,1.7794178725462342,0.96070945404813,-0.5583807367920551,0.0,1.0
5988321,1.1817460317460318,0.5333333333333333,-0.18174603174603174,0.5333333333333333,0.0
5996370,0.9520424836601308,0.6666666666666666,-0.058057157387839314,0.25999999999999995,0.0
2508562,1.2905588624338626,0.5666666666666668,-0.2905588624338624,0.0,1.0
5992052,1.6127169127169128,0.6333333333333333,-0.6127169127169126,1.2466666666666668,0.0
2109772,0.8921296296296296,0.5,0.10787037037037038,0.0,1.0
5991070,0.9387667887667888,0.5333333333333333,-0.2203192675207601,0.18000000000000002,0.0
5995689,0.7106481481481483,0.7333333333333334,0.28935185185185186,0.5800000000000001,0.0
5990586,1.455921855921856,0.5333333333333333,-0.4559218559218559,0.2933333333333333,0.0
1635213,0.9701884920634921,0.5666666666666665,0.029811507936507962,0.0,1.0
2307977,1.4679545454545453,0.6499999999999999,-0.4679545454545454,0.0,1.0
2738140,1.5228174603174605,0.6666666666666666,-0.5228174603174603,0.0,1.0
5984995,0.943157679738562,0.7000000000000001,0.056842320261437915,1.0666666666666669,0.0
3384598,0.587037037037037,0.5666666666666668,0.412962962962963,0.0,1.0
2062819,0.9722222222222224,0.6,0.02777777777777779,0.0,1.0
5981629,0.7673611111111109,0.6333333333333334,0.2326388888888889,0.12,0.0
5996467,0.9199735449735451,0.5070431951163304,0.08002645502645503,2.32,0.0
5983368,0.9702075702075702,0.6333333333333334,0.029792429792429763,0.09333333333333332,0.0
5985768,1.4734737484737483,0.7333333333333334,-0.4734737484737484,0.8466666666666667,0.0
5983652,0.8076159951159951,0.5666666666666667,0.1923840048840049,0.4733333333333333,0.0
2817691,1.2392857142857143,0.4666666666666666,-0.2392857142857143,0.0,1.0
1719442,1.4643954248366011,0.5333333333333333,-0.4643954248366013,0.0,1.0
5988779,1.381746031746032,0.6333333333333334,-0.3817460317460317,0.7399999999999999,0.0
2252648,1.1109126984126985,0.4666666666666666,-0.11091269841269842,0.0,1.0
5987291,1.3966269841269843,0.5,-0.3966269841269841,0.48,0.0
5995545,1.4,0.6,-0.4,1.2866666666666668,0.0
2957749,1.3483333333333334,0.6666666666666666,-0.3483333333333333,0.0,1.0
5984918,1.1143939393939395,0.6666666666666666,-0.1143939393939394,1.24,0.0
5990967,1.4037698412698412,0.7333333333333333,-0.4037698412698412,0.8133333333333334,0.0
5994640,0.638973063973064,0.5666666666666668,0.361026936026936,0.7733333333333334,0.0
5990501,0.736574074074074,0.5666666666666668,0.26342592592592595,1.06,0.0
5978543,1.41969696969697,0.6666666666666666,-0.4196969696969697,1.54,0.0
3232687,1.2943627450980393,0.5,-0.2943627450980392,2.7802557837458313,1.0
2913384,1.4343610093610095,0.5,-0.43436100936100935,0.0,1.0
5996596,1.2360325963009318,3.828549351592489,0.07222222222222223,1.4,0.0
5986082,0.6504680504680506,0.6666666666666666,0.3495319495319495,0.52,0.0
2817544,1.1351953601953602,0.6,-0.1351953601953602,0.0,1.0
5982258,1.4347985347985348,0.5,-0.4347985347985348,0.8333333333333334,0.0
5987078,1.6063988095238095,0.6,-0.6063988095238095,2.04,0.0
5998756,0.910051239429592,0.6333333333333334,0.027031738402059916,0.4056244667474776,0.0
5997069,0.9976856268171358,0.6333333333333333,-0.31048124700348195,0.16,0.0
5979885,0.9771978021978024,0.6666666666666666,0.022802197802197798,0.5733333333333334,0.0
2685077,1.5074074074074073,0.5666666666666667,-0.5074074074074074,0.0,1.0
5990059,1.3025252525252526,0.7333333333333334,-0.3025252525252525,0.2933333333333333,0.0
5981538,1.4463624338624341,0.5666666666666667,-0.44636243386243385,0.7999999999999999,0.0
5995498,1.3694444444444445,0.5382523695892619,-0.3694444444444445,2.0666666666666664,0.0
5983281,1.2946428571428572,0.6333333333333333,-0.29464285714285715,0.6666666666666666,0.0
5982710,1.0650392817059482,0.6333333333333334,-0.06503928170594837,0.6933333333333334,0.0
5978115,0.973148148148148,0.6,0.02685185185185186,1.0733333333333337,0.0
5986153,0.5944444444444444,0.6,0.4055555555555555,0.6266666666666666,0.0
3114112,1.772222222222222,0.5333333333333333,-0.7722222222222221,0.0,1.0
2970506,0.6249999999999999,0.5666666666666668,0.375,0.0,1.0
5986100,12.291676587301591,0.6,-0.41722222222222216,0.13333333333333333,0.0
2224356,0.9744934640522877,0.6333333333333333,0.025506535947712426,0.0,1.0
2343644,1.4180555555555554,0.6,-0.4180555555555556,0.0,1.0
2546048,0.7920024420024421,0.5666666666666665,0.207997557997558,0.0,1.0
5991402,1.1864583333333334,0.6,-0.18645833333333334,0.6100000000000001,0.0
5996600,0.2731481481481481,0.5666666666666668,0.7268518518518517,1.28,0.0
5982605,0.9499559082892416,0.7493851034554303,0.050044091710758375,1.5933333333333335,0.0
2047275,1.3081705331705331,0.6666666666666666,-0.3081705331705332,0.0,1.0
5981448,1.4768009768009769,0.6,-0.4768009768009768,0.6466666666666666,0.0
1613843,7.213509616742271,0.4333333333333333,-0.09160052910052907,3.75979898237281,1.0
5998919,1.5376984126984128,0.5,-0.5376984126984127,0.62,0.0
5992219,1.4088966588966587,0.4,-0.4088966588966589,0.5533333333333333,0.0
5989407,1.4019841269841269,0.5333333333333333,-0.4019841269841269,0.34,0.0
2665300,0.6666666666666666,0.7000000000000001,0.3333333333333333,0.0,1.0
1771420,1.9236060236060242,0.6,-0.9236060236060236,0.0,1.0
5992583,1.255050505050505,0.7666666666666666,-0.25505050505050497,0.94,0.0
5993802,0.9757575757575756,0.5333333333333333,0.02424242424242425,1.02,0.0
5978094,0.9463804713804714,0.5,0.05361952861952863,0.5599999999999999,0.0
5989690,0.7361111111111112,0.5333333333333333,0.2638888888888889,0.8666666666666667,0.0
5979436,0.9625864875864876,0.5666666666666668,0.037413512413512366,0.8866666666666667,0.0
5989664,1.1297558922558923,0.5333333333333333,-0.12975589225589226,1.08,0.0
5985998,0.7885521885521886,0.6999999999999998,0.2114478114478114,0.38,0.0
5987756,1.013888888888889,0.6666666666666666,-0.013888888888888876,1.0066666666666666,0.0
5982054,1.1260858585858586,0.7000000000000001,-0.12608585858585858,0.86,0.0
5978219,1.0555555555555556,0.5,-0.11785289146013382,0.44,0.0
2997447,1.2677146659351852,0.6,0.06284749755273754,0.0,1.0
1814363,0.4931781045751634,0.6,0.5068218954248366,0.0,1.0
3344949,0.9584722222222224,0.5666666666666668,0.041527777777777775,0.0,1.0
1565909,1.6374183006535947,0.6666666666666666,-0.6374183006535947,0.0,1.0
1860004,0.6275252525252525,0.6046274761402571,0.37247474747474746,0.0,1.0
2511416,0.973876633986928,0.6000000000000001,0.026123366013071896,0.0,1.0
5997953,18.44056492223387,0.6666666666666666,-0.7492063492063492,0.5933333333333334,0.0
5978267,0.9437710437710436,0.6666666666666666,0.05622895622895623,0.4266666666666666,0.0
5998539,1.4244318181818183,0.6000000000000001,-0.4244318181818181,0.5133333333333333,0.0
3312658,0.8212520424836601,0.5666666666666665,0.17874795751633987,0.0,1.0
5993602,4.596811912129831,0.6333333333333334,0.3796296296296296,0.7533333333333333,0.0
5981455,1.2922299922299922,0.6333333333333334,-0.29222999222999224,0.3133333333333333,0.0
5992481,0.8055555555555555,0.43333333333333335,0.19444444444444445,1.2333333333333334,0.0
2937884,1.4418365769711257,0.5666666666666668,-0.7435185185185184,0.0,1.0
5998308,0.808060515873016,0.6,0.1919394841269841,0.32,0.0
5984498,1.4513640873015874,0.5333333333333333,-0.4513640873015874,0.96,0.0
5988528,1.290986790986791,1.2246068944275732,-0.29098679098679103,0.2933333333333333,0.0
3158095,0.9241161616161616,0.7000000000000001,0.07588383838383839,0.0,1.0
1894181,1.2506105006105006,0.7000000000000001,-0.2506105006105006,0.0,1.0
5982224,1.144345238095238,0.6000000000000001,-0.1443452380952381,0.32666666666666666,0.0
2547153,1.2656746031746031,0.5333333333333333,-0.2656746031746032,0.0,1.0
5998614,0.922053872053872,0.5,0.07794612794612794,1.2533333333333332,0.0
5994665,0.4513888888888888,0.5333333333333333,0.548611111111111,0.6133333333333334,0.0
5989222,1.0069444444444444,1.0490636328075649,-0.006944444444444438,1.3333333333333333,0.0
5987086,0.8736111111111112,0.6333333333333334,0.12638888888888888,1.4733333333333334,0.0
5982528,1.0092592592592593,0.6999999999999998,-0.009259259259259264,5.624800392751058,0.0
5978247,1.0388888888888888,0.7000000000000001,-0.03888888888888888,0.7466666666666667,0.0
5983711,0.625,0.6333333333333333,0.375,0.9066666666666668,0.0
1959807,0.9614413364413364,0.6999999999999998,0.03855866355866359,0.568502486495318,1.0
5983782,1.8126984126984127,0.5333333333333333,-0.8126984126984126,1.18,0.0
5982083,0.9612794612794612,0.6333333333333333,0.03872053872053873,0.9266666666666667,0.0
5981797,1.3039419934640522,0.5333333333333333,-0.3039419934640523,0.82,0.0
5997355,1.027777777777778,0.5666666666666667,-0.02777777777777778,1.0799999999999998,0.0
5991496,1.1517565359477124,0.7666666666666666,-0.15175653594771246,0.94,0.0
2352293,1.1432688492063492,0.7068859926979086,-0.14326884920634922,0.0,1.0
5998952,0.6436683006535948,0.5666666666666665,0.3563316993464052,0.30000000000000004,0.0
5999005,1.3056043956043957,0.6333333333333333,-0.3056043956043956,0.8266666666666668,0.0
5987266,1.1218253968253968,0.43333333333333335,-0.1218253968253968,0.9333333333333332,0.0
2404801,0.6563690476190477,0.6333333333333333,0.3436309523809524,0.0,1.0
5982007,1.9452075702075704,0.6333333333333333,-0.9452075702075704,0.9266666666666667,0.0
5978938,1.5699404761904765,0.6,-0.5699404761904762,0.22,0.0
5991521,0.8116815476190476,0.6,0.1883184523809524,0.8266666666666667,0.0
5997082,0.952157738095238,0.7333333333333334,0.04784226190476189,0.08,0.0
5990811,1.1140873015873016,0.6,-0.11408730158730157,0.8599999999999999,0.0
3113963,1.3706349206349209,0.6333333333333333,-0.3706349206349207,0.0,1.0
5982980,1.4252976190476192,0.5333333333333333,-0.42529761904761904,0.9133333333333334,0.0
2403060,0.9007936507936508,0.6666666666666666,0.09920634920634924,0.0,1.0
5999524,1.3784781891908684,0.6333333333333333,-0.4650735294117647,2.08,0.0
5982390,1.0111111111111113,0.6,-0.011111111111111108,0.8799999999999999,0.0
5987991,1.6131944444444446,24.885716611430908,-0.6131944444444445,3.4058648273712104,0.0
5992818,0.9479166666666666,0.6333333333333333,0.052083333333333336,1.4933333333333334,0.0
5980718,1.952266252266252,0.7333333333333334,-0.9522662522662522,1.16,0.0
1740489,0.9027777777777776,0.6999999999999998,0.0972222222222222,0.0,1.0
1713387,0.8583333333333334,0.6999999999999998,0.14166666666666666,0.0,1.0
5998135,1.292693602693603,0.6666666666666666,-0.2926936026936027,0.7600000000000001,0.0
5990522,0.3055555555555556,0.8270866591608161,0.6944444444444445,0.4718804117772293,0.0
1788239,1.1285353535353535,0.6333333333333334,-0.12853535353535353,0.0,1.0
5997635,0.7995177045177044,0.5333333333333333,0.2004822954822955,1.2533333333333332,0.0
5995644,1.8373015873015872,0.4666666666666666,-0.8373015873015873,1.0333333333333334,0.0
5985163,0.8154151404151403,0.7000000000000001,0.1845848595848596,0.4733333333333333,0.0
2462132,0.8333333333333333,0.55,0.16666666666666666,0.0,1.0
2613758,0.4780753968253969,0.6,0.5219246031746032,0.0,1.0
5993167,0.9611111111111112,0.5333333333333333,0.03888888888888889,1.0333333333333334,0.0
5994348,1.532076719576719,0.6666666666666666,-0.5320767195767195,1.5333333333333332,0.0
5982101,0.9767676767676768,0.6333333333333333,0.023232323232323236,1.2266666666666666,0.0
5992618,0.796001221001221,0.7333333333333334,0.20399877899877894,0.7399999999999999,0.0
5993530,0.8854166666666666,0.65,0.11458333333333336,0.27,0.0
5987754,1.1466666666666667,0.7666666666666666,-0.14666666666666667,0.3866666666666667,0.0
5985587,1.4171957671957671,0.5666666666666667,-0.4171957671957671,1.5533333333333337,0.0
2931691,0.9263888888888888,0.5666666666666668,0.07361111111111111,0.0,1.0
5985294,1.2292438271604942,0.4666666666666666,-0.22924382716049385,2.1133333333333333,0.0
5999258,1.1144383394383397,0.6,-0.11443833943833948,0.04666666666666667,0.0
2276799,1.5055555555555555,0.6666666666666666,-0.5055555555555555,0.0,1.0
5979604,1.416898148148148,2.228255848520333,-0.4168981481481481,0.9933333333333332,0.0
2532072,1.1189865689865688,0.5,-0.118986568986569,0.0,1.0
5993790,1.4544094794094793,0.6,-0.4544094794094794,0.9733333333333336,0.0
5986124,0.9723850223850224,0.6666666666666666,0.027614977614977568,0.62,0.0
5996451,1.173611111111111,0.4666666666666666,-0.17361111111111113,0.5266666666666667,0.0
5978734,1.1145604395604396,0.5666666666666668,-0.11456043956043956,1.28,0.0
2368182,1.4056672494172495,0.6333333333333333,-0.4056672494172495,0.0,1.0
5998602,1.4288664421997754,0.4968598000902834,-0.4288664421997755,0.7466666666666666,0.0
5994572,1.2996282679738564,0.6666666666666666,-0.2996282679738562,0.3533333333333333,0.0
5982305,1.293800505050505,0.7666666666666666,-0.2938005050505051,0.26666666666666666,0.0
5993005,0.4825571895424837,0.5666666666666668,0.5174428104575163,0.6,0.0
2322677,0.9027777777777776,0.6333333333333333,-0.1974500032892573,0.0,1.0
5983347,1.0638888888888889,0.4666666666666666,-0.06388888888888884,1.1466666666666667,0.0
5984813,1.7241758241758245,0.7,-0.7241758241758242,0.14,0.0
5991929,1.3004334554334551,0.9183518212551572,-0.30043345543345545,0.25999999999999995,0.0
5980289,1.2892195767195769,0.5666666666666668,-0.2892195767195767,0.68,0.0
1699580,1.6242238562091504,0.6000000000000001,-0.6242238562091503,0.0,1.0
1692197,0.7916666666666666,0.5666666666666668,0.20833333333333331,0.0,1.0
5983883,1.248015873015873,0.6666666666666666,-0.24801587301587305,0.20666666666666667,0.0
5990464,1.2531746031746032,0.6,-0.2531746031746032,1.1666666666666667,0.0
5994910,8.102488585348434,0.5666666666666668,0.03811728395061728,0.4933333333333334,0.0
5980654,0.9250000000000002,0.6333333333333333,0.075,0.7133333333333333,0.0
2807153,1.3033496732026144,0.6,-0.3033496732026144,0.0,1.0
5991303,0.9567238562091503,0.5333333333333333,0.04327614379084969,0.5933333333333334,0.0
5981887,1.114484126984127,0.5666666666666667,-0.11448412698412698,1.4333333333333331,0.0
1738132,1.5725898692810458,0.6666666666666666,-0.5725898692810457,0.0,1.0
2825954,0.944675925925926,0.6999999999999998,0.05532407407407408,0.0,1.0
5983000,0.9088955026455028,0.43333333333333335,0.09110449735449737,0.6999999999999998,0.0
5985367,1.1595238095238096,0.6999999999999998,-0.1595238095238095,1.0466666666666666,0.0
5995568,1.2793835793835793,0.5333333333333333,-0.2793835793835793,0.44,0.0
5989668,1.1069444444444445,0.5666666666666667,-0.10694444444444444,0.5733333333333334,0.0
2436743,0.6424873737373737,0.6333333333333333,0.35751262626262625,0.0,1.0
5989418,1.3998015873015872,0.5333333333333333,-0.3998015873015873,0.4666666666666666,0.0
5993486,1.5742424242424242,0.4666666666666666,-0.5742424242424242,0.3800000000000001,0.0
5995355,0.7861111111111111,0.7000000000000001,0.21388888888888888,0.7599999999999999,0.0
5986469,1.225,0.5333333333333333,-0.225,0.8466666666666667,0.0
5994131,0.799537037037037,0.6333333333333333,0.20046296296296293,0.6066666666666667,0.0
2189988,0.7849867724867724,0.5333333333333333,0.2150132275132275,0.0,1.0
5979292,0.8003968253968253,0.6666666666666666,0.19960317460317464,1.153333333333333,0.0
5979010,0.8506944444444443,0.7333333333333334,0.14930555555555555,0.84,0.0
5993128,1.0823232323232324,0.6,-0.08232323232323231,1.4266666666666667,0.0
5993710,0.8305555555555556,0.6666666666666666,0.16944444444444448,1.6933333333333334,0.0
5990580,0.6851851851851851,0.5666666666666667,0.3148148148148148,0.7866666666666667,0.0
5987482,1.0527777777777778,0.6333333333333333,-0.052777777777777785,1.2666666666666666,0.0
5991045,0.7777777777777778,0.7666666666666666,0.2222222222222222,0.3533333333333333,0.0
5980469,1.2551587301587304,0.5666666666666668,-0.2551587301587301,1.5533333333333337,0.0
5996996,0.6944444444444443,0.6999999999999998,0.3055555555555556,0.5133333333333333,0.0
5979226,1.1451933551198257,0.4666666666666666,-0.14519335511982573,1.34,0.0
2570741,1.4378451178451181,0.5,-0.43784511784511776,0.0,1.0
5990130,1.0555555555555556,0.5666666666666668,-0.055555555555555546,0.4866666666666666,0.0
